"method","distribution","seed","N","n1","n2","delta","scale1","scale2","null","power0.01","l_CI","u_CI","power0.05","l_CI","u_CI","power0.10","l_CI","u_CI","ct_0.10","ct_0.05","ct_0.01"
"CVM","Cauchy",6960792,10000,10,10,0,1,1,1,0.0089,0.00648064499126234,0.0113193550087377,0.0549,0.0504354146980487,0.0593645853019513,0.107,0.101915087072771,0.112084912927229,1070,549,89
"CVM","Cauchy",31313867,10000,10,10,0,0.5,0.5,1,0.0092,0.00674057959837363,0.0116594204016264,0.0484,0.0441936445525372,0.0526063554474628,0.0988,0.0938914302559299,0.10370856974407,988,484,92
"CVM","Cauchy",128255,10000,10,10,0,2,2,1,0.009,0.00656721381654696,0.011432786183453,0.0482,0.0440019032739109,0.0523980967260891,0.1007,0.0957496838681984,0.105650316131802,1007,482,90
"CVM","Cauchy",47454,10000,10,10,0.5,1,1,0,0.0257,0.0216237691489593,0.0297762308510407,0.0917,0.0860434009495458,0.0973565990504543,0.1624,0.156332954540338,0.168467045459662,1624,917,257
"CVM","Cauchy",49451,10000,10,10,0.5,0.5,0.5,0,0.0836,0.076469967036773,0.090730032963227,0.225,0.21681538638664,0.23318461361336,0.3312,0.323457892476696,0.338942107523304,3312,2250,836
"CVM","Cauchy",111265,10000,10,10,0.5,2,2,0,0.0129,0.00999315891531993,0.0158068410846801,0.0599,0.0552488910915353,0.0645511089084647,0.1143,0.109066016613059,0.119533983386941,1143,599,129
"CVM","Cauchy",70644154,10000,10,10,0.5,0.5,2,0,0.0338,0.029144806632732,0.038455193367268,0.1364,0.129673028722642,0.143126971277358,0.2551,0.2479291585742,0.2622708414258,2551,1364,338
"CVM","Cauchy",46554,10000,10,10,0.5,1,2,0,0.0202,0.0165759827102929,0.0238240172897071,0.0843,0.0788543908695537,0.0897456091304463,0.1619,0.155840493621179,0.167959506378821,1619,843,202
"CVM","Cauchy",59804,10000,10,10,1,1,1,0,0.082,0.074932364793115,0.089067635206885,0.2196,0.211486077231425,0.227713922768575,0.3248,0.317096463770553,0.332503536229447,3248,2196,820
"CVM","Cauchy",85860339,10000,10,10,1,0.5,0.5,0,0.3066,0.294722532449055,0.318477467550945,0.5691,0.559394037451628,0.578805962548372,0.7007,0.693166699016714,0.708233300983286,7007,5691,3066
"CVM","Cauchy",33762815,10000,10,10,1,2,2,0,0.0276,0.0233798987112364,0.0318201012887636,0.0976,0.0917832483258781,0.103416751674122,0.1661,0.159977797287661,0.172222202712339,1661,976,276
"CVM","Cauchy",437965,10000,10,10,1,0.5,2,0,0.0833,0.0761816067749009,0.0904183932250991,0.2435,0.235087791654981,0.251912208345019,0.3876,0.379585519482861,0.395614480517139,3876,2435,833
"CVM","Cauchy",12448331,10000,10,10,1,1,2,0,0.0402,0.035140014666494,0.045259985333506,0.1459,0.138981083678032,0.152818916321968,0.2414,0.234360513922231,0.248439486077769,2414,1459,402
"CVM","Cauchy",2663472,10000,10,10,1.5,1,1,0,0.1802,0.170299042210488,0.190100957789512,0.3977,0.388107312462422,0.407292687537578,0.5345,0.526294602972776,0.542705397027224,5345,3977,1802
"CVM","Cauchy",9838276,10000,10,10,1.5,0.5,0.5,0,0.5435,0.530668836947244,0.556331163052756,0.7908,0.782827945816943,0.798772054183057,0.8823,0.876998945449934,0.887601054550066,8823,7908,5435
"CVM","Cauchy",27879,10000,10,10,1.5,2,2,0,0.0459,0.0405092505236708,0.0512907494763292,0.146,0.139079118160234,0.152920881839766,0.2387,0.231687545979347,0.245712454020653,2387,1460,459
"CVM","Cauchy",4845307,10000,10,10,1.5,0.5,2,0,0.1579,0.148506687791307,0.167293312208693,0.3741,0.364615762928395,0.383584237071605,0.5331,0.52489304257383,0.541306957426171,5331,3741,1579
"CVM","Cauchy",2526599,10000,10,10,1.5,1,2,0,0.0894,0.0820501505884226,0.0967498494115774,0.2413,0.232913711969554,0.249686288030446,0.3603,0.352402562298076,0.368197437701924,3603,2413,894
"CVM","Cauchy",75242766,10000,10,10,2,1,1,0,0.3107,0.298778782145746,0.322621217854254,0.5578,0.54806570069776,0.56753429930224,0.6923,0.684707639584571,0.699892360415429,6923,5578,3107
"CVM","Cauchy",305291388,10000,10,10,2,0.5,0.5,0,0.7158,0.704181401545112,0.727418598454888,0.906,0.900280157149012,0.911719842850988,0.9575,0.954181592176303,0.960818407823697,9575,9060,7158
"CVM","Cauchy",79878,10000,10,10,2,2,2,0,0.0844,0.0772390610038024,0.0915609389961976,0.2322,0.223924176249726,0.240475823750274,0.3366,0.328826605804727,0.344373394195273,3366,2322,844
"CVM","Cauchy",198034711,10000,10,10,2,0.5,2,0,0.2556,0.244363541150057,0.266836458849943,0.5142,0.504403952941232,0.523996047058768,0.6625,0.654721502218656,0.670278497781344,6625,5142,2556
"CVM","Cauchy",1607553,10000,10,10,2,1,2,0,0.1531,0.143824239631639,0.162375760368361,0.356,0.346615221993036,0.365384778006964,0.4937,0.485475652926416,0.501924347073584,4937,3560,1531
"CVM","Cauchy",125848,10000,10,10,2.5,1,1,0,0.4325,0.419737908691754,0.445262091308246,0.7003,0.691320720172219,0.709279279827781,0.8085,0.802027228088417,0.814972771911583,8085,7003,4325
"CVM","Cauchy",84796564,10000,10,10,2.5,0.5,0.5,0,0.8178,0.80785640108888,0.827743598911119,0.9478,0.943440369572361,0.952159630427639,0.9798,0.977485749828584,0.982114250171416,9798,9478,8178
"CVM","Cauchy",18498,10000,10,10,2.5,2,2,0,0.1277,0.119102459237707,0.136297540762293,0.3127,0.303613572119166,0.321786427880834,0.4392,0.43103603619714,0.447363963802859,4392,3127,1277
"CVM","Cauchy",11698073,10000,10,10,2.5,0.5,2,0,0.3617,0.349322511392115,0.374077488607886,0.635,0.625563968842781,0.644436031157219,0.7716,0.764694262570326,0.778505737429674,7716,6350,3617
"CVM","Cauchy",1767282,10000,10,10,2.5,1,2,0,0.2391,0.228112486067115,0.250087513932885,0.4783,0.468509233794151,0.488090766205849,0.6167,0.608702167836296,0.624697832163704,6167,4783,2391
"CVM","Cauchy",13100084,10000,10,10,5,1,1,0,0.8218,0.811942137028069,0.831657862971931,0.9497,0.945416159593822,0.953983840406178,0.98,0.977697,0.982303,9800,9497,8218
"CVM","Cauchy",3652950,10000,10,10,5,0.5,0.5,0,0.9695,0.965070347221553,0.973929652778447,0.9955,0.994188153682781,0.996811846317219,0.9987,0.998107272464133,0.999292727535867,9987,9955,9695
"CVM","Cauchy",58639,10000,10,10,5,2,2,0,0.439,0.426216212308146,0.451783787691854,0.6942,0.685169389386227,0.703230610613774,0.8077,0.801216931866178,0.814183068133822,8077,6942,4390
"CVM","Cauchy",275005,10000,10,10,5,0.5,2,0,0.7505,0.739353038992371,0.761646961007629,0.9205,0.915197855833722,0.925802144166278,0.9689,0.966044477577399,0.971755522422601,9689,9205,7505
"CVM","Cauchy",366563676,10000,10,10,5,1,2,0,0.6192,0.606691368389407,0.631708631610593,0.8459,0.838823526197999,0.852976473802,0.9206,0.916152544219096,0.925047455780904,9206,8459,6192
"CVM","Cauchy",3768964,10000,10,10,5,0.5,1,0,0.9069,0.89941485185728,0.91438514814272,0.9806,0.977896646241721,0.983303353758279,0.9942,0.99295084371198,0.99544915628802,9942,9806,9069
"CVM","Cauchy",84561,10000,10,10,0.5,0.5,1,0,0.0462,0.0407925127325664,0.0516074872674336,0.1502,0.143197559922884,0.157202440077116,0.2471,0.240004697373757,0.254195302626243,2471,1502,462
"CVM","Cauchy",35606,10000,10,10,1,0.5,1,0,0.1531,0.143824239631639,0.162375760368361,0.3553,0.34591935911861,0.36468064088139,0.4854,0.477178507229761,0.493621492770239,4854,3553,1531
"CVM","Cauchy",18335271,10000,10,10,1.5,0.5,1,0,0.328,0.315906070932836,0.340093929067164,0.5883,0.578654029507737,0.597945970492263,0.7194,0.712009140398905,0.726790859601095,7194,5883,3280
"CVM","Cauchy",13440537,10000,10,10,2,0.5,1,0,0.4866,0.473724626296447,0.499475373703553,0.7413,0.732716759415605,0.749883240584395,0.8482,0.842297297132,0.854102702868,8482,7413,4866
"CVM","Cauchy",3167865,10000,10,10,2.5,0.5,1,0,0.6302,0.617764349394515,0.642635650605485,0.8483,0.841268894811084,0.855331105188916,0.9219,0.917485989857853,0.926314010142147,9219,8483,6302
"CVM","Cauchy",4489042,10000,20,20,0,1,1,1,0.0112,0.00848912745672984,0.0139108725432702,0.0513,0.046976064527586,0.055623935472414,0.1001,0.0951628074279025,0.105037192572098,1001,513,112
"CVM","Cauchy",284642669,10000,20,20,0,0.5,0.5,1,0.0096,0.00708818996570521,0.0121118100342948,0.0514,0.0470720803327234,0.0557279196672767,0.1009,0.095945321442114,0.105854678557886,1009,514,96
"CVM","Cauchy",19906,10000,20,20,0,2,2,1,0.0114,0.00866530694682127,0.0141346930531787,0.0509,0.0465920470719378,0.0552079529280622,0.0981,0.0932069506108179,0.102993049389182,981,509,114
"CVM","Cauchy",907741,10000,20,20,0.5,1,1,0,0.049,0.0434392399276358,0.0545607600723642,0.1522,0.14515939299026,0.15924060700974,0.2404,0.233370480953607,0.247429519046393,2404,1522,490
"CVM","Cauchy",12939628,10000,20,20,0.5,0.5,0.5,0,0.1947,0.184499823563427,0.204900176436573,0.4151,0.405442310272203,0.424757689727797,0.5457,0.537509427713232,0.553890572286768,5457,4151,1947
"CVM","Cauchy",66157004,10000,20,20,0.5,2,2,0,0.0173,0.0139412367841576,0.0206587632158424,0.0706,0.065579352206896,0.075620647793104,0.1285,0.12299507810052,0.13400492189948,1285,706,173
"CVM","Cauchy",665161,10000,20,20,0.5,0.5,2,0,0.0939,0.0863860773500452,0.101413922649955,0.3209,0.311750280186235,0.330049719813765,0.5303,0.522090116471546,0.538509883528454,5303,3209,939
"CVM","Cauchy",323737,10000,20,20,0.5,1,2,0,0.0358,0.0310140193810739,0.0405859806189261,0.1327,0.126050695739132,0.139349304260868,0.2341,0.227134494429191,0.241065505570809,2341,1327,358
"CVM","Cauchy",136429,10000,20,20,1,1,1,0,0.2023,0.191951829013662,0.212648170986338,0.4213,0.411622157675928,0.430977842324072,0.5419,0.533703930664948,0.550096069335052,5419,4213,2023
"CVM","Cauchy",117201053,10000,20,20,1,0.5,0.5,0,0.695,0.683139904647938,0.706860095352062,0.8791,0.872710183862551,0.885489816137449,0.9351,0.931047553601345,0.939152446398655,9351,8791,6950
"CVM","Cauchy",324770128,10000,20,20,1,2,2,0,0.0476,0.0421152223220058,0.0530847776779943,0.1487,0.14172646680874,0.15567353319126,0.2346,0.227629336228801,0.241570663771199,2346,1487,476
"CVM","Cauchy",16817764,10000,20,20,1,0.5,2,0,0.2347,0.22378262419445,0.24561737580555,0.5302,0.52041789231742,0.53998210768258,0.7063,0.698807746234492,0.713792253765508,7063,5302,2347
"CVM","Cauchy",108146,10000,20,20,1,1,2,0,0.1071,0.0991339687534391,0.115066031246561,0.2798,0.271001543626658,0.288598456373342,0.409,0.400912369586987,0.417087630413013,4090,2798,1071
"CVM","Cauchy",5860833,10000,20,20,1.5,1,1,0,0.4603,0.447460664270282,0.473139335729718,0.7098,0.700904450659257,0.718695549340743,0.8069,0.800406678641483,0.813393321358517,8069,7098,4603
"CVM","Cauchy",70039404,10000,20,20,1.5,0.5,0.5,0,0.9265,0.919777787454238,0.933222212545762,0.986,0.983697187667221,0.988302812332779,0.9942,0.99295084371198,0.99544915628802,9942,9860,9265
"CVM","Cauchy",1094002,10000,20,20,1.5,2,2,0,0.1128,0.104650871330626,0.120949128669374,0.2759,0.267139453576951,0.284660546423049,0.3942,0.386161243999729,0.402238756000271,3942,2759,1128
"CVM","Cauchy",6137307,10000,20,20,1.5,0.5,2,0,0.44,0.427213072275171,0.452786927724829,0.737,0.728370856533815,0.745629143466185,0.861,0.855309179619993,0.866690820380007,8610,7370,4400
"CVM","Cauchy",117244034,10000,20,20,1.5,1,2,0,0.2355,0.224569750908163,0.246430249091837,0.4814,0.471606783163516,0.491193216836484,0.618,0.61000733112221,0.62599266887779,6180,4814,2355
"CVM","Cauchy",663294,10000,20,20,2,1,1,0,0.6876,0.675660962802461,0.699539037197539,0.8748,0.868313467133083,0.881286532866917,0.9336,0.929504279013214,0.937695720986786,9336,8748,6876
"CVM","Cauchy",51693717,10000,20,20,2,0.5,0.5,0,0.9818,0.97835655566681,0.98524344433319,0.998,0.997124338330175,0.998875661669825,0.9995,0.999132258787495,0.999867741212506,9995,9980,9818
"CVM","Cauchy",567179,10000,20,20,2,2,2,0,0.2074,0.196955749761968,0.217844250238032,0.4282,0.418501569044345,0.437898430955655,0.5558,0.547626379857621,0.563973620142379,5558,4282,2074
"CVM","Cauchy",180481,10000,20,20,2,0.5,2,0,0.6413,0.628945016578422,0.653654983421578,0.8717,0.865145298443285,0.878254701556715,0.9406,0.936711683466704,0.944488316533296,9406,8717,6413
"CVM","Cauchy",352167337,10000,20,20,2,1,2,0,0.4065,0.393847204311837,0.419152795688163,0.67,0.660783830730721,0.679216169269279,0.7882,0.78147879571744,0.79492120428256,7882,6700,4065
"CVM","Cauchy",17276624,10000,20,20,2.5,1,1,0,0.8509,0.84172462248111,0.86007537751889,0.9568,0.952815181655132,0.960784818344868,0.9794,0.977063425878963,0.981736574121037,9794,9568,8509
"CVM","Cauchy",87265,10000,20,20,2.5,0.5,0.5,0,0.9949,0.993065065094717,0.996734934905283,0.9997,0.99936056896783,1.00003943103217,1,1,1,10000,9997,9949
"CVM","Cauchy",6398013,10000,20,20,2.5,2,2,0,0.3158,0.303825884127839,0.327774115872161,0.5652,0.555483677626097,0.574916322373903,0.687,0.679371898914048,0.694628101085952,6870,5652,3158
"CVM","Cauchy",18546006,10000,20,20,2.5,0.5,2,0,0.7919,0.781442760124695,0.802357239875305,0.9473,0.94292069545777,0.95167930454223,0.9797,0.977380146951685,0.982019853048315,9797,9473,7919
"CVM","Cauchy",129623,10000,20,20,2.5,1,2,0,0.5791,0.566382196689815,0.591817803310185,0.8097,0.802006259480227,0.817393740519773,0.8927,0.887608819076798,0.897791180923202,8927,8097,5791
"CVM","Cauchy",78100,10000,20,20,5,1,1,0,0.9958,0.994134070706442,0.997465929293558,0.9996,0.999208078407842,0.999991921592158,1,1,1,10000,9996,9958
"CVM","Cauchy",4339061,10000,20,20,5,0.5,0.5,0,1,1,1,1,1,1,1,1,1,10000,10000,10000
"CVM","Cauchy",64022,10000,20,20,5,2,2,0,0.8426,0.833218788006946,0.851981211993054,0.9545,0.950415398090389,0.958584601909611,0.9805,0.978225389670872,0.982774610329128,9805,9545,8426
"CVM","Cauchy",163986,10000,20,20,5,0.5,2,0,0.9915,0.989135160445527,0.993864839554473,0.9996,0.999208078407842,0.999991921592158,1,1,1,10000,9996,9915
"CVM","Cauchy",23714303,10000,20,20,5,1,2,0,0.9631,0.9582438204786,0.9679561795214,0.9948,0.993390303467551,0.99620969653245,0.9989,0.99835471537618,0.99944528462382,9989,9948,9631
"CVM","Cauchy",272808810,10000,20,20,5,0.5,1,0,0.9997,0.999253890643434,1.00014610935657,1,1,1,1,1,1,10000,10000,9997
"CVM","Cauchy",13760252,10000,20,20,0.5,0.5,1,0,0.1057,0.0977800039002676,0.113619996099732,0.2773,0.268525749411283,0.286074250588717,0.4069,0.398818839930742,0.414981160069258,4069,2773,1057
"CVM","Cauchy",1249740,10000,20,20,1,0.5,1,0,0.4184,0.405692682079379,0.431107317920621,0.6849,0.675794708457254,0.694005291542746,0.7963,0.789674788078727,0.802925211921273,7963,6849,4184
"CVM","Cauchy",177366,10000,20,20,1.5,0.5,1,0,0.7246,0.713092605777345,0.736107394222655,0.9063,0.900588346448742,0.912011653551258,0.9501,0.946518204107019,0.953681795892981,9501,9063,7246
"CVM","Cauchy",703251,10000,20,20,2,0.5,1,0,0.896,0.88813648837488,0.90386351162512,0.975,0.971939950980785,0.978060049019215,0.9906,0.989012626993079,0.992187373006921,9906,9750,8960
"CVM","Cauchy",210843,10000,20,20,2.5,0.5,1,0,0.959,0.95389204466989,0.96410795533011,0.9949,0.993503853876415,0.996296146123585,0.9985,0.99786337224819,0.99913662775181,9985,9949,9590
"CVM","Cauchy",303818510,10000,100,100,0,1,1,1,0.011,0.00831316902087236,0.0136868309791276,0.0512,0.0468800532862546,0.0555199467137454,0.0965,0.0916427144288837,0.101357285571116,965,512,110
"CVM","Cauchy",363084,10000,100,100,0,0.5,0.5,1,0.0101,0.00752425890101043,0.0126757410989896,0.0532,0.0488011311679478,0.0575988688320522,0.1019,0.0969235993001995,0.106876400699801,1019,532,101
"CVM","Cauchy",29627332,10000,100,100,0,2,2,1,0.0094,0.00691424141894994,0.0118857585810501,0.0523,0.0479364258922759,0.0566635741077241,0.1,0.095065,0.104935,1000,523,94
"CVM","Cauchy",41364,10000,100,100,0.5,1,1,0,0.314,0.302044362444838,0.325955637555162,0.5588,0.549068001754542,0.568531998245458,0.6817,0.674037316838811,0.689362683161189,6817,5588,3140
"CVM","Cauchy",26586,10000,100,100,0.5,0.5,0.5,0,0.9315,0.924992973520386,0.938007026479614,0.9847,0.982294231934371,0.987105768065629,0.9943,0.993061596844814,0.995538403155186,9943,9847,9315
"CVM","Cauchy",80760136,10000,100,100,0.5,2,2,0,0.0645,0.0581722747776472,0.0708277252223528,0.1871,0.179456161073492,0.194743838926508,0.278,0.270630179690793,0.285369820309207,2780,1871,645
"CVM","Cauchy",24622597,10000,100,100,0.5,0.5,2,0,0.9705,0.966141323504365,0.974858676495635,0.9983,0.997492558498961,0.999107441501039,1,1,1,10000,9983,9705
"CVM","Cauchy",232342,10000,100,100,0.5,1,2,0,0.3175,0.305508623158286,0.329491376841714,0.6637,0.654440118823138,0.672959881176862,0.8175,0.811146087682823,0.823853912317177,8175,6637,3175
"CVM","Cauchy",82212,10000,100,100,1,1,1,0,0.9294,0.922801434329063,0.935998565670937,0.9843,0.981863481910266,0.986736518089734,0.9941,0.992840184506773,0.995359815493227,9941,9843,9294
"CVM","Cauchy",149012,10000,100,100,1,0.5,0.5,0,1,1,1,1,1,1,1,1,1,10000,10000,10000
"CVM","Cauchy",84975,10000,100,100,1,2,2,0,0.3137,0.301747462429749,0.325652537570251,0.5607,0.550972484062126,0.570427515937874,0.6781,0.670414479898213,0.685785520101787,6781,5607,3137
"CVM","Cauchy",29578,10000,100,100,1,0.5,2,0,0.9977,0.996466015334578,0.998933984665422,0.9999,0.999704009800245,1.00009599019976,1,1,1,10000,9999,9977
"CVM","Cauchy",66928567,10000,100,100,1,1,2,0,0.7862,0.775638727973873,0.796761272026127,0.9434,0.938870896734408,0.947929103265592,0.9781,0.975692426307467,0.980507573692533,9781,9434,7862
"CVM","Cauchy",151467924,10000,100,100,1.5,1,1,0,0.9994,0.998769200767229,1.00003079923277,0.9999,0.999704009800245,1.00009599019976,1,1,1,10000,9999,9994
"CVM","Cauchy",107142415,10000,100,100,1.5,0.5,0.5,0,1,1,1,1,1,1,1,1,1,10000,10000,10000
"CVM","Cauchy",374118,10000,100,100,1.5,2,2,0,0.7076,0.695882675567613,0.719317324432387,0.8792,0.872812463744322,0.885587536255678,0.9297,0.925494525729389,0.933905474270611,9297,8792,7076
"CVM","Cauchy",263240867,10000,100,100,1.5,0.5,2,0,1,1,1,1,1,1,1,1,1,10000,10000,10000
"CVM","Cauchy",2995675,10000,100,100,1.5,1,2,0,0.9776,0.973788021308635,0.981411978691365,0.9974,0.996401892251107,0.998398107748893,0.9992,0.998734909885721,0.999665090114279,9992,9974,9776
"CVM","Cauchy",368686,10000,100,100,2,1,1,0,1,1,1,1,1,1,1,1,1,10000,10000,10000
"CVM","Cauchy",40569732,10000,100,100,2,0.5,0.5,0,1,1,1,1,1,1,1,1,1,10000,10000,10000
"CVM","Cauchy",26544,10000,100,100,2,2,2,0,0.9321,0.925619447999037,0.938580552000963,0.9848,0.982401985055593,0.987198014944407,0.9944,0.993172446373636,0.995627553626364,9944,9848,9321
"CVM","Cauchy",7919980,10000,100,100,2,0.5,2,0,1,1,1,1,1,1,1,1,1,10000,10000,10000
"CVM","Cauchy",31546,10000,100,100,2,1,2,0,0.9994,0.998769200767229,1.00003079923277,1,1,1,1,1,1,10000,10000,9994
"CVM","Cauchy",75703109,10000,100,100,2.5,1,1,0,1,1,1,1,1,1,1,1,1,10000,10000,10000
"CVM","Cauchy",21807442,10000,100,100,2.5,0.5,0.5,0,1,1,1,1,1,1,1,1,1,10000,10000,10000
"CVM","Cauchy",464583,10000,100,100,2.5,2,2,0,0.9916,0.989248993873988,0.993951006126012,0.9988,0.99812144358407,0.99947855641593,0.9998,0.999567385133966,1.00003261486603,9998,9988,9916
"CVM","Cauchy",28144790,10000,100,100,2.5,0.5,2,0,1,1,1,1,1,1,1,1,1,10000,10000,10000
"CVM","Cauchy",2027510,10000,100,100,2.5,1,2,0,0.9999,0.999642412880322,1.00015758711968,1,1,1,1,1,1,10000,10000,9999
"CVM","Cauchy",8504388,10000,100,100,5,1,1,0,1,1,1,1,1,1,1,1,1,10000,10000,10000
"CVM","Cauchy",13014836,10000,100,100,5,0.5,0.5,0,1,1,1,1,1,1,1,1,1,10000,10000,10000
"CVM","Cauchy",110183557,10000,100,100,5,2,2,0,1,1,1,1,1,1,1,1,1,10000,10000,10000
"CVM","Cauchy",60013192,10000,100,100,5,0.5,2,0,1,1,1,1,1,1,1,1,1,10000,10000,10000
"CVM","Cauchy",11575545,10000,100,100,5,1,2,0,1,1,1,1,1,1,1,1,1,10000,10000,10000
"CVM","Cauchy",9833433,10000,100,100,5,0.5,1,0,1,1,1,1,1,1,1,1,1,10000,10000,10000
"CVM","Cauchy",124344,10000,100,100,0.5,0.5,1,0,0.7819,0.771262261796864,0.792537738203136,0.942,0.937418628397521,0.946581371602479,0.9767,0.974218441848601,0.979181558151399,9767,9420,7819
"CVM","Cauchy",879851,10000,100,100,1,0.5,1,0,0.9993,0.998618693044967,0.999981306955033,1,1,1,1,1,1,10000,10000,9993
"CVM","Cauchy",5019960,10000,100,100,1.5,0.5,1,0,1,1,1,1,1,1,1,1,1,10000,10000,10000
"CVM","Cauchy",16421389,10000,100,100,2,0.5,1,0,1,1,1,1,1,1,1,1,1,10000,10000,10000
"CVM","Cauchy",30985,10000,100,100,2.5,0.5,1,0,1,1,1,1,1,1,1,1,1,10000,10000,10000
"CVM","Cauchy",17230347,10000,10,100,0,1,1,1,0.009,0.00656721381654696,0.011432786183453,0.0513,0.046976064527586,0.055623935472414,0.1009,0.095945321442114,0.105854678557886,1009,513,90
"CVM","Cauchy",137107510,10000,10,100,0,0.5,0.5,1,0.0105,0.00787428002833509,0.0131257199716649,0.0489,0.0446730842489588,0.0531269157510412,0.0975,0.0926203146890014,0.102379685310999,975,489,105
"CVM","Cauchy",5562369,10000,10,100,0,2,2,1,0.0097,0.00717526898390819,0.0122247310160918,0.0524,0.0480324866527508,0.0567675133472492,0.0989,0.0939892192707295,0.103810780729271,989,524,97
"CVM","Cauchy",71064,10000,10,100,0.5,1,1,0,0.0447,0.0393768401345426,0.0500231598654574,0.1418,0.134962640079563,0.148637359920437,0.2272,0.220307073898089,0.234092926101911,2272,1418,447
"CVM","Cauchy",39664158,10000,10,100,0.5,0.5,0.5,0,0.1932,0.18302973276832,0.20337026723168,0.4091,0.399463311828725,0.418736688171275,0.5341,0.525894150518869,0.542305849481131,5341,4091,1932
"CVM","Cauchy",32412,10000,10,100,0.5,2,2,0,0.0165,0.0132184803218021,0.0197815196781979,0.0699,0.0649024231473243,0.0748975768526757,0.1304,0.124860577846598,0.135939422153402,1304,699,165
"CVM","Cauchy",60355370,10000,10,100,0.5,0.5,2,0,0.0199,0.0163024437635217,0.0234975562364783,0.2057,0.197777440701288,0.213622559298711,0.4228,0.414673630737137,0.430926369262863,4228,2057,199
"CVM","Cauchy",208642,10000,10,100,0.5,1,2,0,0.0099,0.00734963120325236,0.0124503687967476,0.083,0.0775927084635652,0.0884072915364349,0.1768,0.170524335564229,0.183075664435771,1768,830,99
"CVM","Cauchy",1346505,10000,10,100,1,1,1,0,0.1838,0.173822610941601,0.193777389058399,0.4052,0.395577758124345,0.414822241875655,0.5309,0.522690721650049,0.539109278349951,5309,4052,1838
"CVM","Cauchy",107710831,10000,10,100,1,0.5,0.5,0,0.6468,0.634487642652141,0.659112357347859,0.845,0.837906668201755,0.852093331798245,0.907,0.902222386424427,0.911777613575573,9070,8450,6468
"CVM","Cauchy",375014,10000,10,100,1,2,2,0,0.0439,0.0386224813355608,0.0491775186644392,0.1455,0.138588956897834,0.152411043102166,0.2373,0.230301714681597,0.244298285318403,2373,1455,439
"CVM","Cauchy",32364,10000,10,100,1,0.5,2,0,0.1327,0.123960914400002,0.141439085599998,0.4739,0.464113360823735,0.483686639176265,0.6612,0.65341418597882,0.66898581402118,6612,4739,1327
"CVM","Cauchy",46093,10000,10,100,1,1,2,0,0.0629,0.0566459096594641,0.0691540903405359,0.2384,0.230048342713545,0.246751657286455,0.3789,0.37091988831463,0.38688011168537,3789,2384,629
"CVM","Cauchy",114667578,10000,10,100,1.5,1,1,0,0.4305,0.417745034131853,0.443254965868147,0.6733,0.664107472329245,0.682492527670755,0.7842,0.777432861868419,0.790967138131581,7842,6733,4305
"CVM","Cauchy",31499,10000,10,100,1.5,0.5,0.5,0,0.8937,0.885760221809833,0.901639778190167,0.9706,0.967289070906468,0.973910929093532,0.9873,0.985457988525341,0.989142011474659,9873,9706,8937
"CVM","Cauchy",281257922,10000,10,100,1.5,2,2,0,0.0986,0.0909203205486229,0.106279679451377,0.2529,0.244380387261477,0.261419612738523,0.3694,0.361460533308647,0.377339466691353,3694,2529,986
"CVM","Cauchy",7183029,10000,10,100,1.5,0.5,2,0,0.3782,0.365707999878107,0.390692000121893,0.7314,0.722712665310557,0.740087334689443,0.8542,0.848394702938531,0.860005297061469,8542,7314,3782
"CVM","Cauchy",2325951,10000,10,100,1.5,1,2,0,0.1937,0.183519736974073,0.203880263025927,0.4489,0.439151314059505,0.458648685940495,0.5978,0.589733876061955,0.605866123938045,5978,4489,1937
"CVM","Cauchy",3601274,10000,10,100,2,1,1,0,0.6477,0.635394787193287,0.660005212806713,0.8428,0.835665811080046,0.849934188919954,0.9107,0.906008850213458,0.915391149786542,9107,8428,6477
"CVM","Cauchy",136387070,10000,10,100,2,0.5,0.5,0,0.965,0.960265833395412,0.969734166604588,0.9925,0.99080896747518,0.99419103252482,0.9973,0.996446387641974,0.998153612358026,9973,9925,9650
"CVM","Cauchy",2749870,10000,10,100,2,2,2,0,0.1901,0.179992293642204,0.200207706357796,0.3983,0.38870486188856,0.40789513811144,0.5258,0.51758595707633,0.53401404292367,5258,3983,1901
"CVM","Cauchy",292211,10000,10,100,2,0.5,2,0,0.6372,0.624814390550723,0.649585609449277,0.8834,0.877109516261018,0.889690483738982,0.9437,0.939908272859003,0.947491727140997,9437,8834,6372
"CVM","Cauchy",45380894,10000,10,100,2,1,2,0,0.3668,0.354385450190918,0.379214549809082,0.6618,0.652527299036333,0.671072700963668,0.7783,0.771466829393409,0.785133170606591,7783,6618,3668
"CVM","Cauchy",2523248,10000,10,100,2.5,1,1,0,0.8152,0.80520163636792,0.82519836363208,0.9329,0.927996175964168,0.937803824035832,0.9654,0.962393524985785,0.968406475014215,9654,9329,8152
"CVM","Cauchy",124249941,10000,10,100,2.5,0.5,0.5,0,0.9881,0.98530668580069,0.990893314199309,0.9988,0.99812144358407,0.99947855641593,0.9997,0.999415120383714,0.999984879616286,9997,9988,9881
"CVM","Cauchy",1242864,10000,10,100,2.5,2,2,0,0.3066,0.294722532449055,0.318477467550945,0.5422,0.532434966845648,0.551965033154352,0.6653,0.657537483788373,0.673062516211627,6653,5422,3066
"CVM","Cauchy",72708,10000,10,100,2.5,0.5,2,0,0.8071,0.796935742797568,0.817264257202432,0.9473,0.94292069545777,0.95167930454223,0.9789,0.976535843107792,0.981264156892208,9789,9473,8071
"CVM","Cauchy",37129,10000,10,100,2.5,1,2,0,0.5611,0.548316529208861,0.573883470791139,0.8101,0.802412451480582,0.817787548519418,0.8881,0.882914246363355,0.893285753636645,8881,8101,5611
"CVM","Cauchy",232411,10000,10,100,5,1,1,0,0.9886,0.985865306946821,0.991334693053179,0.9991,0.998512264659562,0.999687735340438,0.9999,0.999735508225206,1.00006449177479,9999,9991,9886
"CVM","Cauchy",241519822,10000,10,100,5,0.5,0.5,0,0.9999,0.999642412880322,1.00015758711968,1,1,1,1,1,1,10000,10000,9999
"CVM","Cauchy",1907603,10000,10,100,5,2,2,0,0.805,0.794793869795069,0.815206130204931,0.9353,0.930478483260882,0.940121516739118,0.9674,0.964478689337455,0.970321310662545,9674,9353,8050
"CVM","Cauchy",344505,10000,10,100,5,0.5,2,0,0.9919,0.989591008611176,0.994208991388824,0.9991,0.998512264659562,0.999687735340438,0.9997,0.999415120383714,0.999984879616286,9997,9991,9919
"CVM","Cauchy",252906,10000,10,100,5,1,2,0,0.949,0.943332858545757,0.954667141454243,0.9908,0.988928701868328,0.992671298131672,0.9957,0.994623623063339,0.996776376936661,9957,9908,9490
"CVM","Cauchy",22249379,10000,10,100,5,0.5,1,0,0.9986,0.997636823989136,0.999563176010864,0.9997,0.99936056896783,1.00003943103217,1,1,1,10000,9997,9986
"CVM","Cauchy",2695992,10000,10,100,0.5,0.5,1,0,0.0629,0.0566459096594641,0.0691540903405359,0.2332,0.224911777592173,0.241488222407827,0.373,0.365044745304046,0.380955254695954,3730,2332,629
"CVM","Cauchy",21151,10000,10,100,1,0.5,1,0,0.3641,0.351704883567092,0.376495116432908,0.6492,0.639846479136838,0.658553520863162,0.7719,0.764997457880608,0.778802542119392,7719,6492,3641
"CVM","Cauchy",84355,10000,10,100,1.5,0.5,1,0,0.7035,0.691735045323742,0.715264954676258,0.8933,0.887248863523469,0.899351136476531,0.9442,0.940424147681397,0.947975852318603,9442,8933,7035
"CVM","Cauchy",51439,10000,10,100,2,0.5,1,0,0.8827,0.87441101358162,0.890988986418381,0.9688,0.96539238568943,0.97220761431057,0.9864,0.984494706489383,0.988305293510617,9864,9688,8827
"CVM","Cauchy",65934,10000,10,100,2.5,0.5,1,0,0.9527,0.947231672563636,0.958168327436364,0.9919,0.990143158725895,0.993656841274105,0.9971,0.996215425818275,0.997984574181725,9971,9919,9527
