"method","distribution","seed","N","n1","n2","delta","scale1","scale2","null","power0.01","l_CI","u_CI","power0.05","l_CI","u_CI","power0.10","l_CI","u_CI","ct_0.10","ct_0.05","ct_0.01"
"AD","Cauchy",83004203,10000,10,10,0,1,1,1,0.0097,0.00717526898390819,0.0122247310160918,0.0535,0.0490894447016277,0.0579105552983723,0.1072,0.102110907019281,0.112289092980719,1072,535,97
"AD","Cauchy",368120632,10000,10,10,0,0.5,0.5,1,0.0096,0.00708818996570521,0.0121118100342948,0.0527,0.0483206954577696,0.0570793045422304,0.1032,0.0981955823085598,0.10820441769144,1032,527,96
"AD","Cauchy",1904751,10000,10,10,0,2,2,1,0.0102,0.00761166986137858,0.0127883301386214,0.0545,0.0500507676212632,0.0589492323787368,0.1059,0.100838177292025,0.110961822707975,1059,545,102
"AD","Cauchy",59273649,10000,10,10,0.5,1,1,0,0.0272,0.0230097291891316,0.0313902708108684,0.0991,0.0932435937956457,0.104956406204354,0.1661,0.159977797287661,0.172222202712339,1661,991,272
"AD","Cauchy",125797,10000,10,10,0.5,0.5,0.5,0,0.0753,0.0685025851556628,0.0820974148443372,0.2179,0.209808746098756,0.225991253901244,0.3309,0.323159664223887,0.338640335776113,3309,2179,753
"AD","Cauchy",120163,10000,10,10,0.5,2,2,0,0.0123,0.00946070223032243,0.0151392977696776,0.0615,0.056791194329769,0.066208805670231,0.116,0.110732300050307,0.121267699949693,1160,615,123
"AD","Cauchy",113061419,10000,10,10,0.5,0.5,2,0,0.031,0.0265353379157656,0.0354646620842344,0.1451,0.13819684800121,0.15200315199879,0.2925,0.285016718894136,0.299983281105864,2925,1451,310
"AD","Cauchy",19161467,10000,10,10,0.5,1,2,0,0.0192,0.0156650221113088,0.0227349778886912,0.0885,0.0829331945570193,0.0940668054429807,0.1681,0.161948439194808,0.174251560805192,1681,885,192
"AD","Cauchy",2960981,10000,10,10,1,1,1,0,0.0746,0.0678316934582139,0.0813683065417861,0.2216,0.213459663403126,0.229740336596874,0.328,0.32027697464461,0.33572302535539,3280,2216,746
"AD","Cauchy",241469,10000,10,10,1,0.5,0.5,0,0.2874,0.275742319471,0.299057680529,0.5442,0.534438366445231,0.553961633554769,0.6685,0.660756124279834,0.676243875720166,6685,5442,2874
"AD","Cauchy",107315778,10000,10,10,1,2,2,0,0.024,0.0200574574571224,0.0279425425428776,0.0984,0.0925620472980333,0.104237952701967,0.1707,0.164510743299089,0.176889256700911,1707,984,240
"AD","Cauchy",75206,10000,10,10,1,0.5,2,0,0.074,0.0672567818170847,0.0807432181829153,0.2544,0.245863741178807,0.262936258821193,0.4197,0.411581764001596,0.427818235998404,4197,2544,740
"AD","Cauchy",766603,10000,10,10,1,1,2,0,0.0408,0.0357039870227858,0.0458960129772142,0.1532,0.146140468528181,0.160259531471819,0.2569,0.249712603810143,0.264087396189857,2569,1532,408
"AD","Cauchy",48931112,10000,10,10,1.5,1,1,0,0.1702,0.160519175393589,0.179880824606411,0.3857,0.376159499723725,0.395240500276275,0.5146,0.506378507229761,0.522821492770239,5146,3857,1702
"AD","Cauchy",68283,10000,10,10,1.5,0.5,0.5,0,0.5221,0.509232587592512,0.534967412407488,0.7772,0.769043946599881,0.785356053400119,0.8657,0.860090971878768,0.871309028121232,8657,7772,5221
"AD","Cauchy",55285,10000,10,10,1.5,2,2,0,0.0428,0.0375860232749641,0.0480139767250359,0.1505,0.143491807653895,0.157508192346105,0.2432,0.236142705363215,0.250257294636785,2432,1505,428
"AD","Cauchy",11665708,10000,10,10,1.5,0.5,2,0,0.1438,0.134761155533308,0.152838844466692,0.383,0.373472081352153,0.392527918647847,0.5552,0.547025277475143,0.563374722524857,5552,3830,1438
"AD","Cauchy",341089993,10000,10,10,1.5,1,2,0,0.082,0.074932364793115,0.089067635206885,0.2452,0.236767967922642,0.253632032077358,0.3676,0.359668604907105,0.375531395092895,3676,2452,820
"AD","Cauchy",1239060,10000,10,10,2,1,1,0,0.2895,0.277817058989723,0.301182941010276,0.5532,0.543455630600105,0.562944369399895,0.6801,0.672427102268114,0.687772897731886,6801,5532,2895
"AD","Cauchy",1628454,10000,10,10,2,0.5,0.5,0,0.6991,0.687285193762141,0.710914806237859,0.8904,0.884277145713444,0.896522854286556,0.9389,0.934960000407237,0.942839999592763,9389,8904,6991
"AD","Cauchy",316353513,10000,10,10,2,2,2,0,0.0768,0.0699407857784892,0.0836592142215108,0.2201,0.211979447979454,0.228220552020546,0.3259,0.318189718290686,0.333610281709314,3259,2201,768
"AD","Cauchy",15667109,10000,10,10,2,0.5,2,0,0.2483,0.237170991000959,0.259429008999041,0.5281,0.518315488595622,0.537884511404378,0.6876,0.679975886572224,0.695224113427776,6876,5281,2483
"AD","Cauchy",4052052,10000,10,10,2,1,2,0,0.1479,0.138755178593828,0.157044821406172,0.3648,0.355365068946007,0.374234931053993,0.5047,0.496475363388527,0.512924636611473,5047,3648,1479
"AD","Cauchy",161404731,10000,10,10,2.5,1,1,0,0.4191,0.406389712407355,0.431810287592645,0.6878,0.678717537645242,0.696882462354758,0.7901,0.78340095103026,0.79679904896974,7901,6878,4191
"AD","Cauchy",11549763,10000,10,10,2.5,0.5,0.5,0,0.8017,0.791428989869115,0.811971010130885,0.9431,0.938559631761366,0.947640368238634,0.9722,0.969495630006101,0.974904369993899,9722,9431,8017
"AD","Cauchy",624977,10000,10,10,2.5,2,2,0,0.1204,0.11201695663986,0.12878304336014,0.3008,0.291811324606061,0.309788675393939,0.4229,0.414773373837011,0.431026626162989,4229,3008,1204
"AD","Cauchy",55079037,10000,10,10,2.5,0.5,2,0,0.3373,0.32512097520682,0.34947902479318,0.6373,0.627876726235877,0.646723273764123,0.7794,0.772578987316893,0.786221012683107,7794,6373,3373
"AD","Cauchy",326572698,10000,10,10,2.5,1,2,0,0.2225,0.211785767529123,0.233214232470877,0.472,0.462215378466185,0.481784621533815,0.6034,0.595352797869129,0.611447202130871,6034,4720,2225
"AD","Cauchy",15332352,10000,10,10,5,1,1,0,0.7923,0.781850176987332,0.802749823012669,0.9406,0.935967112215648,0.945232887784352,0.9717,0.968972120253058,0.974427879746942,9717,9406,7923
"AD","Cauchy",457098,10000,10,10,5,0.5,0.5,0,0.9598,0.954740014666494,0.964859985333506,0.9941,0.992598943242112,0.995601056757888,0.9976,0.996795085514107,0.998404914485893,9976,9941,9598
"AD","Cauchy",243573,10000,10,10,5,2,2,0,0.423,0.41027364748211,0.43572635251789,0.6869,0.677810408551403,0.695989591448597,0.7913,0.784615056982533,0.797984943017467,7913,6869,4230
"AD","Cauchy",15155086,10000,10,10,5,0.5,2,0,0.7248,0.713295197548811,0.736304802451189,0.9208,0.915507007026492,0.926092992973507,0.9661,0.963123013998861,0.969076986001139,9661,9208,7248
"AD","Cauchy",220268,10000,10,10,5,1,2,0,0.6086,0.596027482657451,0.621172517342549,0.8385,0.831287366442138,0.845712633557862,0.9103,0.905599388105706,0.915000611894294,9103,8385,6086
"AD","Cauchy",104058,10000,10,10,5,0.5,1,0,0.8958,0.887929809454204,0.903670190545796,0.9785,0.975657138406464,0.981342861593536,0.9927,0.991299650813984,0.994100349186016,9927,9785,8958
"AD","Cauchy",269679871,10000,10,10,0.5,0.5,1,0,0.0406,0.0355159626489114,0.0456840373510886,0.1476,0.140647820597942,0.154552179402058,0.2543,0.247136567813905,0.261463432186095,2543,1476,406
"AD","Cauchy",5293230,10000,10,10,1,0.5,1,0,0.1434,0.134371627497287,0.152428372502713,0.3543,0.344925307296684,0.363674692703316,0.4872,0.478977695609721,0.495422304390279,4872,3543,1434
"AD","Cauchy",42603,10000,10,10,1.5,0.5,1,0,0.3096,0.297690412321479,0.321509587678521,0.577,0.56731690569291,0.58668309430709,0.7119,0.704450158586925,0.719349841413075,7119,5770,3096
"AD","Cauchy",4736940,10000,10,10,2,0.5,1,0,0.4631,0.450255122962673,0.475944877037328,0.7333,0.724632209184711,0.741967790815289,0.832,0.825849899591064,0.838150100408936,8320,7333,4631
"AD","Cauchy",48190622,10000,10,10,2.5,0.5,1,0,0.6096,0.597033242275894,0.622166757724106,0.8409,0.833730921474108,0.848069078525892,0.9128,0.90815899581056,0.91744100418944,9128,8409,6096
"AD","Cauchy",31424,10000,20,20,0,1,1,1,0.0098,0.00726241640782102,0.012337583592179,0.0511,0.0467840466213825,0.0554159533786175,0.1031,0.0980977286449079,0.108102271355092,1031,511,98
"AD","Cauchy",2364085,10000,20,20,0,0.5,0.5,1,0.0109,0.00822527455888572,0.0135747254411143,0.0526,0.0482246214474174,0.0569753785525826,0.1057,0.100642393795008,0.110757606204992,1057,526,109
"AD","Cauchy",80865,10000,20,20,0,2,2,1,0.0099,0.00734963120325236,0.0124503687967476,0.0504,0.0461121291840355,0.0546878708159645,0.1013,0.0963366146349719,0.106263385365028,1013,504,99
"AD","Cauchy",423662,10000,20,20,0.5,1,1,0,0.0432,0.0379628101753158,0.0484371898246842,0.1384,0.131631741122682,0.145168258877318,0.2246,0.217735108515708,0.231464891484292,2246,1384,432
"AD","Cauchy",245028571,10000,20,20,0.5,0.5,0.5,0,0.1773,0.167461679300485,0.187138320699515,0.3913,0.381734390530154,0.400865609469846,0.5153,0.507078851682351,0.523521148317649,5153,3913,1773
"AD","Cauchy",1019836,10000,20,20,0.5,2,2,0,0.0157,0.0124977190820642,0.0189022809179358,0.0692,0.0642256389297117,0.0741743610702883,0.1353,0.129673380719226,0.140926619280774,1353,692,157
"AD","Cauchy",2325907,10000,20,20,0.5,0.5,2,0,0.1023,0.094493627189373,0.110106372810627,0.3906,0.381037456676051,0.400162543323949,0.5963,0.588228993786288,0.604371006213712,5963,3906,1023
"AD","Cauchy",106072027,10000,20,20,0.5,1,2,0,0.0317,0.0271868428538842,0.0362131571461158,0.1426,0.135746576432293,0.149453423567707,0.2571,0.249910774273054,0.264289225726945,2571,1426,317
"AD","Cauchy",400070,10000,20,20,1,1,1,0,0.1761,0.166287881418618,0.185912118581382,0.3981,0.388505677075353,0.407694322924647,0.5256,0.517385787746497,0.533814212253503,5256,3981,1761
"AD","Cauchy",117268182,10000,20,20,1,0.5,0.5,0,0.6451,0.632774277685514,0.657425722314486,0.855,0.848098823578548,0.861901176421452,0.9233,0.918922410822293,0.927677589177707,9233,8550,6451
"AD","Cauchy",635191,10000,20,20,1,2,2,0,0.0445,0.0391882061732782,0.0498117938267218,0.1459,0.138981083678032,0.152818916321968,0.2329,0.22594692941946,0.23985307058054,2329,1459,445
"AD","Cauchy",77073045,10000,20,20,1,0.5,2,0,0.2368,0.225848946805034,0.247751053194966,0.5749,0.565210580071108,0.584589419928891,0.748,0.740858047267028,0.755141952732972,7480,5749,2368
"AD","Cauchy",405730,10000,20,20,1,1,2,0,0.1015,0.0937207465608582,0.109279253439142,0.2786,0.26981311997997,0.28738688002003,0.4149,0.406795006539856,0.423004993460144,4149,2786,1015
"AD","Cauchy",5516055,10000,20,20,1.5,1,1,0,0.4155,0.402805265263047,0.428194734736953,0.6725,0.66330169368851,0.68169830631149,0.7827,0.775915881389025,0.789484118610975,7827,6725,4155
"AD","Cauchy",138249,10000,20,20,1.5,0.5,0.5,0,0.8988,0.891030954824159,0.906569045175841,0.9791,0.976296227707106,0.981903772292894,0.9921,0.990643678796427,0.993556321203573,9921,9791,8988
"AD","Cauchy",237626,10000,20,20,1.5,2,2,0,0.0937,0.0861932553326321,0.101206744667368,0.2492,0.240722023228529,0.257677976771471,0.3621,0.354194006266574,0.370005993733426,3621,2492,937
"AD","Cauchy",108881,10000,20,20,1.5,0.5,2,0,0.4434,0.430602789782779,0.456197210217221,0.7586,0.750212527226488,0.766987472773512,0.8761,0.870680260712361,0.881519739287639,8761,7586,4434
"AD","Cauchy",152305091,10000,20,20,1.5,1,2,0,0.2184,0.207756990469245,0.229043009530755,0.4676,0.45782059694059,0.47737940305941,0.6101,0.602076884720448,0.618123115279552,6101,4676,2184
"AD","Cauchy",1579045,10000,20,20,2,1,1,0,0.6445,0.63216960123039,0.65683039876961,0.8578,0.850954599054431,0.864645400945569,0.9212,0.916767936483713,0.925632063516287,9212,8578,6445
"AD","Cauchy",179272,10000,20,20,2,0.5,0.5,0,0.9723,0.968072477905049,0.976527522094951,0.9967,0.995575925048051,0.997824074951949,0.999,0.998480065487297,0.999519934512703,9990,9967,9723
"AD","Cauchy",266557,10000,20,20,2,2,2,0,0.1758,0.165994458114804,0.185605541885196,0.384,0.37446738529888,0.39353261470112,0.513,0.504777780519987,0.521222219480013,5130,3840,1758
"AD","Cauchy",1212001,10000,20,20,2,0.5,2,0,0.644,0.631665720333704,0.656334279666296,0.8839,0.877621241947136,0.890178758052864,0.9497,0.946104633944815,0.953295366055185,9497,8839,6440
"AD","Cauchy",403358,10000,20,20,2,1,2,0,0.3791,0.366602199701526,0.391597800298474,0.6537,0.644374512170959,0.663025487829041,0.7733,0.766412435682059,0.780187564317941,7733,6537,3791
"AD","Cauchy",27882092,10000,20,20,2.5,1,1,0,0.8031,0.792856378341462,0.813343621658538,0.9414,0.93679645941406,0.94600354058594,0.976,0.973482343756586,0.978517656243414,9760,9414,8031
"AD","Cauchy",12993772,10000,20,20,2.5,0.5,0.5,0,0.991,0.988567213816547,0.993432786183453,0.9993,0.998781614273345,0.999818385726655,0.9999,0.999735508225206,1.00006449177479,9999,9993,9910
"AD","Cauchy",93918394,10000,20,20,2.5,2,2,0,0.2931,0.281374462532811,0.304825537467189,0.5392,0.529430164567527,0.548969835432473,0.6648,0.657034607487165,0.672565392512835,6648,5392,2931
"AD","Cauchy",90591824,10000,20,20,2.5,0.5,2,0,0.7903,0.779813246373848,0.800786753626152,0.9475,0.943128551841781,0.951871448158219,0.9802,0.977908310122224,0.982491689877776,9802,9475,7903
"AD","Cauchy",245072,10000,20,20,2.5,1,2,0,0.5446,0.531771343095196,0.557428656904804,0.7965,0.788609015901676,0.804390984098324,0.8846,0.879344158325149,0.889855841674851,8846,7965,5446
"AD","Cauchy",1585763,10000,20,20,5,1,1,0,0.9938,0.991777953215908,0.995822046784092,0.9998,0.999522841861747,1.00007715813825,1,1,1,10000,9998,9938
"AD","Cauchy",1460096,10000,20,20,5,0.5,0.5,0,0.9999,0.999642412880322,1.00015758711968,1,1,1,1,1,1,10000,10000,9999
"AD","Cauchy",23196292,10000,20,20,5,2,2,0,0.8084,0.798261895499624,0.818538104500376,0.9436,0.939078426556341,0.948121573443659,0.9742,0.971592046654578,0.976807953345422,9742,9436,8084
"AD","Cauchy",1682738,10000,20,20,5,0.5,2,0,0.9888,0.98608912745673,0.99151087254327,0.9992,0.998645850076604,0.999754149923396,0.9998,0.999567385133966,1.00003261486603,9998,9992,9888
"AD","Cauchy",4848332,10000,20,20,5,1,2,0,0.9498,0.944175113030034,0.955424886969966,0.9917,0.989921780885942,0.993478219114058,0.9973,0.996446387641974,0.998153612358026,9973,9917,9498
"AD","Cauchy",788386,10000,20,20,5,0.5,1,0,0.9989,0.998046107482698,0.999753892517302,0.9998,0.999522841861747,1.00007715813825,1,1,1,10000,9998,9989
"AD","Cauchy",115852,10000,20,20,0.5,0.5,1,0,0.0977,0.0900516347569892,0.105348365243011,0.2743,0.265555247209806,0.283044752790194,0.4155,0.407393307980478,0.423606692019522,4155,2743,977
"AD","Cauchy",48631,10000,20,20,1,0.5,1,0,0.3754,0.362926337683439,0.387873662316561,0.6482,0.638840373847124,0.657559626152876,0.7719,0.764997457880608,0.778802542119392,7719,6482,3754
"AD","Cauchy",247268,10000,20,20,1.5,0.5,1,0,0.6927,0.680814985042429,0.704585014957571,0.8923,0.88622397755488,0.89837602244512,0.9459,0.942178764567113,0.949621235432887,9459,8923,6927
"AD","Cauchy",64772,10000,20,20,2,0.5,1,0,0.8671,0.858355339720608,0.875844660279392,0.9687,0.96528710529175,0.97211289470825,0.9883,0.986531100208102,0.990068899791897,9883,9687,8671
"AD","Cauchy",125956,10000,20,20,2.5,0.5,1,0,0.952,0.94649338198078,0.95750661801922,0.9923,0.990586741364067,0.994013258635933,0.9975,0.996678528768383,0.998321471231617,9975,9923,9520
"AD","Cauchy",820966,10000,100,100,0,1,1,1,0.0091,0.00665385910075809,0.0115461408992419,0.0489,0.0446730842489588,0.0531269157510412,0.1001,0.0951628074279025,0.105037192572098,1001,489,91
"AD","Cauchy",583883,10000,100,100,0,0.5,0.5,1,0.0105,0.00787428002833509,0.0131257199716649,0.0518,0.0474561889403889,0.0561438110596111,0.0999,0.0949671940952461,0.104832805904754,999,518,105
"AD","Cauchy",25635,10000,100,100,0,2,2,1,0.0105,0.00787428002833509,0.0131257199716649,0.0455,0.0414153980903887,0.0495846019096113,0.0963,0.0914472134755612,0.101152786524439,963,455,105
"AD","Cauchy",3168017,10000,100,100,0.5,1,1,0,0.2746,0.263102990220949,0.286097009779051,0.5049,0.4951004706073,0.5146995293927,0.6319,0.623966350887519,0.639833649112481,6319,5049,2746
"AD","Cauchy",122222646,10000,100,100,0.5,0.5,0.5,0,0.9082,0.900761969616479,0.915638030383521,0.9789,0.976083132213539,0.981716867786461,0.992,0.990534564419703,0.993465435580297,9920,9789,9082
"AD","Cauchy",39565844,10000,100,100,0.5,2,2,0,0.0534,0.0476083842928813,0.0591916157071187,0.1624,0.15517117987785,0.16962882012215,0.2561,0.248919941695503,0.263280058304497,2561,1624,534
"AD","Cauchy",158018633,10000,100,100,0.5,0.5,2,0,0.9909,0.988453859100758,0.993346140899242,0.9996,0.999208078407842,0.999991921592158,1,1,1,10000,9996,9909
"AD","Cauchy",406583,10000,100,100,0.5,1,2,0,0.3651,0.352697636991306,0.377502363008694,0.712,0.703124510550961,0.720875489449039,0.8488,0.842906890873028,0.854693109126972,8488,7120,3651
"AD","Cauchy",36305201,10000,100,100,1,1,1,0,0.909,0.901591189333341,0.916408810666659,0.9761,0.973106342042517,0.979093657957483,0.9902,0.988579532216951,0.991820467783049,9902,9761,9090
"AD","Cauchy",305441,10000,100,100,1,0.5,0.5,0,1,1,1,1,1,1,1,1,1,10000,10000,10000
"AD","Cauchy",278875,10000,100,100,1,2,2,0,0.2767,0.2651758296123,0.2882241703877,0.5151,0.505304470015441,0.524895529984559,0.6393,0.631400650565092,0.647199349434908,6393,5151,2767
"AD","Cauchy",86520,10000,100,100,1,0.5,2,0,0.9996,0.999084903050306,1.00011509694969,1,1,1,1,1,1,10000,10000,9996
"AD","Cauchy",120834,10000,100,100,1,1,2,0,0.7886,0.778082155722815,0.799117844277185,0.9477,0.943336425892276,0.952063574107724,0.9782,0.975797806550692,0.980602193449308,9782,9477,7886
"AD","Cauchy",248945,10000,100,100,1.5,1,1,0,0.9991,0.998327547838281,0.999872452161719,1,1,1,1,1,1,10000,10000,9991
"AD","Cauchy",2687054,10000,100,100,1.5,0.5,0.5,0,1,1,1,1,1,1,1,1,1,10000,10000,10000
"AD","Cauchy",1048321,10000,100,100,1.5,2,2,0,0.6484,0.636100377140361,0.660699622859639,0.8501,0.843103321862598,0.857096678137402,0.9144,0.909797742720621,0.919002257279379,9144,8501,6484
"AD","Cauchy",86306816,10000,100,100,1.5,0.5,2,0,1,1,1,1,1,1,1,1,1,10000,10000,10000
"AD","Cauchy",2414631,10000,100,100,1.5,1,2,0,0.9739,0.969793013311063,0.978006986688937,0.9979,0.997002758753512,0.998797241246488,0.9997,0.999415120383714,0.999984879616286,9997,9979,9739
"AD","Cauchy",41757492,10000,100,100,2,1,1,0,1,1,1,1,1,1,1,1,1,10000,10000,10000
"AD","Cauchy",28656663,10000,100,100,2,0.5,0.5,0,1,1,1,1,1,1,1,1,1,10000,10000,10000
"AD","Cauchy",33347991,10000,100,100,2,2,2,0,0.9097,0.902316898632172,0.917083101367827,0.978,0.975125006685225,0.980874993314775,0.9909,0.98933792632793,0.99246207367207,9909,9780,9097
"AD","Cauchy",89821,10000,100,100,2,0.5,2,0,1,1,1,1,1,1,1,1,1,10000,10000,10000
"AD","Cauchy",520624,10000,100,100,2,1,2,0,0.9991,0.998327547838281,0.999872452161719,1,1,1,1,1,1,10000,10000,9991
"AD","Cauchy",1199536,10000,100,100,2.5,1,1,0,1,1,1,1,1,1,1,1,1,10000,10000,10000
"AD","Cauchy",192530792,10000,100,100,2.5,0.5,0.5,0,1,1,1,1,1,1,1,1,1,10000,10000,10000
"AD","Cauchy",55755101,10000,100,100,2.5,2,2,0,0.9864,0.983416391438693,0.989383608561307,0.9978,0.996881690321515,0.998718309678485,0.9995,0.999132258787495,0.999867741212506,9995,9978,9864
"AD","Cauchy",19289,10000,100,100,2.5,0.5,2,0,1,1,1,1,1,1,1,1,1,10000,10000,10000
"AD","Cauchy",260473,10000,100,100,2.5,1,2,0,1,1,1,1,1,1,1,1,1,10000,10000,10000
"AD","Cauchy",62532,10000,100,100,5,1,1,0,1,1,1,1,1,1,1,1,1,10000,10000,10000
"AD","Cauchy",9589711,10000,100,100,5,0.5,0.5,0,1,1,1,1,1,1,1,1,1,10000,10000,10000
"AD","Cauchy",232456,10000,100,100,5,2,2,0,1,1,1,1,1,1,1,1,1,10000,10000,10000
"AD","Cauchy",55006174,10000,100,100,5,0.5,2,0,1,1,1,1,1,1,1,1,1,10000,10000,10000
"AD","Cauchy",20343863,10000,100,100,5,1,2,0,1,1,1,1,1,1,1,1,1,10000,10000,10000
"AD","Cauchy",69450,10000,100,100,5,0.5,1,0,1,1,1,1,1,1,1,1,1,10000,10000,10000
"AD","Cauchy",4039145,10000,100,100,0.5,0.5,1,0,0.7884,0.777878516022246,0.798921483977754,0.9456,0.941154616297506,0.950045383702494,0.9798,0.977485749828584,0.982114250171416,9798,9456,7884
"AD","Cauchy",104199,10000,100,100,1,0.5,1,0,0.999,0.99818580467798,0.99981419532202,0.9998,0.999522841861747,1.00007715813825,1,1,1,10000,9998,9990
"AD","Cauchy",39107,10000,100,100,1.5,0.5,1,0,1,1,1,1,1,1,1,1,1,10000,10000,10000
"AD","Cauchy",357088665,10000,100,100,2,0.5,1,0,1,1,1,1,1,1,1,1,1,10000,10000,10000
"AD","Cauchy",20085989,10000,100,100,2.5,0.5,1,0,1,1,1,1,1,1,1,1,1,10000,10000,10000
"AD","Cauchy",1005140,10000,10,100,0,1,1,1,0.0102,0.00761166986137858,0.0127883301386214,0.0522,0.0478403695723605,0.0565596304276395,0.0994,0.09447818749005,0.10432181250995,994,522,102
"AD","Cauchy",304632852,10000,10,100,0,0.5,0.5,1,0.0105,0.00787428002833509,0.0131257199716649,0.0495,0.0452485729501731,0.0537514270498269,0.0993,0.0943803907670654,0.104219609232935,993,495,105
"AD","Cauchy",24843,10000,10,100,0,2,2,1,0.0108,0.00813743762725904,0.013462562372741,0.0494,0.0451526460822766,0.0536473539177234,0.0992,0.0942825955815695,0.104117404418431,992,494,108
"AD","Cauchy",79337395,10000,10,100,0.5,1,1,0,0.0321,0.0275593960792441,0.0366406039207559,0.1256,0.119104599034517,0.132095400965483,0.2114,0.204683441833863,0.218116558166137,2114,1256,321
"AD","Cauchy",15240973,10000,10,100,0.5,0.5,0.5,0,0.157,0.147628492173743,0.166371507826257,0.3718,0.362327606522024,0.381272393477976,0.5046,0.496375348089366,0.512824651910634,5046,3718,1570
"AD","Cauchy",2666364,10000,10,100,0.5,2,2,0,0.0163,0.013038097342431,0.019561902657569,0.0716,0.0665466410467492,0.0766533589532508,0.1281,0.122602391541772,0.133597608458228,1281,716,163
"AD","Cauchy",1512912,10000,10,100,0.5,0.5,2,0,0.0052,0.00334725598592358,0.00705274401407642,0.1431,0.136236573935533,0.149963426064467,0.3564,0.348521513998769,0.364278486001231,3564,1431,52
"AD","Cauchy",478348,10000,10,100,0.5,1,2,0,0.0052,0.00334725598592358,0.00705274401407642,0.0535,0.0490894447016277,0.0579105552983723,0.1368,0.131147186375759,0.142452813624241,1368,535,52
"AD","Cauchy",89185,10000,10,100,1,1,1,0,0.1512,0.141971641877763,0.160428358122237,0.3588,0.349398891924374,0.368201108075626,0.4926,0.484375900851333,0.500824099148667,4926,3588,1512
"AD","Cauchy",186539,10000,10,100,1,0.5,0.5,0,0.6243,0.6118243516831,0.6367756483169,0.8399,0.832712704052399,0.847087295947601,0.9088,0.904064154991725,0.913535845008275,9088,8399,6243
"AD","Cauchy",1250703,10000,10,100,1,2,2,0,0.0349,0.0301723563916657,0.0396276436083343,0.1284,0.121843120627128,0.134956879372872,0.2177,0.210911375581697,0.224488624418303,2177,1284,349
"AD","Cauchy",2703998,10000,10,100,1,0.5,2,0,0.0581,0.0520739001520333,0.0641260998479667,0.3788,0.369292271315945,0.388307728684055,0.5965,0.58842964022677,0.60457035977323,5965,3788,581
"AD","Cauchy",55492256,10000,10,100,1,1,2,0,0.0312,0.0267214211918226,0.0356785788081774,0.1712,0.163817000776812,0.178582999223188,0.3052,0.297624905207959,0.312775094792041,3052,1712,312
"AD","Cauchy",875754,10000,10,100,1.5,1,1,0,0.3873,0.374751449945715,0.399848550054285,0.6505,0.641154483430008,0.659845516569992,0.7669,0.75994485148649,0.77385514851351,7669,6505,3873
"AD","Cauchy",5742579,10000,10,100,1.5,0.5,0.5,0,0.9015,0.893823790138981,0.909176209861019,0.9772,0.974274398136178,0.980125601863822,0.99,0.98836324566596,0.99163675433404,9900,9772,9015
"AD","Cauchy",26970,10000,10,100,1.5,2,2,0,0.0821,0.0750284417651281,0.0891715582348719,0.2319,0.223627908526715,0.240172091473285,0.3426,0.334793175228872,0.350406824771128,3426,2319,821
"AD","Cauchy",30771,10000,10,100,1.5,0.5,2,0,0.2361,0.225160131360391,0.247039868639609,0.6372,0.627776166723376,0.646623833276624,0.8005,0.793926176789769,0.807073823210231,8005,6372,2361
"AD","Cauchy",43922851,10000,10,100,1.5,1,2,0,0.1219,0.113472093670474,0.130327906329526,0.3781,0.368595709799128,0.387604290200872,0.5367,0.528497186263313,0.544902813736687,5367,3781,1219
"AD","Cauchy",4648183,10000,10,100,2,1,1,0,0.6299,0.61746226769295,0.64233773230705,0.8388,0.831592779636392,0.846007220363608,0.9107,0.906008850213458,0.915391149786542,9107,8388,6299
"AD","Cauchy",324762477,10000,10,100,2,0.5,0.5,0,0.9733,0.969147354567901,0.977452645432099,0.9961,0.994878369562265,0.997321630437735,0.9986,0.997984928362628,0.999215071637372,9986,9961,9733
"AD","Cauchy",100984521,10000,10,100,2,2,2,0,0.1531,0.143824239631639,0.162375760368361,0.3603,0.350890286993452,0.369709713006548,0.4892,0.480976918951853,0.497423081048147,4892,3603,1531
"AD","Cauchy",2978162,10000,10,100,2,0.5,2,0,0.4983,0.485420074446615,0.511179925553385,0.8217,0.814197804341554,0.829202195658446,0.9139,0.909285583233931,0.918514416766069,9139,8217,4983
"AD","Cauchy",3391378,10000,10,100,2,1,2,0,0.2685,0.257083705357411,0.279916294642589,0.5801,0.570426571156079,0.589773428843921,0.7222,0.714831810869427,0.729568189130573,7222,5801,2685
"AD","Cauchy",26609718,10000,10,100,2.5,1,1,0,0.7994,0.789084426092162,0.809715573907838,0.9345,0.929650841561673,0.939349158438327,0.9709,0.968134971275561,0.973665028724439,9709,9345,7994
"AD","Cauchy",164906,10000,10,100,2.5,0.5,0.5,0,0.9923,0.990048288649916,0.994551711350084,0.9993,0.998781614273345,0.999818385726655,0.9998,0.999567385133966,1.00003261486603,9998,9993,9923
"AD","Cauchy",48738627,10000,10,100,2.5,2,2,0,0.2721,0.260635740994535,0.283564259005465,0.5206,0.510808320988594,0.530391679011405,0.6436,0.635721513998769,0.651478486001231,6436,5206,2721
"AD","Cauchy",280831891,10000,10,100,2.5,0.5,2,0,0.6974,0.685566279920523,0.709233720079477,0.9212,0.915919243469956,0.926480756530044,0.9655,0.962497717264418,0.968502282735582,9655,9212,6974
"AD","Cauchy",201055,10000,10,100,2.5,1,2,0,0.4537,0.440875340342346,0.466524659657654,0.7434,0.734839568118932,0.751960431881068,0.8491,0.8432116998092,0.8549883001908,8491,7434,4537
"AD","Cauchy",84199395,10000,10,100,5,1,1,0,0.9938,0.991777953215908,0.995822046784092,0.9995,0.99906184025744,0.99993815974256,1,1,1,10000,9995,9938
"AD","Cauchy",41782,10000,10,100,5,0.5,0.5,0,0.9999,0.999642412880322,1.00015758711968,1,1,1,1,1,1,10000,10000,9999
"AD","Cauchy",255776,10000,10,100,5,2,2,0,0.8033,0.793060307329224,0.813539692670776,0.9356,0.930788903016733,0.940411096983267,0.9675,0.964583022564473,0.970416977435527,9675,9356,8033
"AD","Cauchy",21345,10000,10,100,5,0.5,2,0,0.9876,0.984749328053209,0.990450671946791,0.9985,0.997741464806354,0.999258535193646,0.9995,0.999132258787495,0.999867741212506,9995,9985,9876
"AD","Cauchy",295981,10000,10,100,5,1,2,0,0.9443,0.938392163725036,0.950207836274964,0.9911,0.989259186406395,0.992940813593605,0.9963,0.99530123841595,0.99729876158405,9963,9911,9443
"AD","Cauchy",19468378,10000,10,100,5,0.5,1,0,0.9993,0.998618693044967,0.999981306955033,1,1,1,1,1,1,10000,10000,9993
"AD","Cauchy",7749977,10000,10,100,0.5,0.5,1,0,0.0327,0.0281185776632037,0.0372814223367963,0.1779,0.170404400570041,0.185395599429959,0.3105,0.302888612375238,0.318111387624762,3105,1779,327
"AD","Cauchy",63277,10000,10,100,1,0.5,1,0,0.27,0.258563604372006,0.281436395627994,0.569,0.559293764156997,0.578706235843003,0.7127,0.705256330285217,0.720143669714783,7127,5690,2700
"AD","Cauchy",10879951,10000,10,100,1.5,0.5,1,0,0.6248,0.61232766451955,0.63727233548045,0.8592,0.852382823583213,0.866017176416787,0.9227,0.918306750082482,0.927093249917518,9227,8592,6248
"AD","Cauchy",146992,10000,10,100,2,0.5,1,0,0.8459,0.836599491574514,0.855200508425486,0.9576,0.953650600486352,0.961549399513648,0.9816,0.979389237503123,0.983810762496877,9816,9576,8459
"AD","Cauchy",1865849,10000,10,100,2.5,0.5,1,0,0.9434,0.937447464279507,0.949352535720493,0.9909,0.989038805837533,0.992761194162467,0.9966,0.995642440427388,0.997557559572612,9966,9909,9434
