"method","distribution","seed","N","n1","n2","delta","sd","g1","g2","h","null","power0.01","l_CI","u_CI","power0.05","l_CI","u_CI","power0.10","l_CI","u_CI","ct_0.10","ct_0.05","ct_0.01"
"HFR","ghEqualK",1247885,10000,10,10,0,3,1,1,0.2,1,0.0073,0.00510711276402639,0.00949288723597361,0.0521,0.0477443177050662,0.0564556822949338,0.0965,0.0916427144288837,0.101357285571116,965,521,73
"HFR","ghEqualK",13826126,10000,10,10,0,3,3,3,0.2,1,0.0084,0.00604899387398841,0.0107510061260116,0.0549,0.0504354146980487,0.0593645853019513,0.1001,0.0951628074279025,0.105037192572098,1001,549,84
"HFR","ghEqualK",58530016,10000,10,10,0,3,-3,-3,0.2,1,0.0063,0.00426181416817406,0.00833818583182594,0.0481,0.0439060401072018,0.0522939598927982,0.1062,0.101131863119459,0.111268136880541,1062,481,63
"HFR","ghEqualK",7698081,10000,10,10,0,3,-1,-1,0.2,1,0.0076,0.00536284521817913,0.00983715478182087,0.0502,0.0459201946967648,0.0544798053032352,0.0997,0.0947715868633225,0.104628413136677,997,502,76
"HFR","ghEqualK",1836284,10000,10,10,0.5,3,1,1,0.2,0,0.0116,0.00884170176410454,0.0143582982358955,0.0787,0.0734223088334386,0.0839776911665614,0.1354,0.129771627271484,0.141028372728516,1354,787,116
"HFR","ghEqualK",7711868,10000,10,10,0.5,3,3,3,0.2,0,0.0524,0.0466598396007582,0.0581401603992418,0.1905,0.182803168342753,0.198196831657247,0.2719,0.264580759434205,0.279219240565795,2719,1905,524
"HFR","ghEqualK",2515918,10000,10,10,0.5,3,1,3,0.2,0,0.0683,0.0618017822774598,0.0747982177225402,0.25,0.241512951042913,0.258487048957088,0.3384,0.330616430139223,0.346183569860777,3384,2500,683
"HFR","ghEqualK",283863760,10000,10,10,0.5,3,-1,1,0.2,0,0.0336,0.0289581194766879,0.0382418805233121,0.1661,0.158805460598064,0.173394539401936,0.2668,0.259524379414758,0.274075620585242,2668,1661,336
"HFR","ghEqualK",58156,10000,10,10,0.5,3,-3,3,0.2,0,0.1144,0.106200683046688,0.122599316953312,0.3636,0.354171706487047,0.373028293512953,0.4968,0.488575168449725,0.505024831550275,4968,3636,1144
"HFR","ghEqualK",7130290,10000,10,10,0.5,3,-1,3,0.2,0,0.074,0.0672567818170847,0.0807432181829153,0.2781,0.269317966555381,0.286882033444619,0.3998,0.39174185101429,0.40785814898571,3998,2781,740
"HFR","ghEqualK",57045479,10000,10,10,0.5,3,1,-3,0.2,0,0.0175,0.0141222215347954,0.0208777784652046,0.1034,0.0974321801040581,0.109367819895942,0.1777,0.17141182294836,0.18398817705164,1777,1034,175
"HFR","ghEqualK",1231815,10000,10,10,1,3,1,1,0.2,0,0.0337,0.0290514575751687,0.0383485424248313,0.1464,0.139471267209193,0.153328732790807,0.2274,0.220504933099157,0.234295066900843,2274,1464,337
"HFR","ghEqualK",88633,10000,10,10,1,3,3,3,0.2,0,0.1411,0.132132308347724,0.150067691652276,0.3704,0.360934928041774,0.379865071958226,0.4641,0.455896228319122,0.472303771680878,4641,3704,1411
"HFR","ghEqualK",788270,10000,10,10,1,3,1,3,0.2,0,0.1415,0.132521697610439,0.150478302389561,0.3794,0.36988934078718,0.38891065921282,0.4786,0.470382536895179,0.486817463104821,4786,3794,1415
"HFR","ghEqualK",20356461,10000,10,10,1,3,-1,1,0.2,0,0.0628,0.0565505496723299,0.0690494503276701,0.2571,0.248534114027469,0.265665885972531,0.3799,0.371915799862605,0.387884200137395,3799,2571,628
"HFR","ghEqualK",15680797,10000,10,10,1,3,-3,3,0.2,0,0.2282,0.217389243988445,0.239010756011555,0.5608,0.551072723979572,0.570527276020428,0.6768,0.669106361906718,0.684493638093282,6768,5608,2282
"HFR","ghEqualK",5779305,10000,10,10,1,3,-1,3,0.2,0,0.1468,0.137683370406703,0.155916629593297,0.4241,0.414413569943968,0.433786430056032,0.5543,0.546123646519702,0.562476353480298,5543,4241,1468
"HFR","ghEqualK",18627,10000,10,10,1,3,1,-3,0.2,0,0.0113,0.00857718993386318,0.0140228100661368,0.0758,0.0706123142984949,0.0809876857015051,0.1399,0.134193770516885,0.145606229483115,1399,758,113
"HFR","ghEqualK",37070,10000,10,10,1.5,3,1,1,0.2,0,0.0674,0.0609416212203198,0.0738583787796802,0.2549,0.246358222180459,0.263441777819541,0.3589,0.351009300221085,0.366790699778915,3589,2549,674
"HFR","ghEqualK",41965,10000,10,10,1.5,3,3,3,0.2,0,0.2448,0.233724009971939,0.25587599002806,0.5231,0.513310464342861,0.532889535657139,0.6066,0.598564104452203,0.614635895547797,6066,5231,2448
"HFR","ghEqualK",55402876,10000,10,10,1.5,3,1,3,0.2,0,0.2282,0.217389243988445,0.239010756011555,0.5127,0.502903161794048,0.522496838205952,0.6134,0.605389332367705,0.621410667632295,6134,5127,2282
"HFR","ghEqualK",3684832,10000,10,10,1.5,3,-1,1,0.2,0,0.1276,0.119005333599527,0.136194666400473,0.3948,0.385219369231956,0.404380630768044,0.5322,0.523992073739129,0.540407926260871,5322,3948,1276
"HFR","ghEqualK",915028,10000,10,10,1.5,3,-3,3,0.2,0,0.5161,0.503226678981308,0.528973321018692,0.82,0.812469925896779,0.827530074103221,0.8936,0.888527660705197,0.898672339294803,8936,8200,5161
"HFR","ghEqualK",1954620,10000,10,10,1.5,3,-1,3,0.2,0,0.277,0.265471975471504,0.288528024528496,0.605,0.595418526418134,0.614581473581866,0.7201,0.712714774561059,0.727485225438941,7201,6050,2770
"HFR","ghEqualK",233284,10000,10,10,1.5,3,1,-3,0.2,0,0.0109,0.00822527455888572,0.0135747254411143,0.0644,0.0595889030167331,0.0692110969832669,0.1234,0.117989664271498,0.128810335728502,1234,644,109
"HFR","ghEqualK",1600088,10000,10,10,2,3,1,1,0.2,0,0.125,0.116480680778372,0.133519319221628,0.3745,0.365013726550431,0.383986273449569,0.4978,0.489575079618385,0.506024920381615,4978,3745,1250
"HFR","ghEqualK",200385306,10000,10,10,2,3,3,3,0.2,0,0.3357,0.323535236906845,0.347864763093155,0.6219,0.612395709799128,0.631404290200872,0.6969,0.68933961167598,0.70446038832402,6969,6219,3357
"HFR","ghEqualK",20730628,10000,10,10,2,3,1,3,0.2,0,0.33,0.317887320388948,0.342112679611052,0.6166,0.607070197815778,0.626129802184222,0.7134,0.70596175382129,0.72083824617871,7134,6166,3300
"HFR","ghEqualK",10401411,10000,10,10,2,3,-1,1,0.2,0,0.2345,0.223585850968509,0.245414149031491,0.5577,0.547965472792498,0.567434527207502,0.6888,0.681183906524838,0.696416093475162,6888,5577,2345
"HFR","ghEqualK",34384516,10000,10,10,2,3,-3,3,0.2,0,0.918,0.910932364793115,0.925067635206885,0.99,0.988049824623271,0.991950175376729,0.9967,0.995756579951042,0.997643420048958,9967,9900,9180
"HFR","ghEqualK",160411458,10000,10,10,2,3,-1,3,0.2,0,0.4659,0.453049988897633,0.478750011102367,0.7815,0.773400722424809,0.789599277575191,0.8714,0.865893252486349,0.876906747513651,8714,7815,4659
"HFR","ghEqualK",1209457,10000,10,10,2,3,1,-3,0.2,0,0.0111,0.00840112023907993,0.0137988797609201,0.0673,0.0623893996340977,0.0722106003659023,0.1267,0.121228127872129,0.132171872127871,1267,673,111
"HFR","ghEqualK",4717165,10000,10,10,2.5,3,1,1,0.2,0,0.211,0.200489446481255,0.221510553518745,0.5107,0.500902244260975,0.520497755739025,0.6307,0.622760978618257,0.638639021381743,6307,5107,2110
"HFR","ghEqualK",46987,10000,10,10,2.5,3,3,3,0.2,0,0.4327,0.419937207805026,0.445462792194974,0.7045,0.695557163047444,0.713442836952556,0.7694,0.762470982714475,0.776329017285525,7694,7045,4327
"HFR","ghEqualK",18047450,10000,10,10,2.5,3,1,3,0.2,0,0.4294,0.416649043551417,0.442150956448583,0.713,0.704133713011638,0.721866286988362,0.7958,0.789168744849435,0.802431255150565,7958,7130,4294
"HFR","ghEqualK",2696060,10000,10,10,2.5,3,-1,1,0.2,0,0.3973,0.384694625962896,0.409905374037104,0.7285,0.719783226397342,0.737216773602658,0.8297,0.823516508454702,0.835883491545298,8297,7285,3973
"HFR","ghEqualK",289534,10000,10,10,2.5,3,-3,3,0.2,0,0.9835,0.980218480321802,0.986781519678198,0.9987,0.997993771446627,0.999406228553373,0.9995,0.999132258787495,0.999867741212506,9995,9987,9835
"HFR","ghEqualK",784273,10000,10,10,2.5,3,-1,3,0.2,0,0.6878,0.675863049476603,0.699736950523396,0.921,0.91571312025482,0.926286879745181,0.9595,0.95625723181535,0.96274276818465,9595,9210,6878
"HFR","ghEqualK",50313456,10000,10,10,2.5,3,1,-3,0.2,0,0.0174,0.01403171475587,0.02076828524413,0.084,0.0785631988228371,0.0894368011771629,0.1535,0.147570288371736,0.159429711628264,1535,840,174
"HFR","ghEqualK",456680,10000,20,20,0,3,1,1,0.2,1,0.0098,0.00726241640782102,0.012337583592179,0.0536,0.0491855578284001,0.0580144421715999,0.0984,0.0935002896965637,0.103299710303436,984,536,98
"HFR","ghEqualK",81966160,10000,20,20,0,3,3,3,0.2,1,0.0102,0.00761166986137858,0.0127883301386214,0.0513,0.046976064527586,0.055623935472414,0.0965,0.0916427144288837,0.101357285571116,965,513,102
"HFR","ghEqualK",591804,10000,20,20,0,3,-3,-3,0.2,1,0.0087,0.00630774187608109,0.0110922581239189,0.0494,0.0451526460822766,0.0536473539177234,0.1026,0.0976084823022351,0.107591517697765,1026,494,87
"HFR","ghEqualK",1037709,10000,20,20,0,3,-1,-1,0.2,1,0.0096,0.00708818996570521,0.0121118100342948,0.0485,0.0442895226351398,0.0527104773648602,0.0985,0.0935980725072299,0.10340192749277,985,485,96
"HFR","ghEqualK",62363,10000,20,20,0.5,3,1,1,0.2,0,0.0247,0.0207018098266821,0.0286981901733179,0.0975,0.0916859068634911,0.103314093136509,0.1696,0.163426627308059,0.175773372691941,1696,975,247
"HFR","ghEqualK",43578134,10000,20,20,0.5,3,3,3,0.2,0,0.1518,0.142556618487557,0.161043381512443,0.3604,0.350989716877033,0.369810283122967,0.4701,0.461889719635787,0.478310280364213,4701,3604,1518
"HFR","ghEqualK",16754,10000,20,20,0.5,3,1,3,0.2,0,0.2192,0.208542973740037,0.229857026259963,0.4533,0.443542839075961,0.463057160924039,0.5681,0.55995164580176,0.57624835419824,5681,4533,2192
"HFR","ghEqualK",146767,10000,20,20,0.5,3,-1,1,0.2,0,0.104,0.0961364883748798,0.11186351162512,0.2868,0.277935559850639,0.295664440149361,0.4063,0.398220716681736,0.414379283318264,4063,2868,1040
"HFR","ghEqualK",60095,10000,20,20,0.5,3,-3,3,0.2,0,0.3718,0.359350568571803,0.384249431428197,0.6365,0.627072262475015,0.645927737524984,0.7517,0.744593160014199,0.758806839985801,7517,6365,3718
"HFR","ghEqualK",55844,10000,20,20,0.5,3,-1,3,0.2,0,0.2346,0.223684237158293,0.245515762841707,0.4866,0.476803520008166,0.496396479991834,0.6183,0.610308531250216,0.626291468749784,6183,4866,2346
"HFR","ghEqualK",78410506,10000,20,20,0.5,3,1,-3,0.2,0,0.0445,0.0391882061732782,0.0498117938267218,0.1559,0.148789893939582,0.163010106060419,0.256,0.248820861154707,0.263179138845293,2560,1559,445
"HFR","ghEqualK",84368,10000,20,20,1,3,1,1,0.2,0,0.0989,0.0912099263473551,0.106590073652645,0.2663,0.257636349699486,0.274963650300514,0.3712,0.363252580226111,0.379147419773889,3712,2663,989
"HFR","ghEqualK",800403,10000,20,20,1,3,3,3,0.2,0,0.413,0.400316475996569,0.425683524003431,0.6572,0.647896952136767,0.666503047863233,0.7574,0.750348622736862,0.764451377263138,7574,6572,4130
"HFR","ghEqualK",7217663,10000,20,20,1,3,1,3,0.2,0,0.4317,0.418940733426661,0.444459266573339,0.6706,0.661388090911087,0.679811909088913,0.7698,0.762875195526522,0.776724804473478,7698,6706,4317
"HFR","ghEqualK",29605,10000,20,20,1,3,-1,1,0.2,0,0.2243,0.213554975966943,0.235045024033057,0.4779,0.468109577516041,0.487690422483958,0.614,0.605991637189163,0.622008362810837,6140,4779,2243
"HFR","ghEqualK",165153747,10000,20,20,1,3,-3,3,0.2,0,0.6455,0.633177407078313,0.657822592921687,0.8516,0.844632277463159,0.858567722536841,0.913,0.908363813293503,0.917636186706497,9130,8516,6455
"HFR","ghEqualK",74627,10000,20,20,1,3,-1,3,0.2,0,0.45,0.437184561810067,0.462815438189933,0.7075,0.698583750171737,0.716416249828263,0.8138,0.807396541734352,0.820203458265648,8138,7075,4500
"HFR","ghEqualK",38972974,10000,20,20,1,3,1,-3,0.2,0,0.0183,0.0148472844632759,0.0217527155367241,0.0823,0.0769135038370384,0.0876864961629616,0.152,0.146094106347046,0.157905893652954,1520,823,183
"HFR","ghEqualK",2374186,10000,20,20,1.5,3,1,1,0.2,0,0.225,0.214243079251012,0.235756920748988,0.4703,0.460517304241386,0.480082695758614,0.5898,0.581708740789228,0.597891259210772,5898,4703,2250
"HFR","ghEqualK",29693978,10000,20,20,1.5,3,3,3,0.2,0,0.6254,0.612931658648097,0.637868341351903,0.8266,0.819179582885686,0.834020417114314,0.8944,0.889344504168175,0.899455495831825,8944,8266,6254
"HFR","ghEqualK",340592,10000,20,20,1.5,3,1,3,0.2,0,0.6281,0.615649885527463,0.640550114472537,0.8247,0.817247619398769,0.832152380601231,0.8883,0.883118299350235,0.893481700649765,8883,8247,6281
"HFR","ghEqualK",137793662,10000,20,20,1.5,3,-1,1,0.2,0,0.4283,0.415553117222162,0.441046882777838,0.6981,0.689101990509985,0.707098009490015,0.8036,0.797064834233809,0.810135165766191,8036,6981,4283
"HFR","ghEqualK",21643252,10000,20,20,1.5,3,-3,3,0.2,0,0.9309,0.924366642884417,0.937433357115583,0.9817,0.979072933830753,0.984327066169247,0.992,0.990534564419703,0.993465435580297,9920,9817,9309
"HFR","ghEqualK",66219,10000,20,20,1.5,3,-1,3,0.2,0,0.6951,0.683240996011561,0.70695900398844,0.8821,0.875779202384635,0.888420797615365,0.9371,0.933106219483625,0.941093780516375,9371,8821,6951
"HFR","ghEqualK",1607633,10000,20,20,1.5,3,1,-3,0.2,0,0.0135,0.0105272301497761,0.0164727698502239,0.0631,0.0583344023772039,0.0678655976227961,0.1208,0.115439032071127,0.126160967928873,1208,631,135
"HFR","ghEqualK",58955513,10000,20,20,2,3,1,1,0.2,0,0.4235,0.410771646689756,0.436228353310244,0.6897,0.680632719058858,0.698767280941142,0.7897,0.78299626855917,0.79640373144083,7897,6897,4235
"HFR","ghEqualK",97420618,10000,20,20,2,3,3,3,0.2,0,0.7607,0.749709336378518,0.771690663621482,0.9042,0.898431391344735,0.909968608655265,0.9436,0.939805108002643,0.947394891997356,9436,9042,7607
"HFR","ghEqualK",105611383,10000,20,20,2,3,1,3,0.2,0,0.7777,0.766989206668818,0.788410793331182,0.9118,0.906241723364063,0.917358276635937,0.9504,0.946828423519845,0.953971576480156,9504,9118,7777
"HFR","ghEqualK",990448,10000,20,20,2,3,-1,1,0.2,0,0.6539,0.64164531007358,0.66615468992642,0.8662,0.859527428782725,0.872872571217274,0.9271,0.922823455879103,0.931376544120897,9271,8662,6539
"HFR","ghEqualK",754152,10000,20,20,2,3,-3,3,0.2,0,0.9997,0.999253890643434,1.00014610935657,1,1,1,1,1,1,10000,10000,9997
"HFR","ghEqualK",183389882,10000,20,20,2,3,-1,3,0.2,0,0.8979,0.890100393087419,0.905699606912581,0.9761,0.973106342042517,0.979093657957483,0.9884,0.98663858672436,0.99016141327564,9884,9761,8979
"HFR","ghEqualK",12115877,10000,20,20,2,3,1,-3,0.2,0,0.0198,0.0162113111701213,0.0233886888298787,0.0784,0.07313152,0.08366848,0.1397,0.133997187842321,0.145402812157679,1397,784,198
"HFR","ghEqualK",167576204,10000,20,20,2.5,3,1,1,0.2,0,0.614,0.601459244619625,0.626540755380375,0.8387,0.831490974253784,0.845909025746216,0.9026,0.897722547537177,0.907477452462823,9026,8387,6140
"HFR","ghEqualK",66390,10000,20,20,2.5,3,3,3,0.2,0,0.8581,0.849111111209851,0.867088888790149,0.9484,0.944064125584106,0.952735874415894,0.9717,0.968972120253058,0.974427879746942,9717,9484,8581
"HFR","ghEqualK",5119240,10000,20,20,2.5,3,1,3,0.2,0,0.8661,0.857327564847871,0.874872435152129,0.9548,0.950728246354014,0.958871753645986,0.9783,0.975903200000256,0.980696799999744,9783,9548,8661
"HFR","ghEqualK",724241,10000,20,20,2.5,3,-1,1,0.2,0,0.8569,0.847879497172415,0.865920502827585,0.962,0.958252553808258,0.965747446191742,0.9815,0.979283351055224,0.983716648944776,9815,9620,8569
"HFR","ghEqualK",77896664,10000,20,20,2.5,3,-3,3,0.2,0,1,1,1,1,1,1,1,1,1,10000,10000,10000
"HFR","ghEqualK",271249,10000,20,20,2.5,3,-1,3,0.2,0,0.9836,0.980328273115203,0.986871726884797,0.9978,0.996881690321515,0.998718309678485,0.9994,0.998997179837769,0.999802820162231,9994,9978,9836
"HFR","ghEqualK",419842,10000,20,20,2.5,3,1,-3,0.2,0,0.0414,0.0362682588552516,0.0465317411447484,0.1228,0.116367133091257,0.129232866908743,0.2008,0.194210150531734,0.207389849468266,2008,1228,414
"HFR","ghEqualK",106702,10000,100,100,0,3,1,1,0.2,1,0.0089,0.00648064499126234,0.0113193550087377,0.0462,0.0420856075139093,0.0503143924860907,0.0973,0.0924247819630528,0.102175218036947,973,462,89
"HFR","ghEqualK",21061,10000,100,100,0,3,3,3,0.2,1,0.0095,0.00700118041435561,0.0119988195856444,0.0497,0.0454404410761676,0.0539595589238324,0.0983,0.0934025084421946,0.103197491557805,983,497,95
"HFR","ghEqualK",22561234,10000,100,100,0,3,-3,-3,0.2,1,0.0078,0.0055338285107221,0.0100661714892779,0.0491,0.0448648944251176,0.0533351055748824,0.0976,0.092718083416362,0.102481916583638,976,491,78
"HFR","ghEqualK",50598,10000,100,100,0,3,-1,-1,0.2,1,0.0079,0.00561946296632043,0.0101805370336796,0.0518,0.0474561889403889,0.0561438110596111,0.1026,0.0976084823022351,0.107591517697765,1026,518,79
"HFR","ghEqualK",61237,10000,100,100,0.5,3,1,1,0.2,0,0.157,0.147628492173743,0.166371507826257,0.3474,0.338067574898324,0.356732425101676,0.4706,0.462389231033387,0.478810768966613,4706,3474,1570
"HFR","ghEqualK",37432,10000,100,100,0.5,3,3,3,0.2,0,0.8288,0.819096629592381,0.838503370407619,0.9388,0.934101942553608,0.943498057446392,0.9663,0.963331501440665,0.969268498559335,9663,9388,8288
"HFR","ghEqualK",50850225,10000,100,100,0.5,3,1,3,0.2,0,0.9466,0.940808384292881,0.952391615707119,0.9856,0.98326499580677,0.98793500419323,0.9935,0.992178075912023,0.994821924087978,9935,9856,9466
"HFR","ghEqualK",301592,10000,100,100,0.5,3,-1,1,0.2,0,0.7395,0.728193744078184,0.750806255921816,0.899,0.893093957006591,0.904906042993409,0.9432,0.939392481990798,0.947007518009202,9432,8990,7395
"HFR","ghEqualK",2499857,10000,100,100,0.5,3,-3,3,0.2,0,0.9959,0.994253940031304,0.997546059968696,0.9989,0.998250299171618,0.999549700828382,0.9997,0.999415120383714,0.999984879616286,9997,9989,9959
"HFR","ghEqualK",26215719,10000,100,100,0.5,3,-1,3,0.2,0,0.9637,0.958881963334277,0.968518036665723,0.9907,0.988818654204672,0.992581345795328,0.9958,0.994736159282646,0.996863840717354,9958,9907,9637
"HFR","ghEqualK",575541,10000,100,100,0.5,3,1,-3,0.2,0,0.333,0.320859658805717,0.345140341194283,0.5671,0.557388648179867,0.576811351820133,0.6839,0.676251532034062,0.691548467965938,6839,5671,3330
"HFR","ghEqualK",4536092,10000,100,100,1,3,1,1,0.2,0,0.6847,0.672730996113644,0.696669003886356,0.865,0.858302217979062,0.871697782020938,0.9242,0.919846049500523,0.928553950499478,9242,8650,6847
"HFR","ghEqualK",4657547,10000,100,100,1,3,3,3,0.2,0,0.9963,0.99473598185987,0.99786401814013,0.9993,0.998781614273345,0.999818385726655,0.9997,0.999415120383714,0.999984879616286,9997,9993,9963
"HFR","ghEqualK",28093941,10000,100,100,1,3,1,3,0.2,0,0.9988,0.997908182996206,0.999691817003794,0.9998,0.999522841861747,1.00007715813825,0.9999,0.999735508225206,1.00006449177479,9999,9998,9988
"HFR","ghEqualK",204416300,10000,100,100,1,3,-1,1,0.2,0,0.9639,0.959094755948351,0.968705244051649,0.9912,0.989369464928061,0.993030535071939,0.9964,0.995414778201825,0.997385221798175,9964,9912,9639
"HFR","ghEqualK",25393258,10000,100,100,1,3,-3,3,0.2,0,1,1,1,1,1,1,1,1,1,10000,10000,10000
"HFR","ghEqualK",72889313,10000,100,100,1,3,-1,3,0.2,0,0.9991,0.998327547838281,0.999872452161719,0.9997,0.99936056896783,1.00003943103217,1,1,1,10000,9997,9991
"HFR","ghEqualK",27451142,10000,100,100,1,3,1,-3,0.2,0,0.0749,0.0681191972991228,0.0816808027008772,0.2056,0.197678868114821,0.213521131885179,0.3126,0.304974555701659,0.320225444298341,3126,2056,749
"HFR","ghEqualK",2461286,10000,100,100,1.5,3,1,1,0.2,0,0.9741,0.970008359088319,0.978191640911681,0.9947,0.993276884774307,0.996123115225693,0.9983,0.997622325883057,0.998977674116943,9983,9947,9741
"HFR","ghEqualK",1118210,10000,100,100,1.5,3,3,3,0.2,0,1,1,1,1,1,1,1,1,1,10000,10000,10000
"HFR","ghEqualK",84147819,10000,100,100,1.5,3,1,3,0.2,0,1,1,1,1,1,1,1,1,1,10000,10000,10000
"HFR","ghEqualK",72189,10000,100,100,1.5,3,-1,1,0.2,0,0.9993,0.998618693044967,0.999981306955033,0.9999,0.999704009800245,1.00009599019976,1,1,1,10000,9999,9993
"HFR","ghEqualK",13036794,10000,100,100,1.5,3,-3,3,0.2,0,1,1,1,1,1,1,1,1,1,10000,10000,10000
"HFR","ghEqualK",43688353,10000,100,100,1.5,3,-1,3,0.2,0,1,1,1,1,1,1,1,1,1,10000,10000,10000
"HFR","ghEqualK",85140464,10000,100,100,1.5,3,1,-3,0.2,0,0.0124,0.00954932805320851,0.0152506719467915,0.0607,0.0560199275303047,0.0653800724696953,0.1142,0.108968011361643,0.119431988638357,1142,607,124
"HFR","ghEqualK",196838,10000,100,100,2,3,1,1,0.2,0,0.9996,0.999084903050306,1.00011509694969,1,1,1,1,1,1,10000,10000,9996
"HFR","ghEqualK",3245110,10000,100,100,2,3,3,3,0.2,0,1,1,1,1,1,1,1,1,1,10000,10000,10000
"HFR","ghEqualK",13546314,10000,100,100,2,3,1,3,0.2,0,1,1,1,1,1,1,1,1,1,10000,10000,10000
"HFR","ghEqualK",995206,10000,100,100,2,3,-1,1,0.2,0,1,1,1,1,1,1,1,1,1,10000,10000,10000
"HFR","ghEqualK",1288587,10000,100,100,2,3,-3,3,0.2,0,1,1,1,1,1,1,1,1,1,10000,10000,10000
"HFR","ghEqualK",55080010,10000,100,100,2,3,-1,3,0.2,0,1,1,1,1,1,1,1,1,1,10000,10000,10000
"HFR","ghEqualK",84078,10000,100,100,2,3,1,-3,0.2,0,0.0437,0.0384339660452048,0.0489660339547952,0.1245,0.118029038405306,0.130970961594694,0.2012,0.194605241161923,0.207794758838077,2012,1245,437
"HFR","ghEqualK",311249,10000,100,100,2.5,3,1,1,0.2,0,1,1,1,1,1,1,1,1,1,10000,10000,10000
"HFR","ghEqualK",24348063,10000,100,100,2.5,3,3,3,0.2,0,1,1,1,1,1,1,1,1,1,10000,10000,10000
"HFR","ghEqualK",86557341,10000,100,100,2.5,3,1,3,0.2,0,1,1,1,1,1,1,1,1,1,10000,10000,10000
"HFR","ghEqualK",1082607,10000,100,100,2.5,3,-1,1,0.2,0,1,1,1,1,1,1,1,1,1,10000,10000,10000
"HFR","ghEqualK",932273,10000,100,100,2.5,3,-3,3,0.2,0,1,1,1,1,1,1,1,1,1,10000,10000,10000
"HFR","ghEqualK",20394,10000,100,100,2.5,3,-1,3,0.2,0,1,1,1,1,1,1,1,1,1,10000,10000,10000
"HFR","ghEqualK",15895180,10000,100,100,2.5,3,1,-3,0.2,0,0.1652,0.155633741760997,0.174766258239003,0.3589,0.349498315157037,0.368301684842963,0.4711,0.462888750698829,0.479311249301171,4711,3589,1652
"HFR","ghEqualK",3561621,10000,10,100,0,3,1,1,0.2,1,0.008,0.00570519024021598,0.010294809759784,0.045,0.0409368391614409,0.0490631608385591,0.0972,0.0923270179687998,0.1020729820312,972,450,80
"HFR","ghEqualK",12694695,10000,10,100,0,3,3,3,0.2,1,0.0073,0.00510711276402639,0.00949288723597361,0.0478,0.0436184806749699,0.0519815193250301,0.0978,0.0929136255890589,0.102686374410941,978,478,73
"HFR","ghEqualK",676492,10000,10,100,0,3,-3,-3,0.2,1,0.0088,0.00639415390545114,0.0112058460945489,0.0532,0.0488011311679478,0.0575988688320522,0.1031,0.0980977286449079,0.108102271355092,1031,532,88
"HFR","ghEqualK",467747,10000,10,100,0,3,-1,-1,0.2,1,0.0084,0.00604899387398841,0.0107510061260116,0.0474,0.043235138816431,0.051564861183569,0.0984,0.0935002896965637,0.103299710303436,984,474,84
"HFR","ghEqualK",52829533,10000,10,100,0.5,3,1,1,0.2,0,0.0439,0.0386224813355608,0.0491775186644392,0.1269,0.120375926028746,0.133424073971254,0.1959,0.189371128043684,0.202428871956316,1959,1269,439
"HFR","ghEqualK",393901,10000,10,100,0.5,3,3,3,0.2,0,0.2029,0.192540392848356,0.213259607151644,0.3619,0.352481218215586,0.371318781784414,0.4701,0.461889719635787,0.478310280364213,4701,3619,2029
"HFR","ghEqualK",16652104,10000,10,100,0.5,3,1,3,0.2,0,0.2827,0.271099968238488,0.294300031761512,0.4683,0.458519715676035,0.478080284323965,0.5373,0.529097918651478,0.545502081348522,5373,4683,2827
"HFR","ghEqualK",256910380,10000,10,100,0.5,3,-1,1,0.2,0,0.1244,0.115898238347727,0.132901761652273,0.2745,0.265753265297267,0.283246734702733,0.3714,0.363451703850566,0.379348296149434,3714,2745,1244
"HFR","ghEqualK",10220822,10000,10,100,0.5,3,-3,3,0.2,0,0.3167,0.304716722935226,0.328683277064774,0.5215,0.511709064291908,0.531290935708092,0.5951,0.587025144379992,0.603174855620008,5951,5215,3167
"HFR","ghEqualK",90766,10000,10,100,0.5,3,-1,3,0.2,0,0.2835,0.271890046303348,0.295109953696652,0.4846,0.474804649438923,0.494395350561077,0.5555,0.547325827158093,0.563674172841907,5555,4846,2835
"HFR","ghEqualK",3024043,10000,10,100,0.5,3,1,-3,0.2,0,0.0541,0.0482727036625426,0.0599272963374574,0.156,0.148888035275678,0.163111964724322,0.2401,0.233073481329707,0.247126518670293,2401,1560,541
"HFR","ghEqualK",383725,10000,10,100,1,3,1,1,0.2,0,0.1485,0.139339874756839,0.157660125243161,0.304,0.294984340876009,0.313015659123991,0.4053,0.397223872374351,0.413376127625649,4053,3040,1485
"HFR","ghEqualK",41255,10000,10,100,1,3,3,3,0.2,0,0.4292,0.41644977943802,0.44195022056198,0.6221,0.612596696089549,0.631603303910451,0.6896,0.681989286299328,0.697210713700672,6896,6221,4292
"HFR","ghEqualK",18205220,10000,10,100,1,3,1,3,0.2,0,0.4558,0.442970424470874,0.468629575529125,0.653,0.643670091181582,0.662329908818418,0.7092,0.701729537898871,0.716670462101129,7092,6530,4558
"HFR","ghEqualK",14380959,10000,10,100,1,3,-1,1,0.2,0,0.2274,0.216602618640382,0.238197381359618,0.4199,0.410226571156079,0.429573428843921,0.5211,0.512882326967993,0.529317673032007,5211,4199,2274
"HFR","ghEqualK",23621,10000,10,100,1,3,-3,3,0.2,0,0.5413,0.52846401377675,0.55413598622325,0.7314,0.722712665310557,0.740087334689443,0.7954,0.788763921568343,0.802036078431657,7954,7314,5413
"HFR","ghEqualK",11890210,10000,10,100,1,3,-1,3,0.2,0,0.4613,0.448458638449749,0.474141361550251,0.6663,0.657057933665592,0.675542066334408,0.7283,0.720982447003009,0.735617552996991,7283,6663,4613
"HFR","ghEqualK",5531908,10000,10,100,1,3,1,-3,0.2,0,0.0251,0.0210703924215596,0.0291296075784404,0.0864,0.0808933054409746,0.0919066945590254,0.1504,0.144519732646078,0.156280267353922,1504,864,251
"HFR","ghEqualK",21644383,10000,10,100,1.5,3,1,1,0.2,0,0.3066,0.294722532449055,0.318477467550945,0.5057,0.495900636824691,0.515499363175309,0.6129,0.604887421476954,0.620912578523046,6129,5057,3066
"HFR","ghEqualK",6456706,10000,10,100,1.5,3,3,3,0.2,0,0.5762,0.563470452620762,0.588929547379238,0.7612,0.752843534540872,0.769556465459128,0.8057,0.799191378980554,0.812208621019446,8057,7612,5762
"HFR","ghEqualK",25845,10000,10,100,1.5,3,1,3,0.2,0,0.6063,0.593714445628855,0.618885554371145,0.7833,0.775224868743011,0.791375131256989,0.822,0.81570766534663,0.82829233465337,8220,7833,6063
"HFR","ghEqualK",10909916,10000,10,100,1.5,3,-1,1,0.2,0,0.3878,0.375248477073836,0.400351522926164,0.6112,0.601645436034564,0.620754563965435,0.7109,0.703442483803774,0.718357516196226,7109,6112,3878
"HFR","ghEqualK",51627,10000,10,100,1.5,3,-3,3,0.2,0,0.8826,0.874307950829992,0.890892049170008,0.9557,0.951667088168383,0.959732911831617,0.9752,0.972641775881905,0.977758224118094,9752,9557,8826
"HFR","ghEqualK",2132251,10000,10,100,1.5,3,-1,3,0.2,0,0.673,0.660915539482062,0.685084460517938,0.8339,0.826605460598064,0.841194539401936,0.8799,0.87455245971647,0.88524754028353,8799,8339,6730
"HFR","ghEqualK",20324,10000,10,100,1.5,3,1,-3,0.2,0,0.0148,0.011689437600289,0.017910562399711,0.0601,0.055441628370514,0.064758371629486,0.1177,0.112398945449934,0.123001054550066,1177,601,148
"HFR","ghEqualK",100667,10000,10,100,2,3,1,1,0.2,0,0.491,0.478122086729039,0.503877913270961,0.6868,0.677709618887989,0.695890381112011,0.765,0.758025219398612,0.771974780601388,7650,6868,4910
"HFR","ghEqualK",13947779,10000,10,100,2,3,3,3,0.2,0,0.6881,0.676166184342296,0.700033815657704,0.846,0.838925404503436,0.853074595496564,0.8725,0.867013394778246,0.877986605221754,8725,8460,6881
"HFR","ghEqualK",1060680,10000,10,100,2,3,1,3,0.2,0,0.7351,0.72373262861269,0.74646737138731,0.8782,0.871789728383165,0.884610271616835,0.9019,0.897006950610818,0.906793049389182,9019,8782,7351
"HFR","ghEqualK",190293267,10000,10,100,2,3,-1,1,0.2,0,0.6,0.587380228845181,0.612619771154819,0.7902,0.782219551010526,0.798180448989474,0.8604,0.854698897985161,0.866101102014839,8604,7902,6000
"HFR","ghEqualK",38219,10000,10,100,2,3,-3,3,0.2,0,0.9996,0.999084903050306,1.00011509694969,1,1,1,1,1,1,10000,10000,9996
"HFR","ghEqualK",521793,10000,10,100,2,3,-1,3,0.2,0,0.8479,0.838649125625392,0.857150874374608,0.938,0.933273351191383,0.942726648808617,0.9607,0.957503637161589,0.963896362838411,9607,9380,8479
"HFR","ghEqualK",260879,10000,10,100,2,3,1,-3,0.2,0,0.015,0.0118688086867775,0.0181311913132225,0.0703,0.0652892221456544,0.0753107778543456,0.1304,0.124860577846598,0.135939422153402,1304,703,150
"HFR","ghEqualK",33623,10000,10,100,2.5,3,1,1,0.2,0,0.6494,0.637108413077228,0.661691586922772,0.8074,0.79967090606873,0.81512909393127,0.8655,0.859887445378941,0.871112554621059,8655,8074,6494
"HFR","ghEqualK",77436,10000,10,100,2.5,3,3,3,0.2,0,0.7654,0.754484237158293,0.776315762841707,0.8991,0.893196553207625,0.905003446792375,0.9129,0.908261403634937,0.917538596365063,9129,8991,7654
"HFR","ghEqualK",1607111,10000,10,100,2.5,3,1,3,0.2,0,0.8213,0.811431320465703,0.831168679534297,0.9287,0.923656424120765,0.933743575879235,0.9441,0.940320965949879,0.947879034050121,9441,9287,8213
"HFR","ghEqualK",103000,10000,10,100,2.5,3,-1,1,0.2,0,0.8081,0.797955844464044,0.818244155535956,0.9213,0.916022308833439,0.926577691166561,0.9523,0.948793999417032,0.955806000582968,9523,9213,8081
"HFR","ghEqualK",529019,10000,10,100,2.5,3,-3,3,0.2,0,1,1,1,1,1,1,1,1,1,10000,10000,10000
"HFR","ghEqualK",1446913,10000,10,100,2.5,3,-1,3,0.2,0,0.9593,0.954209970662032,0.964390029337968,0.9867,0.984454699588563,0.988945300411437,0.9918,0.990316509121059,0.993283490878941,9918,9867,9593
"HFR","ghEqualK",128201,10000,10,100,2.5,3,1,-3,0.2,0,0.0281,0.0238429396232536,0.0323570603767464,0.1198,0.113435340675763,0.126164659324237,0.2032,0.196580847045852,0.209819152954148,2032,1198,281
