"method","distribution","seed","N","n1","n2","delta","sd","g1","g2","h","null","power0.01","l_CI","u_CI","power0.05","l_CI","u_CI","power0.10","l_CI","u_CI"
"VW","ghEqual",228449015,1000,10,10,0,1,1,1,0,1,0.006,-0.000290927440687899,0.0122909274406879,0.046,0.0330159800369839,0.0589840199630161,0.088,0.0732631501873704,0.10273684981263
"VW","ghEqual",43374,1000,10,10,0,1,3,3,0,1,0.01,0.00189480522134107,0.0181051947786589,0.044,0.031288074009026,0.056711925990974,0.093,0.0778918593210481,0.108108140678952
"VW","ghEqual",390003,1000,10,10,0,1,1,3,0,1,0.013,0.00377266875765262,0.0222273312423474,0.094,0.0759122687326464,0.112087731267354,0.181,0.160971559222571,0.201028440777429
"VW","ghEqual",33359,1000,10,10,0,1,-1,1,0,1,0.023,0.0107888361530934,0.0352111638469066,0.138,0.116622877424686,0.159377122575314,0.246,0.223596331972197,0.268403668027803
"VW","ghEqual",430073,1000,10,10,0,1,-3,3,0,1,0.093,0.0693412945963647,0.116658705403635,0.314,0.285233769687357,0.342766230312643,0.472,0.446031081531954,0.497968918468046
"VW","ghEqual",83733,1000,10,10,0,1,-1,3,0,1,0.043,0.0264752059566238,0.0595247940433761,0.212,0.186666971566747,0.237333028433253,0.343,0.318305761000286,0.367694238999714
"VW","ghEqual",99312,1000,10,10,0,1,1,-3,0,1,0.049,0.0314153326496064,0.0665846673503936,0.226,0.200077267921764,0.251922732078236,0.368,0.342913021895812,0.393086978104188
"VW","ghEqual",319735347,1000,10,10,0.5,3,1,1,0,0,0.012,0.00313017698846251,0.0208698230115375,0.087,0.0695316821187614,0.104468317881239,0.158,0.139026367192865,0.176973632807135
"VW","ghEqual",12497775,1000,10,10,0.5,3,3,3,0,0,0.029,0.0153304419828584,0.0426695580171416,0.144,0.122239232954696,0.165760767045304,0.247,0.224565733892659,0.269434266107341
"VW","ghEqual",551267,1000,10,10,0.5,3,1,3,0,0,0.044,0.0272928972690056,0.0607071027309944,0.185,0.16093306749916,0.20906693250084,0.291,0.267371534709698,0.314628465290302
"VW","ghEqual",285053,1000,10,10,0.5,3,-1,1,0,0,0.047,0.0297598421464303,0.0642401578535697,0.245,0.218342919139561,0.271657080860439,0.378,0.352776404421653,0.403223595578347
"VW","ghEqual",1890726,1000,10,10,0.5,3,-3,3,0,0,0.154,0.124597016471385,0.183402983528615,0.447,0.416184274378169,0.477815725621831,0.605,0.579570247260836,0.630429752739164
"VW","ghEqual",2669053,1000,10,10,0.5,3,-1,3,0,0,0.099,0.0746709107563805,0.123329089243619,0.346,0.316516231339939,0.375483768660061,0.502,0.475990474323817,0.528009525676183
"VW","ghEqual",364023013,1000,10,10,0.5,3,1,-3,0,0,0.024,0.0115325857923946,0.0364674142076054,0.152,0.129747654649453,0.174252345350547,0.266,0.243014457911548,0.288985542088452
"VW","ghEqual",384836,1000,10,10,1,3,1,1,0,0,0.03,0.0161039184803773,0.0438960815196227,0.153,0.13068774360133,0.17531225639867,0.264,0.241069856485403,0.286930143514597
"VW","ghEqual",53683426,1000,10,10,1,3,3,3,0,0,0.074,0.0526760717825256,0.0953239282174744,0.238,0.211604977560154,0.264395022439846,0.355,0.330107991756891,0.379892008243109
"VW","ghEqual",2976788,1000,10,10,1,3,1,3,0,0,0.087,0.0640416393560864,0.109958360643914,0.29,0.261875536627342,0.318124463372658,0.41,0.384415093365423,0.435584906634577
"VW","ghEqual",541788,1000,10,10,1,3,-1,1,0,0,0.12,0.0935285447018869,0.146471455298113,0.407,0.376550467957619,0.437449532042381,0.543,0.517086628745472,0.568913371254528
"VW","ghEqual",891387,1000,10,10,1,3,-3,3,0,0,0.357,0.317971177104914,0.396028822895086,0.693,0.664411466606347,0.721588533393653,0.809,0.788551717016458,0.829448282983542
"VW","ghEqual",19415,1000,10,10,1,3,-1,3,0,0,0.202,0.169294334617746,0.234705665382255,0.525,0.494048441073187,0.555951558926813,0.666,0.641465554314393,0.690534445685607
"VW","ghEqual",10875713,1000,10,10,1,3,1,-3,0,0,0.014,0.00442919794876103,0.023570802051239,0.088,0.0704412002232499,0.10555879977675,0.17,0.150459781794975,0.189540218205025
"VW","ghEqual",2606046,1000,10,10,1.5,3,1,1,0,0,0.065,0.0449179362016749,0.0850820637983251,0.261,0.2337793466941,0.2882206533059,0.387,0.361663208238315,0.412336791761685
"VW","ghEqual",44823,1000,10,10,1.5,3,3,3,0,0,0.11,0.0845119151288293,0.135488084871171,0.326,0.296946743411452,0.355053256588548,0.472,0.446031081531954,0.497968918468046
"VW","ghEqual",130684,1000,10,10,1.5,3,1,3,0,0,0.158,0.128288098412656,0.187711901587344,0.391,0.360755034296597,0.421244965703403,0.555,0.529148104046802,0.580851895953199
"VW","ghEqual",6179010,1000,10,10,1.5,3,-1,1,0,0,0.239,0.204259414180184,0.273740585819816,0.567,0.536289170353115,0.597710829646885,0.719,0.69561790033006,0.74238209966994
"VW","ghEqual",1607877,1000,10,10,1.5,3,-3,3,0,0,0.705,0.667850632393,0.742149367607,0.923,0.906476490881172,0.939523509118828,0.963,0.953180714039453,0.972819285960547
"VW","ghEqual",1051077,1000,10,10,1.5,3,-1,3,0,0,0.377,0.337521507818864,0.416478492181136,0.707,0.678790227196945,0.735209772803055,0.823,0.803145797226406,0.842854202773594
"VW","ghEqual",48659,1000,10,10,1.5,3,1,-3,0,0,0.007,0.000208440607931048,0.013791559392069,0.055,0.0408696369473392,0.0691303630526608,0.113,0.0965310112097008,0.129468988790299
"VW","ghEqual",1841255,1000,10,10,2,3,1,1,0,0,0.135,0.107163104655871,0.162836895344129,0.402,0.371610770434248,0.432389229565752,0.555,0.529148104046802,0.580851895953199
"VW","ghEqual",2418360,1000,10,10,2,3,3,3,0,0,0.178,0.146840407556966,0.209159592443034,0.44,0.409233618347293,0.470766381652707,0.575,0.54928454045958,0.60071545954042
"VW","ghEqual",96071,1000,10,10,2,3,1,3,0,0,0.249,0.213773823990901,0.284226176009099,0.52,0.48903448111205,0.55096551888795,0.67,0.645539784802664,0.694460215197336
"VW","ghEqual",171886,1000,10,10,2,3,-1,1,0,0,0.369,0.329692654019077,0.408307345980923,0.745,0.717985041921187,0.772014958078813,0.846,0.827223638235803,0.864776361764197
"VW","ghEqual",43183495,1000,10,10,2,3,-3,3,0,0,0.998,0.994360630700794,1.00163936929921,1,1,1,1,1,1
"VW","ghEqual",4339699,1000,10,10,2,3,-1,3,0,0,0.607,0.567213431907539,0.64678656809246,0.873,0.852362121388088,0.893637878611912,0.945,0.933140588152231,0.956859411847769
"VW","ghEqual",45645713,1000,10,10,2,3,1,-3,0,0,0.012,0.00313017698846251,0.0208698230115375,0.054,0.0399912779169547,0.0680087220830453,0.102,0.0862563960320389,0.117743603967961
"VW","ghEqual",58262,1000,10,10,2.5,3,1,1,0,0,0.228,0.193823944809033,0.262176055190967,0.512,0.481018605428419,0.542981394571581,0.654,0.629254694160306,0.678745305839694
"VW","ghEqual",27181789,1000,10,10,2.5,3,3,3,0,0,0.227,0.19287689564978,0.26112310435022,0.543,0.512124493824392,0.573875506175608,0.695,0.671049850744202,0.718950149255798
"VW","ghEqual",179655090,1000,10,10,2.5,3,1,3,0,0,0.362,0.322851918541824,0.401148081458176,0.651,0.621456681323859,0.680543318676141,0.783,0.761557439197358,0.804442560802642
"VW","ghEqual",84239,1000,10,10,2.5,3,-1,1,0,0,0.609,0.569249473646957,0.648750526353043,0.877,0.856643250907868,0.897356749092132,0.935,0.922175855998352,0.947824144001648
"VW","ghEqual",1165457,1000,10,10,2.5,3,-3,3,0,0,1,1,1,1,1,1,1,1,1
"VW","ghEqual",72131320,1000,10,10,2.5,3,-1,3,0,0,0.857,0.828482970270801,0.885517029729199,0.972,0.961774884567889,0.982225115432111,0.992,0.987365885802011,0.996634114197989
"VW","ghEqual",78685,1000,10,10,2.5,3,1,-3,0,0,0.021,0.00931989217584016,0.0326801078241598,0.053,0.0391142610711565,0.0668857389288435,0.124,0.106855343118044,0.141144656881956
"VW","ghEqual",649434,1000,20,20,0,1,1,1,0,1,0.004,-0.00114168567534034,0.00914168567534034,0.04,0.0278543242262935,0.0521456757737065,0.081,0.0668072625975466,0.0951927374024534
"VW","ghEqual",46353,1000,20,20,0,1,3,3,0,1,0.005,-0.000745692786775151,0.0107456927867752,0.05,0.0364916322229516,0.0635083677770484,0.114,0.0974676272392618,0.130532372760738
"VW","ghEqual",79205,1000,20,20,0,1,1,3,0,1,0.047,0.0297598421464303,0.0642401578535697,0.184,0.159983480885024,0.208016519114976,0.292,0.268347668520841,0.315652331479159
"VW","ghEqual",114744,1000,20,20,0,1,-1,1,0,1,0.098,0.0737806677363722,0.122219332263628,0.291,0.262846934973257,0.319153065026743,0.418,0.392342429228393,0.443657570771607
"VW","ghEqual",439265,1000,20,20,0,1,-3,3,0,1,0.332,0.293637832983837,0.370362167016163,0.627,0.597026030733318,0.656973969266682,0.755,0.732627092849274,0.777372907150726
"VW","ghEqual",2345879,1000,20,20,0,1,-1,3,0,1,0.203,0.170234029316744,0.235765970683256,0.491,0.460014699769084,0.521985300230916,0.624,0.598802809489945,0.649197190510055
"VW","ghEqual",40744147,1000,20,20,0,1,1,-3,0,1,0.233,0.19856330206399,0.26743669793601,0.494,0.4630119103138,0.5249880896862,0.638,0.613000545807958,0.662999454192042
"VW","ghEqual",20084019,1000,20,20,0.5,3,1,1,0,0,0.029,0.0153304419828584,0.0426695580171416,0.111,0.0915298883824463,0.130470111617554,0.188,0.167675360952775,0.208324639047225
"VW","ghEqual",108924371,1000,20,20,0.5,3,3,3,0,0,0.087,0.0640416393560864,0.109958360643914,0.263,0.235712252390496,0.290287747609504,0.379,0.353763373086425,0.404236626913575
"VW","ghEqual",46384,1000,20,20,0.5,3,1,3,0,0,0.16,0.130136170801453,0.189863829198547,0.398,0.367661377855941,0.428338622144059,0.523,0.497017799116029,0.548982200883971
"VW","ghEqual",193475651,1000,20,20,0.5,3,-1,1,0,0,0.201,0.168354954589953,0.233645045410047,0.485,0.454023627714014,0.515976372285986,0.631,0.605898841561095,0.656101158438905
"VW","ghEqual",199656014,1000,20,20,0.5,3,-3,3,0,0,0.569,0.528659560358568,0.609340439641432,0.826,0.802502550810779,0.84949744918922,0.902,0.886533850320781,0.917466149679219
"VW","ghEqual",19725,1000,20,20,0.5,3,-1,3,0,0,0.405,0.365011800220565,0.444988199779435,0.683,0.65415994699034,0.71184005300966,0.794,0.772961742631577,0.815038257368423
"VW","ghEqual",43920591,1000,20,20,0.5,3,1,-3,0,0,0.087,0.0640416393560864,0.109958360643914,0.301,0.272569931438704,0.329430068561296,0.443,0.41715983021002,0.46884016978998
"VW","ghEqual",287342544,1000,20,20,1,3,1,1,0,0,0.101,0.0764536800105596,0.12554631998944,0.286,0.257991606857943,0.314008393142057,0.397,0.371548123236685,0.422451876763316
"VW","ghEqual",563243,1000,20,20,1,3,3,3,0,0,0.211,0.177762711411669,0.244237288588331,0.493,0.462012716130645,0.523987283869355,0.625,0.59981618358201,0.65018381641799
"VW","ghEqual",780095,1000,20,20,1,3,1,3,0,0,0.308,0.270392517319874,0.345607482680126,0.567,0.536289170353115,0.597710829646885,0.709,0.685371534709698,0.732628465290302
"VW","ghEqual",19328432,1000,20,20,1,3,-1,1,0,0,0.429,0.388682596150248,0.469317403849752,0.722,0.694231842236115,0.749768157763885,0.838,0.818833385017171,0.857166614982829
"VW","ghEqual",71293,1000,20,20,1,3,-3,3,0,0,0.829,0.798329477181111,0.859670522818889,0.957,0.944426787140909,0.96957321285909,0.986,0.979888210646627,0.992111789353373
"VW","ghEqual",3190690,1000,20,20,1,3,-1,3,0,0,0.661,0.622439164294533,0.699560835705467,0.884,0.864152253770264,0.903847746229736,0.939,0.92655016441976,0.95144983558024
"VW","ghEqual",17507,1000,20,20,1,3,1,-3,0,0,0.041,0.0248472269704549,0.0571527730295451,0.165,0.141993991219684,0.188006008780317,0.251,0.228444956351738,0.273555043648262
"VW","ghEqual",13411687,1000,20,20,1.5,3,1,1,0,0,0.226,0.191930123554319,0.260069876445681,0.495,0.464011228485143,0.525988771514857,0.616,0.590699921391426,0.641300078608574
"VW","ghEqual",17214405,1000,20,20,1.5,3,3,3,0,0,0.334,0.295580102075305,0.372419897924695,0.622,0.591946354204523,0.652053645795477,0.74,0.71718248019613,0.76281751980387
"VW","ghEqual",4682395,1000,20,20,1.5,3,1,3,0,0,0.438,0.397584210052802,0.478415789947198,0.724,0.69629361303959,0.75170638696041,0.835,0.815691385487949,0.854308614512051
"VW","ghEqual",26534,1000,20,20,1.5,3,-1,1,0,0,0.673,0.634785580468938,0.711214419531062,0.882,0.862004541475625,0.901995458524375,0.936,0.923268082563887,0.948731917436113
"VW","ghEqual",369641,1000,20,20,1.5,3,-3,3,0,0,0.993,0.986208440607931,0.999791559392069,1,1,1,1,1,1
"VW","ghEqual",371248,1000,20,20,1.5,3,-1,3,0,0,0.86,0.831734341854469,0.888265658145531,0.965,0.9536092124943,0.9763907875057,0.982,0.975083953593273,0.988916046406727
"VW","ghEqual",18429555,1000,20,20,1.5,3,1,-3,0,0,0.016,0.00577876439250127,0.0262212356074987,0.087,0.0695316821187614,0.104468317881239,0.148,0.129527887819743,0.166472112180257
"VW","ghEqual",838276,1000,20,20,2,3,1,1,0,0,0.416,0.375848761357288,0.456151238642712,0.705,0.676734176820761,0.733265823179239,0.811,0.790633930031177,0.831366069968823
"VW","ghEqual",641829,1000,20,20,2,3,3,3,0,0,0.501,0.460269945197385,0.541730054802615,0.767,0.740798164613905,0.793201835386095,0.859,0.8408961042321,0.8771038957679
"VW","ghEqual",11434764,1000,20,20,2,3,1,3,0,0,0.651,0.612171638311358,0.689828361688642,0.834,0.810938203226982,0.857061796773018,0.902,0.886533850320781,0.917466149679219
"VW","ghEqual",30320952,1000,20,20,2,3,-1,1,0,0,0.879,0.852433583237779,0.905566416762221,0.971,0.960599249334784,0.981400750665216,0.988,0.982335846718176,0.993664153281824
"VW","ghEqual",50739,1000,20,20,2,3,-3,3,0,0,1,1,1,1,1,1,1,1,1
"VW","ghEqual",5563631,1000,20,20,2,3,-1,3,0,0,0.975,0.962282019028163,0.987717980971837,0.997,0.993610276471451,1.00038972352855,0.999,0.997355822705728,1.00064417729427
"VW","ghEqual",42205080,1000,20,20,2,3,1,-3,0,0,0.01,0.00189480522134107,0.0181051947786589,0.048,0.0347506319546931,0.0612493680453069,0.106,0.0899864509523966,0.122013549047603
"VW","ghEqual",1452015,1000,20,20,2.5,3,1,1,0,0,0.581,0.540807877965153,0.621192122034847,0.822,0.798291614445517,0.845708385554483,0.894,0.877986450952397,0.910013549047603
"VW","ghEqual",7942249,1000,20,20,2.5,3,3,3,0,0,0.624,0.584542271882127,0.663457728117873,0.853,0.831052287918783,0.874947712081217,0.922,0.908049856850197,0.935950143149803
"VW","ghEqual",14729306,1000,20,20,2.5,3,1,3,0,0,0.771,0.73677126974625,0.80522873025375,0.922,0.905378552842788,0.938621447157212,0.967,0.957707424265845,0.976292575734155
"VW","ghEqual",106144,1000,20,20,2.5,3,-1,1,0,0,0.977,0.964788836153093,0.989211163846907,0.993,0.987832509158208,0.998167490841792,0.999,0.997355822705728,1.00064417729427
"VW","ghEqual",103322,1000,20,20,2.5,3,-3,3,0,0,1,1,1,1,1,1,1,1,1
"VW","ghEqual",965575,1000,20,20,2.5,3,-1,3,0,0,0.998,0.994360630700794,1.00163936929921,1,1,1,1,1,1
"VW","ghEqual",989585,1000,20,20,2.5,3,1,-3,0,0,0.013,0.00377266875765262,0.0222273312423474,0.054,0.0399912779169547,0.0680087220830453,0.095,0.0797471150474738,0.110252884952526
"VW","ghEqual",563232,1000,100,100,0,1,1,1,0,1,0.007,0.000208440607931048,0.013791559392069,0.043,0.0304267871409094,0.0555732128590905,0.094,0.0788192255434711,0.109180774456529
"VW","ghEqual",462685,1000,100,100,0,1,3,3,0,1,0.007,0.000208440607931048,0.013791559392069,0.049,0.0356203617986135,0.0623796382013865,0.092,0.0769650239641029,0.107034976035897
"VW","ghEqual",85730,1000,100,100,0,1,1,3,0,1,0.507,0.46627385548599,0.54772614451401,0.762,0.735604977560154,0.788395022439846,0.855,0.836683901906383,0.873316098093617
"VW","ghEqual",2465175,1000,100,100,0,1,-1,1,0,1,0.838,0.807985896537528,0.868014103462472,0.949,0.935364399595177,0.962635600404823,0.975,0.966878463238093,0.983121536761907
"VW","ghEqual",31468052,1000,100,100,0,1,-3,3,0,1,0.998,0.994360630700794,1.00163936929921,1,1,1,1,1,1
"VW","ghEqual",123056589,1000,100,100,0,1,-1,3,0,1,0.985,0.975098303660483,0.994901696339517,0.999,0.997040980245123,1.00095901975488,1,1,1
"VW","ghEqual",150037489,1000,100,100,0,1,1,-3,0,1,0.978,0.966051135768785,0.989948864231215,0.999,0.997040980245123,1.00095901975488,1,1,1
"VW","ghEqual",47771251,1000,100,100,0.5,3,1,1,0,0,0.265,0.229048876646202,0.300951123353798,0.485,0.454023627714014,0.515976372285986,0.621,0.595763373086425,0.646236626913575
"VW","ghEqual",25990982,1000,100,100,0.5,3,3,3,0,0,0.668,0.629637832983837,0.706362167016163,0.863,0.841688120458298,0.884311879541702,0.931,0.917815450710206,0.944184549289794
"VW","ghEqual",40420,1000,100,100,0.5,3,1,3,0,0,0.898,0.873346186126767,0.922653813873233,0.978,0.968908472867554,0.987091527132446,0.99,0.98482412833428,0.99517587166572
"VW","ghEqual",53834,1000,100,100,0.5,3,-1,1,0,0,0.978,0.966051135768785,0.989948864231215,0.995,0.990628277227454,0.999371722772546,0.998,0.995675946235562,1.00032405376444
"VW","ghEqual",104164552,1000,100,100,0.5,3,-3,3,0,0,1,1,1,1,1,1,1,1,1
"VW","ghEqual",77126,1000,100,100,0.5,3,-1,3,0,0,1,1,1,1,1,1,1,1,1
"VW","ghEqual",17867,1000,100,100,0.5,3,1,-3,0,0,0.837,0.806911371658781,0.867088628341219,0.952,0.938750631954693,0.965249368045307,0.983,0.976275389693447,0.989724610306553
"VW","ghEqual",18242532,1000,100,100,1,3,1,1,0,0,0.794,0.761054984206044,0.826945015793956,0.936,0.920830055820801,0.951169944179199,0.969,0.959984109307728,0.978015890692272
"VW","ghEqual",51681,1000,100,100,1,3,3,3,0,0,0.96,0.944037111840272,0.975962888159728,0.994,0.98921342477339,0.99878657522661,0.999,0.997355822705728,1.00064417729427
"VW","ghEqual",698855,1000,100,100,1,3,1,3,0,0,0.995,0.989254307213225,1.00074569278678,0.999,0.997040980245123,1.00095901975488,1,1,1
"VW","ghEqual",2044064,1000,100,100,1,3,-1,1,0,0,0.999,0.996425288322161,1.00157471167784,1,1,1,1,1,1
"VW","ghEqual",5720357,1000,100,100,1,3,-3,3,0,0,1,1,1,1,1,1,1,1,1
"VW","ghEqual",71640317,1000,100,100,1,3,-1,3,0,0,1,1,1,1,1,1,1,1,1
"VW","ghEqual",358813983,1000,100,100,1,3,1,-3,0,0,0.489,0.448279721622955,0.529720278377044,0.733,0.705580237462735,0.760419762537265,0.831,0.811505604780476,0.850494395219524
"VW","ghEqual",38353388,1000,100,100,1.5,3,1,1,0,0,0.984,0.973778764392501,0.994221235607499,0.995,0.990628277227454,0.999371722772546,1,1,1
"VW","ghEqual",24881866,1000,100,100,1.5,3,3,3,0,0,0.998,0.994360630700794,1.00163936929921,0.999,0.997040980245123,1.00095901975488,1,1,1
"VW","ghEqual",31245269,1000,100,100,1.5,3,1,3,0,0,1,1,1,1,1,1,1,1,1
"VW","ghEqual",4955225,1000,100,100,1.5,3,-1,1,0,0,1,1,1,1,1,1,1,1,1
"VW","ghEqual",3796356,1000,100,100,1.5,3,-3,3,0,0,1,1,1,1,1,1,1,1,1
"VW","ghEqual",6223847,1000,100,100,1.5,3,-1,3,0,0,1,1,1,1,1,1,1,1,1
"VW","ghEqual",20848,1000,100,100,1.5,3,1,-3,0,0,0.148,0.119073458373044,0.176926541626956,0.342,0.312597648094072,0.371402351905928,0.489,0.462996561362485,0.515003438637515
"VW","ghEqual",30001349,1000,100,100,2,3,1,1,0,0,1,1,1,1,1,1,1,1,1
"VW","ghEqual",16988,1000,100,100,2,3,3,3,0,0,0.999,0.996425288322161,1.00157471167784,1,1,1,1,1,1
"VW","ghEqual",159165095,1000,100,100,2,3,1,3,0,0,1,1,1,1,1,1,1,1,1
"VW","ghEqual",2894249,1000,100,100,2,3,-1,1,0,0,1,1,1,1,1,1,1,1,1
"VW","ghEqual",230215,1000,100,100,2,3,-3,3,0,0,1,1,1,1,1,1,1,1,1
"VW","ghEqual",136527,1000,100,100,2,3,-1,3,0,0,1,1,1,1,1,1,1,1,1
"VW","ghEqual",1932832,1000,100,100,2,3,1,-3,0,0,0.019,0.00787865885497617,0.0301213411450238,0.11,0.0906068919458484,0.129393108054152,0.17,0.150459781794975,0.189540218205025
"VW","ghEqual",275144,1000,100,100,2.5,3,1,1,0,0,1,1,1,1,1,1,1,1,1
"VW","ghEqual",5663626,1000,100,100,2.5,3,3,3,0,0,1,1,1,1,1,1,1,1,1
"VW","ghEqual",10943085,1000,100,100,2.5,3,1,3,0,0,1,1,1,1,1,1,1,1,1
"VW","ghEqual",1179959,1000,100,100,2.5,3,-1,1,0,0,1,1,1,1,1,1,1,1,1
"VW","ghEqual",1820169,1000,100,100,2.5,3,-3,3,0,0,1,1,1,1,1,1,1,1,1
"VW","ghEqual",199168745,1000,100,100,2.5,3,-1,3,0,0,1,1,1,1,1,1,1,1,1
"VW","ghEqual",32807989,1000,100,100,2.5,3,1,-3,0,0,0.017,0.00646954641356793,0.0275304535864321,0.059,0.0443958296914888,0.0736041703085112,0.106,0.0899864509523966,0.122013549047603
"VW","ghEqual",850295,1000,10,100,0,1,1,1,0,1,0.008,0.000743174362298623,0.0152568256377014,0.043,0.0304267871409094,0.0555732128590905,0.085,0.0704927227097915,0.0995072772902085
"VW","ghEqual",4060358,1000,10,100,0,1,3,3,0,1,0.007,0.000208440607931048,0.013791559392069,0.047,0.0338824885896753,0.0601175114103247,0.097,0.0816044345418884,0.112395565458112
"VW","ghEqual",18782938,1000,10,100,0,1,1,3,0,1,0.162,0.131985896537528,0.192014103462472,0.346,0.316516231339939,0.375483768660061,0.446,0.420142399935416,0.471857600064584
"VW","ghEqual",140328773,1000,10,100,0,1,-1,1,0,1,0.184,0.152435432020317,0.215564567979683,0.39,0.359768945767638,0.420231054232362,0.5,0.473990266245115,0.526009733754885
"VW","ghEqual",143950630,1000,10,100,0,1,-3,3,0,1,0.469,0.428348222434142,0.509651777565858,0.722,0.694231842236115,0.749768157763885,0.792,0.770886503501315,0.813113496498685
"VW","ghEqual",245515981,1000,10,100,0,1,-1,3,0,1,0.355,0.316020174325685,0.393979825674315,0.577,0.546379367191385,0.607620632808614,0.672,0.647577649449736,0.696422350550264
"VW","ghEqual",1838456,1000,10,100,0,1,1,-3,0,1,0.368,0.328714859819825,0.407285140180175,0.574,0.543350964152196,0.604649035847804,0.693,0.669006052330327,0.716993947669673
"VW","ghEqual",27891189,1000,10,100,0.5,3,1,1,0,0,0.098,0.0737806677363722,0.122219332263628,0.215,0.189536967187705,0.240463032812295,0.316,0.291815478760166,0.340184521239834
"VW","ghEqual",143699072,1000,10,100,0.5,3,3,3,0,0,0.23,0.19571886919018,0.26428113080982,0.409,0.378527262833805,0.439472737166195,0.522,0.496015455865072,0.547984544134928
"VW","ghEqual",136670330,1000,10,100,0.5,3,1,3,0,0,0.34,0.301411554392539,0.378588445607461,0.531,0.500069299678152,0.561930700321849,0.623,0.597789549829981,0.648210450170019
"VW","ghEqual",90701,1000,10,100,0.5,3,-1,1,0,0,0.322,0.28393825971903,0.36006174028097,0.561,0.530241173520435,0.591758826479565,0.683,0.65879495550975,0.70720504449025
"VW","ghEqual",487820,1000,10,100,0.5,3,-3,3,0,0,0.644,0.604995582957004,0.683004417042997,0.844,0.821509992832371,0.866490007167629,0.912,0.89726315018737,0.92673684981263
"VW","ghEqual",1001966,1000,10,100,0.5,3,-1,3,0,0,0.549,0.508465921722284,0.589534078277716,0.756,0.729379765170082,0.782620234829918,0.838,0.818833385017171,0.857166614982829
"VW","ghEqual",146364543,1000,10,100,0.5,3,1,-3,0,0,0.206,0.173054984206044,0.238945015793956,0.422,0.391389091722067,0.452610908277933,0.535,0.509054068346367,0.560945931653633
"VW","ghEqual",394787,1000,10,100,1,3,1,1,0,0,0.262,0.226180073921684,0.297819926078316,0.438,0.407248855474958,0.468751144525042,0.55,0.524120641671402,0.575879358328598
"VW","ghEqual",4107128,1000,10,100,1,3,3,3,0,0,0.438,0.397584210052802,0.478415789947198,0.629,0.599058858832703,0.658941141167297,0.703,0.679230404593788,0.726769595406212
"VW","ghEqual",572256,1000,10,100,1,3,1,3,0,0,0.489,0.448279721622955,0.529720278377044,0.67,0.640855913807429,0.699144086192571,0.749,0.726444956351738,0.771555043648262
"VW","ghEqual",70707,1000,10,100,1,3,-1,1,0,0,0.541,0.500407029419566,0.581592970580434,0.755,0.728342919139561,0.781657080860439,0.85,0.831425334794403,0.868574665205597
"VW","ghEqual",4083242,1000,10,100,1,3,-3,3,0,0,0.854,0.825235871388412,0.882764128611588,0.954,0.941015980036984,0.966984019963016,0.978,0.970369611156697,0.985630388843303
"VW","ghEqual",3148544,1000,10,100,1,3,-1,3,0,0,0.741,0.705313426976747,0.776686573023253,0.89,0.870606891945848,0.909393108054152,0.936,0.923268082563887,0.948731917436113
"VW","ghEqual",18590141,1000,10,100,1,3,1,-3,0,0,0.122,0.0953392089011597,0.14866079109884,0.271,0.243451086148452,0.298548913851548,0.37,0.344884776976901,0.395115223023099
"VW","ghEqual",2054232,1000,10,100,1.5,3,1,1,0,0,0.424,0.383743127818669,0.464256872181331,0.625,0.594993750650906,0.655006249349094,0.714,0.690492955755774,0.737507044244226
"VW","ghEqual",150460,1000,10,100,1.5,3,3,3,0,0,0.572,0.531694365937055,0.612305634062945,0.746,0.719019975270582,0.772980024729418,0.803,0.78231017639575,0.82368982360425
"VW","ghEqual",6021990,1000,10,100,1.5,3,1,3,0,0,0.676,0.637876592457861,0.714123407542139,0.812,0.787783408794795,0.836216591205205,0.871,0.853563077594512,0.888436922405488
"VW","ghEqual",1612960,1000,10,100,1.5,3,-1,1,0,0,0.717,0.680305696028729,0.75369430397127,0.88,0.859858675316653,0.900141324683347,0.932,0.918904312144832,0.945095687855168
"VW","ghEqual",921322,1000,10,100,1.5,3,-3,3,0,0,0.99,0.981894805221341,0.998105194778659,1,1,1,1,1,1
"VW","ghEqual",1856198,1000,10,100,1.5,3,-1,3,0,0,0.901,0.876670910756381,0.925329089243619,0.966,0.954767301731107,0.977232698268893,0.981,0.973898056605759,0.988101943394241
"VW","ghEqual",91744,1000,10,100,1.5,3,1,-3,0,0,0.065,0.0449179362016749,0.0850820637983251,0.175,0.151449394912232,0.198550605087768,0.246,0.223596331972197,0.268403668027803
"VW","ghEqual",140175,1000,10,100,2,3,1,1,0,0,0.595,0.555011800220565,0.634988199779435,0.753,0.726269810595508,0.779730189404492,0.832,0.812551674869028,0.851448325130972
"VW","ghEqual",6079733,1000,10,100,2,3,3,3,0,0,0.703,0.665777825066017,0.740222174933983,0.842,0.819393118357456,0.864606881642544,0.891,0.87478869400773,0.90721130599227
"VW","ghEqual",2403242,1000,10,100,2,3,1,3,0,0,0.797,0.764234029316744,0.829765970683256,0.9,0.88140580735821,0.91859419264179,0.934,0.921084497489451,0.946915502510549
"VW","ghEqual",17261283,1000,10,100,2,3,-1,1,0,0,0.887,0.861210264362425,0.912789735637575,0.982,0.973759604281347,0.990240395718653,0.994,0.989982695791952,0.998017304208048
"VW","ghEqual",2023989,1000,10,100,2,3,-3,3,0,0,1,1,1,1,1,1,1,1,1
"VW","ghEqual",246359,1000,10,100,2,3,-1,3,0,0,0.978,0.966051135768785,0.989948864231215,0.994,0.98921342477339,0.99878657522661,0.997,0.994155053467111,0.999844946532889
"VW","ghEqual",28351,1000,10,100,2,3,1,-3,0,0,0.029,0.0153304419828584,0.0426695580171416,0.107,0.087840962404129,0.126159037595871,0.162,0.142833385017171,0.181166614982829
"VW","ghEqual",314040,1000,10,100,2.5,3,1,1,0,0,0.742,0.706358361228249,0.777641638771751,0.863,0.841688120458298,0.884311879541702,0.919,0.904807262597547,0.933192737402453
"VW","ghEqual",55341735,1000,10,100,2.5,3,3,3,0,0,0.81,0.778043061373154,0.841956938626846,0.913,0.895531682118761,0.930468317881239,0.946,0.934242679680301,0.957757320319699
"VW","ghEqual",169932790,1000,10,100,2.5,3,1,3,0,0,0.845,0.815519145846838,0.874480854153162,0.928,0.911978753306936,0.944021246693064,0.959,0.948685049831676,0.969314950168324
"VW","ghEqual",59364485,1000,10,100,2.5,3,-1,1,0,0,0.971,0.957330441982858,0.984669558017142,0.993,0.987832509158208,0.998167490841792,0.997,0.994155053467111,0.999844946532889
"VW","ghEqual",187294528,1000,10,100,2.5,3,-3,3,0,0,1,1,1,1,1,1,1,1,1
"VW","ghEqual",48826531,1000,10,100,2.5,3,-1,3,0,0,0.999,0.996425288322161,1.00157471167784,1,1,1,1,1,1
"VW","ghEqual",79015236,1000,10,100,2.5,3,1,-3,0,0,0.018,0.00716976562691277,0.0288302343730872,0.079,0.062281418289819,0.095718581710181,0.147,0.128579598788979,0.165420401211021
