"method","distribution","seed","N","n1","n2","delta","sd","null","power0.01","l_CI","u_CI","power0.05","l_CI","u_CI","power0.10","l_CI","u_CI"
"Cucconi","Normal",168241,1000,10,10,0,1,1,0.013,0.00377266875765262,0.0222273312423474,0.049,0.0356203617986135,0.0623796382013865,0.102,0.0862563960320389,0.117743603967961
"Cucconi","Normal",225515,1000,10,10,0,3,1,0.017,0.00646954641356793,0.0275304535864321,0.061,0.0461661533512039,0.0758338466487961,0.107,0.0909200934463225,0.123079906553677
"Cucconi","Normal",1455619,1000,10,10,0.5,1,0,0.04,0.0240371118402715,0.0559628881597285,0.133,0.111952939929767,0.154047060070233,0.22,0.198451127871742,0.241548872128258
"Cucconi","Normal",33450613,1000,10,10,1.5,1,0,0.511,0.470279721622956,0.551720278377045,0.774,0.748077267921764,0.799922732078236,0.864,0.846168321402627,0.881831678597373
"Cucconi","Normal",371051,1000,10,10,2,1,0,0.813,0.781237700633361,0.844762299366639,0.952,0.938750631954693,0.965249368045307,0.979,0.971541235492724,0.986458764507276
"Cucconi","Normal",163552848,1000,10,10,2.5,1,0,0.963,0.947623416027739,0.978376583972261,0.997,0.993610276471451,1.00038972352855,0.998,0.995675946235562,1.00032405376444
"Cucconi","Normal",152342895,1000,10,10,0.5,3,0,0.015,0.00509830366048322,0.0249016963395168,0.06,0.0452804130492734,0.0747195869507266,0.111,0.0946590134638388,0.127340986536161
"Cucconi","Normal",77861,1000,10,10,1.5,3,0,0.038,0.0224251026502259,0.0535748973497741,0.14,0.118493520976227,0.161506479023773,0.229,0.207141979321654,0.250858020678346
"Cucconi","Normal",194424,1000,10,10,2,3,0,0.05,0.0322461452073078,0.0677538547926922,0.179,0.15523957714181,0.20276042285819,0.307,0.283006052330327,0.330993947669673
"Cucconi","Normal",44378,1000,10,10,2.5,3,0,0.093,0.0693412945963647,0.116658705403635,0.285,0.257021042907213,0.312978957092787,0.435,0.409210985005724,0.460789014994276
"Cucconi","Normal",198535662,1000,20,20,0,1,1,0.01,0.00189480522134107,0.0181051947786589,0.038,0.0261495346251719,0.0498504653748281,0.095,0.0797471150474738,0.110252884952526
"Cucconi","Normal",1098409,1000,20,20,0,3,1,0.012,0.00313017698846251,0.0208698230115375,0.052,0.038238622394542,0.065761377605458,0.105,0.0890532542700713,0.120946745729929
"Cucconi","Normal",215990,1000,20,20,0.5,1,0,0.095,0.0711146312232781,0.118885368776722,0.255,0.227985041921187,0.282014958078813,0.395,0.369570247260836,0.420429752739164
"Cucconi","Normal",59228276,1000,20,20,1.5,1,0,0.934,0.913774872664332,0.954225127335668,0.986,0.978717868004492,0.993282131995508,0.997,0.994155053467111,0.999844946532889
"Cucconi","Normal",1805527,1000,20,20,2,1,0,0.998,0.994360630700794,1.00163936929921,1,1,1,1,1,1
"Cucconi","Normal",3503925,1000,20,20,2.5,1,0,1,1,1,1,1,1,1,1,1
"Cucconi","Normal",961753,1000,20,20,0.5,3,0,0.018,0.00716976562691277,0.0288302343730872,0.086,0.0686228562070748,0.103377143792925,0.14,0.121949919390762,0.158050080609238
"Cucconi","Normal",7956907,1000,20,20,1.5,3,0,0.074,0.0526760717825256,0.0953239282174744,0.244,0.217379765170082,0.270620234829918,0.362,0.337000545807958,0.386999454192042
"Cucconi","Normal",41382,1000,20,20,2,3,0,0.18,0.148703985276077,0.211296014723923,0.402,0.371610770434248,0.432389229565752,0.541,0.515077858460864,0.566922141539136
"Cucconi","Normal",103945557,1000,20,20,2.5,3,0,0.319,0.281032259186725,0.356967740813275,0.57,0.539314886997112,0.600685113002888,0.687,0.662877826346388,0.711122173653612
"Cucconi","Normal",920285,1000,100,100,0,1,1,0.007,0.000208440607931048,0.013791559392069,0.051,0.0373643995951773,0.0646356004048227,0.099,0.0834637609449713,0.114536239055029
"Cucconi","Normal",1099121,1000,100,100,0,3,1,0.012,0.00313017698846251,0.0208698230115375,0.054,0.0399912779169547,0.0680087220830453,0.099,0.0834637609449713,0.114536239055029
"Cucconi","Normal",2227861,1000,100,100,0.5,1,0,0.697,0.659564506558401,0.734435493441599,0.875,0.854501829349915,0.895498170650085,0.927,0.91346783765339,0.94053216234661
"Cucconi","Normal",155003284,1000,100,100,1.5,1,0,1,1,1,1,1,1,1,1,1
"Cucconi","Normal",1321700,1000,100,100,2,1,0,1,1,1,1,1,1,1,1,1
"Cucconi","Normal",6342851,1000,100,100,2.5,1,0,1,1,1,1,1,1,1,1,1
"Cucconi","Normal",1870489,1000,100,100,0.5,3,0,0.046,0.0289352880486074,0.0630647119513926,0.148,0.125990674849055,0.170009325150945,0.248,0.225535297945443,0.270464702054557
"Cucconi","Normal",80875,1000,100,100,1.5,3,0,0.683,0.645095930330161,0.720904069669839,0.874,0.853431763361921,0.894568236638079,0.932,0.918904312144832,0.945095687855168
"Cucconi","Normal",97881,1000,100,100,2,3,0,0.953,0.93575984214643,0.97024015785357,0.986,0.978717868004492,0.993282131995508,0.997,0.994155053467111,0.999844946532889
"Cucconi","Normal",1069465,1000,100,100,2.5,3,0,0.997,0.99254493479105,1.00145506520895,1,1,1,1,1,1
"Cucconi","Normal",6969814,1000,10,100,0,1,1,0.004,-0.00114168567534034,0.00914168567534034,0.044,0.031288074009026,0.056711925990974,0.095,0.0797471150474738,0.110252884952526
"Cucconi","Normal",109020194,1000,10,100,0,3,1,0.008,0.000743174362298623,0.0152568256377014,0.053,0.0391142610711565,0.0668857389288435,0.114,0.0974676272392618,0.130532372760738
"Cucconi","Normal",1958721,1000,10,100,0.5,1,0,0.075,0.0535440693513425,0.0964559306486575,0.228,0.201996479746004,0.254003520253996,0.346,0.321254694160306,0.370745305839694
"Cucconi","Normal",1610082,1000,10,100,1.5,1,0,0.928,0.906943504346259,0.949056495653741,0.981,0.972538109998351,0.989461890001649,0.992,0.987365885802011,0.996634114197989
"Cucconi","Normal",303156,1000,10,100,2,1,0,0.999,0.996425288322161,1.00157471167784,1,1,1,1,1,1
"Cucconi","Normal",206872012,1000,10,100,2.5,1,0,1,1,1,1,1,1,1,1,1
"Cucconi","Normal",244676862,1000,10,100,0.5,3,0,0.021,0.00931989217584016,0.0326801078241598,0.082,0.0649946984266671,0.099005301573333,0.154,0.135223638235803,0.172776361764197
"Cucconi","Normal",7194175,1000,10,100,1.5,3,0,0.11,0.0845119151288293,0.135488084871171,0.242,0.215454044797747,0.268545955202253,0.347,0.322237913844448,0.371762086155552
"Cucconi","Normal",22556,1000,10,100,2,3,0,0.2,0.167415890989625,0.232584109010375,0.421,0.390398944880936,0.451601055119064,0.525,0.499022798757853,0.550977201242147
"Cucconi","Normal",2518443,1000,10,100,2.5,3,0,0.349,0.310171638311358,0.387828361688642,0.596,0.565586256159427,0.626413743840573,0.708,0.684347668520841,0.731652331479159
