"method","distribution","seed","N","n1","n2","delta","scale1","scale2","null","power0.01","l_CI","u_CI","power0.05","l_CI","u_CI","power0.10","l_CI","u_CI","ct_0.10","ct_0.05","ct_0.01"
"VW","Cauchy",74214346,10000,10,10,0,1,1,1,0.007,0.00485232034567536,0.00914767965432464,0.0491,0.0448648944251176,0.0533351055748824,0.1033,0.0982934374328513,0.108306562567149,1033,491,70
"VW","Cauchy",3855625,10000,10,10,0,0.5,0.5,1,0.0077,0.00544828864991625,0.00995171135008375,0.0473,0.0431393160810271,0.0514606839189729,0.1028,0.0978041764366223,0.107795823563378,1028,473,77
"VW","Cauchy",414653,10000,10,10,0,2,2,1,0.0075,0.00527750011023622,0.00972249988976378,0.0485,0.0442895226351398,0.0527104773648602,0.0989,0.0939892192707295,0.103810780729271,989,485,75
"VW","Cauchy",88775178,10000,10,10,0.5,1,1,0,0.016,0.0127677614979089,0.0192322385020911,0.0803,0.0749735612511172,0.0856264387488828,0.15,0.144126175117524,0.155873824882476,1500,803,160
"VW","Cauchy",820441,10000,10,10,0.5,0.5,0.5,0,0.0523,0.0465650168869912,0.0580349831130088,0.1705,0.163128999202279,0.177871000797721,0.276,0.268646573998468,0.283353426001532,2760,1705,523
"VW","Cauchy",231511832,10000,10,10,0.5,2,2,0,0.0095,0.00700118041435561,0.0119988195856444,0.057,0.0524558846669566,0.0615441153330434,0.1158,0.110536247783957,0.121063752216043,1158,570,95
"VW","Cauchy",304737231,10000,10,10,0.5,0.5,2,0,0.014,0.0109734466483473,0.0170265533516527,0.0707,0.0656760680655885,0.0757239319344115,0.1353,0.129673380719226,0.140926619280774,1353,707,140
"VW","Cauchy",4525985,10000,10,10,0.5,1,2,0,0.0102,0.00761166986137858,0.0127883301386214,0.0631,0.0583344023772039,0.0678655976227961,0.124,0.118578383455094,0.129421616544906,1240,631,102
"VW","Cauchy",577879,10000,10,10,1,1,1,0,0.0517,0.0459962037213154,0.0574037962786846,0.1774,0.169912665571887,0.184887334428113,0.2802,0.272812357196243,0.287587642803757,2802,1774,517
"VW","Cauchy",38652,10000,10,10,1,0.5,0.5,0,0.1968,0.186558342322974,0.207041657677026,0.4334,0.423687326049414,0.443112673950586,0.5697,0.56155530763621,0.57784469236379,5697,4334,1968
"VW","Cauchy",64001442,10000,10,10,1,2,2,0,0.0175,0.0141222215347954,0.0208777784652046,0.0785,0.0732284470940718,0.0837715529059282,0.1478,0.141961868348187,0.153638131651813,1478,785,175
"VW","Cauchy",2170156,10000,10,10,1,0.5,2,0,0.0401,0.035046048838441,0.045153951161559,0.1381,0.131337903705033,0.144862096294967,0.2246,0.217735108515708,0.231464891484292,2246,1381,401
"VW","Cauchy",329702417,10000,10,10,1,1,2,0,0.0257,0.0216237691489593,0.0297762308510407,0.1058,0.0997714032099003,0.1118285967901,0.1859,0.179500523117709,0.192299476882291,1859,1058,257
"VW","Cauchy",286012483,10000,10,10,1.5,1,1,0,0.1118,0.103682502848847,0.119917497151153,0.3004,0.291414734053218,0.309385265946782,0.4284,0.420259768735005,0.436540231264995,4284,3004,1118
"VW","Cauchy",301898518,10000,10,10,1.5,0.5,0.5,0,0.3622,0.349818811400919,0.374581188599081,0.63,0.620537035559614,0.639462964440386,0.7467,0.739545874196397,0.753854125803603,7467,6300,3622
"VW","Cauchy",6007300,10000,10,10,1.5,2,2,0,0.0335,0.028864792384542,0.038135207615458,0.1242,0.117735732204062,0.130664267795938,0.21,0.203299779499897,0.216700220500103,2100,1242,335
"VW","Cauchy",58731,10000,10,10,1.5,0.5,2,0,0.0753,0.0685025851556628,0.0820974148443372,0.2215,0.213360977574672,0.229639022425328,0.3329,0.325147919566466,0.340652080433534,3329,2215,753
"VW","Cauchy",74267,10000,10,10,1.5,1,2,0,0.0542,0.0483676287996102,0.0600323712003898,0.1809,0.173355267997444,0.188444732002556,0.278,0.270630179690793,0.285369820309207,2780,1809,542
"VW","Cauchy",3280013,10000,10,10,2,1,1,0,0.1933,0.183127731519,0.203472268481,0.4234,0.413715687006793,0.433084312993207,0.5591,0.550932658824197,0.567267341175804,5591,4234,1933
"VW","Cauchy",2712511,10000,10,10,2,0.5,0.5,0,0.4955,0.482620521650564,0.508379478349436,0.7434,0.734839568118932,0.751960431881068,0.841,0.834984628382427,0.847015371617573,8410,7434,4955
"VW","Cauchy",1444565,10000,10,10,2,2,2,0,0.0545,0.0486524374450888,0.0603475625549112,0.1777,0.170207703938471,0.185192296061529,0.2854,0.277971102048682,0.292828897951318,2854,1777,545
"VW","Cauchy",12179715,10000,10,10,2,0.5,2,0,0.1325,0.123766495676992,0.141233504323008,0.3225,0.313338310254107,0.331661689745893,0.4465,0.438322219555749,0.454677780444251,4465,3225,1325
"VW","Cauchy",529926,10000,10,10,2,1,2,0,0.0898,0.0824353443956628,0.0971646556043372,0.2585,0.249918920555082,0.267081079444918,0.3751,0.367135753438399,0.383064246561601,3751,2585,898
"VW","Cauchy",138066,10000,10,10,2.5,1,1,0,0.2764,0.264879690226565,0.287920309773435,0.5436,0.533837329914086,0.553362670085914,0.6698,0.662063812121212,0.677536187878788,6698,5436,2764
"VW","Cauchy",332587,10000,10,10,2.5,0.5,0.5,0,0.6011,0.588486046060053,0.613713953939947,0.8204,0.812876462961186,0.827923537038814,0.8985,0.893532270222287,0.903467729777713,8985,8204,6011
"VW","Cauchy",122601471,10000,10,10,2.5,2,2,0,0.0851,0.0779121757015753,0.0922878242984247,0.2391,0.230739935051066,0.247460064948934,0.3529,0.345039006604889,0.360760993395111,3529,2391,851
"VW","Cauchy",1147673,10000,10,10,2.5,0.5,2,0,0.1941,0.183911759123394,0.204288240876606,0.4172,0.407535308566457,0.426864691433543,0.5523,0.544120119274233,0.560479880725767,5523,4172,1941
"VW","Cauchy",945706,10000,10,10,2.5,1,2,0,0.1404,0.131450935958639,0.149349064041361,0.3476,0.338266319480591,0.356933680519409,0.4745,0.466285703577033,0.482714296422967,4745,3476,1404
"VW","Cauchy",28028402,10000,10,10,5,1,1,0,0.6099,0.59733498097449,0.62246501902551,0.8218,0.814299452086574,0.829300547913426,0.8988,0.89383878908608,0.90376121091392,8988,8218,6099
"VW","Cauchy",20759,10000,10,10,5,0.5,0.5,0,0.8631,0.854245212545969,0.871954787454031,0.9482,0.943856188940389,0.952543811059611,0.9795,0.977168985081692,0.981831014918308,9795,9482,8631
"VW","Cauchy",8807136,10000,10,10,5,2,2,0,0.2776,0.266064286584375,0.289135713415625,0.5415,0.531733814437561,0.551266185562439,0.6656,0.657839214264934,0.673360785735066,6656,5415,2776
"VW","Cauchy",179015168,10000,10,10,5,0.5,2,0,0.5067,0.493821156418314,0.519578843581686,0.7576,0.749200714142357,0.765999285857643,0.8449,0.83894510022721,0.85085489977279,8449,7576,5067
"VW","Cauchy",1718855,10000,10,10,5,1,2,0,0.4194,0.406688447733559,0.432111552266441,0.6755,0.666323520502938,0.684676479497062,0.7894,0.782692763087299,0.796107236912701,7894,6755,4194
"VW","Cauchy",17777,10000,10,10,5,0.5,1,0,0.7405,0.729207838748867,0.751792161251133,0.8954,0.889401668567476,0.901398331432524,0.948,0.944347655432465,0.951652344567535,9480,8954,7405
"VW","Cauchy",60820427,10000,10,10,0.5,0.5,1,0,0.0255,0.0214392442248271,0.0295607557751729,0.1108,0.104647867526004,0.116952132473996,0.1889,0.18246099026123,0.19533900973877,1889,1108,255
"VW","Cauchy",18709149,10000,10,10,1,0.5,1,0,0.0877,0.080413575104285,0.094986424895715,0.2487,0.240227713014209,0.257172286985791,0.3722,0.364248212926398,0.380151787073602,3722,2487,877
"VW","Cauchy",47914806,10000,10,10,1.5,0.5,1,0,0.1904,0.180286194894483,0.200513805105517,0.4204,0.410724985748104,0.430075014251896,0.557,0.548828620833819,0.565171379166181,5570,4204,1904
"VW","Cauchy",72003,10000,10,10,2,0.5,1,0,0.3082,0.296305328437902,0.320094671562098,0.5672,0.557488913814325,0.576911086185675,0.6928,0.685211071737959,0.700388928262041,6928,5672,3082
"VW","Cauchy",9223091,10000,10,10,2.5,0.5,1,0,0.4112,0.398524756465856,0.423875243534144,0.6675,0.658266262349406,0.676733737650594,0.7885,0.781782279399277,0.795217720600723,7885,6675,4112
"VW","Cauchy",92568,10000,20,20,0,1,1,1,0.0096,0.00708818996570521,0.0121118100342948,0.0513,0.046976064527586,0.055623935472414,0.1064,0.101327660705197,0.111472339294803,1064,513,96
"VW","Cauchy",155063,10000,20,20,0,0.5,0.5,1,0.0095,0.00700118041435561,0.0119988195856444,0.0493,0.0450567240295262,0.0535432759704738,0.0999,0.0949671940952461,0.104832805904754,999,493,95
"VW","Cauchy",4509093,10000,20,20,0,2,2,1,0.0093,0.00682737409756834,0.0117726259024317,0.0493,0.0450567240295262,0.0535432759704738,0.0987,0.093793642789016,0.103606357210984,987,493,93
"VW","Cauchy",4370457,10000,20,20,0.5,1,1,0,0.0334,0.0287714763463342,0.0380285236536658,0.117,0.110700162402093,0.123299837597907,0.1942,0.187692650291255,0.200707349708745,1942,1170,334
"VW","Cauchy",386397,10000,20,20,0.5,0.5,0.5,0,0.115,0.106781994752983,0.123218005247017,0.2925,0.283583750171737,0.301416249828263,0.4152,0.407094155713413,0.423305844286587,4152,2925,1150
"VW","Cauchy",108576,10000,20,20,0.5,2,2,0,0.013,0.0100820616549351,0.0159179383450649,0.0648,0.059975016601728,0.069624983398272,0.1291,0.123584140837823,0.134615859162177,1291,648,130
"VW","Cauchy",271221,10000,20,20,0.5,0.5,2,0,0.0227,0.0188631684141083,0.0265368315858917,0.0896,0.0840020862766205,0.0951979137233794,0.1603,0.154264757291063,0.166335242708937,1603,896,227
"VW","Cauchy",1471311,10000,20,20,0.5,1,2,0,0.0182,0.0147565556668103,0.0216434443331897,0.0777,0.0724531012327662,0.0829468987672339,0.1408,0.135078441221625,0.146521558778375,1408,777,182
"VW","Cauchy",4767664,10000,20,20,1,1,1,0,0.1222,0.113763170939766,0.130636829060234,0.3059,0.296868563514568,0.314931436485432,0.4228,0.414673630737137,0.430926369262863,4228,3059,1222
"VW","Cauchy",1448223,10000,20,20,1,0.5,0.5,0,0.4437,0.430901911677244,0.456498088322756,0.6928,0.683757872709058,0.701842127290942,0.7985,0.791901565837687,0.805098434162313,7985,6928,4437
"VW","Cauchy",41863,10000,20,20,1,2,2,0,0.0319,0.0273730957334549,0.0364269042665451,0.1167,0.110407175577088,0.122992824422912,0.2001,0.193518766571229,0.206681233428771,2001,1167,319
"VW","Cauchy",44259393,10000,20,20,1,0.5,2,0,0.0706,0.0640014343290633,0.0771985656709367,0.2079,0.199946224608753,0.215853775391247,0.3157,0.308054137858307,0.323345862141693,3157,2079,706
"VW","Cauchy",843361,10000,20,20,1,1,2,0,0.0559,0.0499821934874699,0.0618178065125301,0.1711,0.163718712082136,0.178481287917864,0.2676,0.260317455875891,0.274882544124109,2676,1711,559
"VW","Cauchy",17027,10000,20,20,1.5,1,1,0,0.2705,0.259056940884816,0.281943059115184,0.5205,0.51070824036447,0.53029175963553,0.6503,0.642455403759863,0.658144596240137,6503,5205,2705
"VW","Cauchy",307345,10000,20,20,1.5,0.5,0.5,0,0.7136,0.701954455850279,0.725245544149721,0.8896,0.8834576014087,0.8957423985913,0.9401,0.936196390737539,0.944003609262462,9401,8896,7136
"VW","Cauchy",300789263,10000,20,20,1.5,2,2,0,0.0686,0.0620885751392261,0.0751114248607739,0.2001,0.192258530382741,0.207941469617259,0.3039,0.296333987243206,0.311466012756794,3039,2001,686
"VW","Cauchy",110551,10000,20,20,1.5,0.5,2,0,0.1586,0.149189803245803,0.168010196754197,0.3798,0.370287395679752,0.389312604320248,0.5063,0.498075652926416,0.514524347073584,5063,3798,1586
"VW","Cauchy",26628413,10000,20,20,1.5,1,2,0,0.1192,0.110853149414927,0.127546850585073,0.3034,0.29438936091554,0.31241063908446,0.424,0.415870570440677,0.432129429559323,4240,3034,1192
"VW","Cauchy",139105361,10000,20,20,2,1,1,0,0.4563,0.443469287919486,0.469130712080514,0.703,0.69404404385004,0.71195595614996,0.8088,0.802331100298938,0.815268899701062,8088,7030,4563
"VW","Cauchy",156976,10000,20,20,2,0.5,0.5,0,0.8589,0.849932308347724,0.867867691652276,0.9565,0.952501996343173,0.960498003656827,0.98,0.977697,0.982303,9800,9565,8589
"VW","Cauchy",25202,10000,20,20,2,2,2,0,0.12,0.111628990827863,0.128371009172137,0.2924,0.283484644453618,0.301315355546382,0.4121,0.404003096941548,0.420196903058452,4121,2924,1200
"VW","Cauchy",238627991,10000,20,20,2,0.5,2,0,0.3075,0.295612834544771,0.319387165455229,0.5539,0.544157108513054,0.563642891486946,0.6783,0.670615734863451,0.685984265136549,6783,5539,3075
"VW","Cauchy",60005751,10000,20,20,2,1,2,0,0.2204,0.209722057718362,0.231077942281638,0.4456,0.435858176132654,0.455341823867346,0.5769,0.568772861060005,0.585027138939994,5769,4456,2204
"VW","Cauchy",170664636,10000,20,20,2.5,1,1,0,0.5981,0.585470336981025,0.610729663018975,0.8144,0.806779842640575,0.822020157359425,0.886,0.880772004694914,0.891227995305086,8860,8144,5981
"VW","Cauchy",64944,10000,20,20,2.5,0.5,0.5,0,0.9255,0.918735865936751,0.932264134063249,0.9828,0.980251686419296,0.985348313580704,0.9927,0.991299650813984,0.994100349186016,9927,9828,9255
"VW","Cauchy",1329500,10000,20,20,2.5,2,2,0,0.1864,0.176368305852394,0.196431694147606,0.4021,0.392489690272712,0.411710309727288,0.5328,0.52459271664883,0.541007283351171,5328,4021,1864
"VW","Cauchy",125899,10000,20,20,2.5,0.5,2,0,0.4397,0.426914008754718,0.452485991245281,0.6946,0.685572697883952,0.703627302116048,0.7954,0.788763921568343,0.802036078431657,7954,6946,4397
"VW","Cauchy",17501251,10000,20,20,2.5,1,2,0,0.3374,0.325220089035948,0.349579910964052,0.594,0.584374743523417,0.603625256476583,0.7117,0.704248620092642,0.719151379907358,7117,5940,3374
"VW","Cauchy",9090905,10000,20,20,5,1,1,0,0.925,0.918215038983163,0.931784961016837,0.9806,0.977896646241721,0.983303353758279,0.9917,0.990207566100702,0.993192433899298,9917,9806,9250
"VW","Cauchy",105359419,10000,20,20,5,0.5,0.5,0,0.9923,0.990048288649916,0.994551711350084,0.9996,0.999208078407842,0.999991921592158,0.9999,0.999735508225206,1.00006449177479,9999,9996,9923
"VW","Cauchy",36353536,10000,20,20,5,2,2,0,0.6027,0.590094625962896,0.615305374037104,0.8224,0.81490935693826,0.82989064306174,0.8957,0.890672068600331,0.900727931399669,8957,8224,6027
"VW","Cauchy",3034226,10000,20,20,5,0.5,2,0,0.8488,0.839571641877763,0.858028358122237,0.9569,0.952919588395354,0.960880411604646,0.98,0.977697,0.982303,9800,9569,8488
"VW","Cauchy",51038372,10000,20,20,5,1,2,0,0.7761,0.765361793603068,0.786838206396932,0.9211,0.915816180611868,0.926383819388132,0.9608,0.957607540231358,0.963992459768642,9608,9211,7761
"VW","Cauchy",126820,10000,20,20,5,0.5,1,0,0.9676,0.963038934661877,0.972161065338123,0.9951,0.993731365527834,0.996468634472166,0.998,0.997265069669969,0.998734930330031,9980,9951,9676
"VW","Cauchy",15034723,10000,20,20,0.5,0.5,1,0,0.0488,0.0432500165189204,0.0543499834810796,0.1592,0.152029095238563,0.166370904761437,0.2549,0.247731007901457,0.262068992098543,2549,1592,488
"VW","Cauchy",1710157,10000,20,20,1,0.5,1,0,0.2208,0.210115114683108,0.231484885316892,0.4456,0.435858176132654,0.455341823867346,0.5723,0.564161443171067,0.580438556828933,5723,4456,2208
"VW","Cauchy",188055,10000,20,20,1.5,0.5,1,0,0.4449,0.432098446509481,0.457701553490519,0.6967,0.68769019935306,0.70570980064694,0.7937,0.787043534178201,0.800356465821799,7937,6967,4449
"VW","Cauchy",115155,10000,20,20,2,0.5,1,0,0.639,0.62662771576505,0.65137228423495,0.8439,0.836786177637416,0.851013822362584,0.9097,0.904985247767828,0.914414752232172,9097,8439,6390
"VW","Cauchy",119643,10000,20,20,2.5,0.5,1,0,0.7716,0.760785909046298,0.782414090953702,0.9211,0.915816180611868,0.926383819388132,0.9607,0.957503637161589,0.963896362838411,9607,9211,7716
"VW","Cauchy",585900,10000,100,100,0,1,1,1,0.0101,0.00752425890101043,0.0126757410989896,0.0515,0.0471681006890741,0.0558318993109259,0.1064,0.101327660705197,0.111472339294803,1064,515,101
"VW","Cauchy",27502434,10000,100,100,0,0.5,0.5,1,0.0107,0.00804965901805522,0.0133503409819448,0.0518,0.0474561889403889,0.0561438110596111,0.1057,0.100642393795008,0.110757606204992,1057,518,107
"VW","Cauchy",174226414,10000,100,100,0,2,2,1,0.0089,0.00648064499126234,0.0113193550087377,0.0515,0.0471681006890741,0.0558318993109259,0.1003,0.0953584268450447,0.105241573154955,1003,515,89
"VW","Cauchy",100369619,10000,100,100,0.5,1,1,0,0.1726,0.162865267711076,0.182334732288924,0.3711,0.361631256634252,0.380568743365748,0.4943,0.486075534477866,0.502524465522134,4943,3711,1726
"VW","Cauchy",14783974,10000,100,100,0.5,0.5,0.5,0,0.7065,0.694769784397276,0.718230215602724,0.8797,0.873323884418739,0.886076115581261,0.9308,0.926625089816008,0.934974910183992,9308,8797,7065
"VW","Cauchy",102362,10000,100,100,0.5,2,2,0,0.0408,0.0357039870227858,0.0458960129772142,0.1366,0.129868878293301,0.143331121706699,0.2196,0.212790100533517,0.226409899466483,2196,1366,408
"VW","Cauchy",92984209,10000,100,100,0.5,0.5,2,0,0.0966,0.0889901785848192,0.104209821415181,0.2484,0.239931134163868,0.256868865836132,0.3612,0.353298269254625,0.369101730745375,3612,2484,966
"VW","Cauchy",20425919,10000,100,100,0.5,1,2,0,0.0661,0.0596997523896099,0.0725002476103901,0.1954,0.187628437121505,0.203171562878495,0.2969,0.289384124973766,0.304415875026234,2969,1954,661
"VW","Cauchy",289028231,10000,100,100,1,1,1,0,0.7054,0.693656975753189,0.717143024246811,0.8781,0.871687462575361,0.884512537424639,0.9293,0.925083485697905,0.933516514302095,9293,8781,7054
"VW","Cauchy",1072903,10000,100,100,1,0.5,0.5,0,0.9973,0.995963279371261,0.998636720628739,0.9996,0.999208078407842,0.999991921592158,0.9999,0.999735508225206,1.00006449177479,9999,9996,9973
"VW","Cauchy",10954082,10000,100,100,1,2,2,0,0.1706,0.160910142560302,0.180289857439698,0.3686,0.359144466762451,0.378055533237549,0.4931,0.484875783221791,0.501324216778209,4931,3686,1706
"VW","Cauchy",30887152,10000,100,100,1,0.5,2,0,0.4699,0.457043360001205,0.482756639998795,0.7145,0.705647616006973,0.723352383993027,0.8154,0.809017848575042,0.821782151424958,8154,7145,4699
"VW","Cauchy",27157756,10000,100,100,1,1,2,0,0.3308,0.318679889613641,0.342920110386359,0.5687,0.55899294669379,0.57840705330621,0.6937,0.686117276011434,0.701282723988566,6937,5687,3308
"VW","Cauchy",925493,10000,100,100,1.5,1,1,0,0.9644,0.959626911811745,0.969173088188256,0.9928,0.991142882881146,0.994457117118854,0.9975,0.996678528768383,0.998321471231617,9975,9928,9644
"VW","Cauchy",215061603,10000,100,100,1.5,0.5,0.5,0,1,1,1,1,1,1,1,1,1,10000,10000,10000
"VW","Cauchy",24945091,10000,100,100,1.5,2,2,0,0.4353,0.422528288899117,0.448071711100883,0.6761,0.666927937333053,0.685272062666947,0.7764,0.769545992658918,0.783254007341082,7764,6761,4353
"VW","Cauchy",3472865,10000,100,100,1.5,0.5,2,0,0.8509,0.84172462248111,0.86007537751889,0.9503,0.946040441076168,0.954559558923832,0.9772,0.974744584150006,0.979655415849994,9772,9503,8509
"VW","Cauchy",79844,10000,100,100,1.5,1,2,0,0.6995,0.687689672077982,0.711310327922018,0.8785,0.872096534216536,0.884903465783464,0.9309,0.92672788336369,0.93507211663631,9309,8785,6995
"VW","Cauchy",4628735,10000,100,100,2,1,1,0,0.9982,0.99710807981584,0.99929192018416,0.9998,0.999522841861747,1.00007715813825,1,1,1,10000,9998,9982
"VW","Cauchy",28767,10000,100,100,2,0.5,0.5,0,1,1,1,1,1,1,1,1,1,10000,10000,10000
"VW","Cauchy",73790,10000,100,100,2,2,2,0,0.7112,0.699525445225712,0.722874554774288,0.8866,0.880385209944785,0.892814790055215,0.9355,0.931459197208552,0.939540802791448,9355,8866,7112
"VW","Cauchy",331320860,10000,100,100,2,0.5,2,0,0.9781,0.974329842047438,0.981870157952562,0.9959,0.994647563067296,0.997152436932704,0.9987,0.998107272464133,0.999292727535867,9987,9959,9781
"VW","Cauchy",35459237,10000,100,100,2,1,2,0,0.913,0.905739928902166,0.920260071097834,0.9767,0.973743249862163,0.979656750137837,0.9905,0.988904286405906,0.992095713594094,9905,9767,9130
"VW","Cauchy",6503835,10000,100,100,2.5,1,1,0,1,1,1,1,1,1,1,1,1,10000,10000,10000
"VW","Cauchy",242462640,10000,100,100,2.5,0.5,0.5,0,1,1,1,1,1,1,1,1,1,10000,10000,10000
"VW","Cauchy",58145785,10000,100,100,2.5,2,2,0,0.8834,0.875132507085909,0.891667492914091,0.966,0.962447908920087,0.969552091079913,0.9836,0.981510717886067,0.985689282113933,9836,9660,8834
"VW","Cauchy",2035740,10000,100,100,2.5,0.5,2,0,0.9976,0.996339538166772,0.998860461833228,0.9996,0.999208078407842,0.999991921592158,1,1,1,10000,9996,9976
"VW","Cauchy",6224298,10000,100,100,2.5,1,2,0,0.9828,0.979450787865361,0.986149212134639,0.9967,0.995575925048051,0.997824074951949,0.9992,0.998734909885721,0.999665090114279,9992,9967,9828
"VW","Cauchy",78497802,10000,100,100,5,1,1,0,1,1,1,1,1,1,1,1,1,10000,10000,10000
"VW","Cauchy",118323754,10000,100,100,5,0.5,0.5,0,1,1,1,1,1,1,1,1,1,10000,10000,10000
"VW","Cauchy",837167,10000,100,100,5,2,2,0,0.9997,0.999253890643434,1.00014610935657,1,1,1,1,1,1,10000,10000,9997
"VW","Cauchy",4902839,10000,100,100,5,0.5,2,0,1,1,1,1,1,1,1,1,1,10000,10000,10000
"VW","Cauchy",425593,10000,100,100,5,1,2,0,1,1,1,1,1,1,1,1,1,10000,10000,10000
"VW","Cauchy",151181767,10000,100,100,5,0.5,1,0,1,1,1,1,1,1,1,1,1,10000,10000,10000
"VW","Cauchy",139935426,10000,100,100,0.5,0.5,1,0,0.3296,0.317491050638722,0.341708949361278,0.5638,0.554080108037144,0.573519891962856,0.6855,0.677861994676332,0.693138005323668,6855,5638,3296
"VW","Cauchy",49530,10000,100,100,1,0.5,1,0,0.9191,0.912075725053236,0.926124274946765,0.9792,0.976402800504504,0.981997199495495,0.9929,0.991518827788444,0.994281172211556,9929,9792,9191
"VW","Cauchy",310364112,10000,100,100,1.5,0.5,1,0,0.9975,0.99621361100751,0.99878638899249,0.9996,0.999208078407842,0.999991921592158,0.9997,0.999415120383714,0.999984879616286,9997,9996,9975
"VW","Cauchy",8323291,10000,100,100,2,0.5,1,0,1,1,1,1,1,1,1,1,1,10000,10000,10000
"VW","Cauchy",51616568,10000,100,100,2.5,0.5,1,0,1,1,1,1,1,1,1,1,1,10000,10000,10000
"VW","Cauchy",164598883,10000,10,100,0,1,1,1,0.0083,0.00596291202152422,0.0106370879784758,0.0526,0.0482246214474174,0.0569753785525826,0.103,0.0979998764437766,0.108000123556223,1030,526,83
"VW","Cauchy",4257805,10000,10,100,0,0.5,0.5,1,0.0095,0.00700118041435561,0.0119988195856444,0.0468,0.0426602795503078,0.0509397204496922,0.0998,0.0948693897156741,0.104730610284326,998,468,95
"VW","Cauchy",4937533,10000,10,100,0,2,2,1,0.0086,0.00622141025800917,0.0109785897419908,0.048,0.0438101819418977,0.0521898180581023,0.0994,0.09447818749005,0.10432181250995,994,480,86
"VW","Cauchy",147686444,10000,10,100,0.5,1,1,0,0.0271,0.0229172240157063,0.0312827759842937,0.102,0.0960680931092944,0.107931906890706,0.1804,0.174074641516594,0.186725358483406,1804,1020,271
"VW","Cauchy",60791,10000,10,100,0.5,0.5,0.5,0,0.1016,0.0938173484872221,0.109382651512778,0.2736,0.264862201292866,0.282337798707134,0.3949,0.386858759605697,0.402941240394303,3949,2736,1016
"VW","Cauchy",176121,10000,10,100,0.5,2,2,0,0.0109,0.00822527455888572,0.0135747254411143,0.06,0.0553452579018811,0.0646547420981189,0.1222,0.116812351007731,0.127587648992269,1222,600,109
"VW","Cauchy",20155,10000,10,100,0.5,0.5,2,0,0.0012,0.00030818299620606,0.00209181700379394,0.0134,0.0111463886248068,0.0156536113751932,0.0397,0.0364880807364171,0.0429119192635829,397,134,12
"VW","Cauchy",1483378,10000,10,100,0.5,1,2,0,0.0036,0.00205718458838914,0.00514281541161086,0.029,0.0257109938522405,0.0322890061477595,0.0709,0.0666779803533173,0.0751220196466827,709,290,36
"VW","Cauchy",70886,10000,10,100,1,1,1,0,0.1014,0.0936241469728458,0.109175853027154,0.2752,0.266446345961051,0.283953654038949,0.395,0.386958406100934,0.403041593899066,3950,2752,1014
"VW","Cauchy",49754711,10000,10,100,1,0.5,0.5,0,0.437,0.424222650489808,0.449777349510192,0.6852,0.676097050983687,0.694302949016313,0.7852,0.778444255967815,0.791955744032185,7852,6852,4370
"VW","Cauchy",93972741,10000,10,100,1,2,2,0,0.0282,0.0239355909120517,0.0324644090879483,0.1068,0.100746367467247,0.112853632532753,0.1823,0.175948793469523,0.188651206530477,1823,1068,282
"VW","Cauchy",3900023,10000,10,100,1,0.5,2,0,0.0065,0.00442992313031617,0.00857007686968383,0.0648,0.059975016601728,0.069624983398272,0.1562,0.150227912287993,0.162172087712007,1562,648,65
"VW","Cauchy",37161,10000,10,100,1,1,2,0,0.0134,0.0104381107640318,0.0163618892359682,0.0865,0.0809904211739916,0.0920095788260084,0.1802,0.173877377498545,0.186522622501455,1802,865,134
"VW","Cauchy",284736065,10000,10,100,1.5,1,1,0,0.2543,0.243082370023478,0.265517629976523,0.497,0.487200176401588,0.506799823598412,0.6172,0.609204146552343,0.625195853447656,6172,4970,2543
"VW","Cauchy",267234,10000,10,100,1.5,0.5,0.5,0,0.7176,0.706003700594646,0.729196299405354,0.8775,0.871073897059648,0.883926102940352,0.9282,0.923953326164173,0.932446673835827,9282,8775,7176
"VW","Cauchy",185453331,10000,10,100,1.5,2,2,0,0.0563,0.0503623166472895,0.0622376833527106,0.1791,0.171584653789053,0.186615346210947,0.2903,0.282833332315499,0.297766667684501,2903,1791,563
"VW","Cauchy",1455463,10000,10,100,1.5,0.5,2,0,0.0303,0.025884439183839,0.034715560816161,0.2109,0.202904228345532,0.218895771654468,0.395,0.386958406100934,0.403041593899066,3950,2109,303
"VW","Cauchy",19888694,10000,10,100,1.5,1,2,0,0.0428,0.0375860232749641,0.0480139767250359,0.2012,0.19334241500144,0.20905758499856,0.3398,0.332008602717362,0.347591397282638,3398,2012,428
"VW","Cauchy",928187,10000,10,100,2,1,1,0,0.4357,0.422926948483288,0.448473051516712,0.6788,0.669648026446192,0.687951973553808,0.7797,0.772882315212202,0.786517684787798,7797,6788,4357
"VW","Cauchy",18297,10000,10,100,2,0.5,0.5,0,0.8614,0.852499182273122,0.870300817726878,0.9514,0.947185405660517,0.955614594339483,0.976,0.973482343756586,0.978517656243414,9760,9514,8614
"VW","Cauchy",28278,10000,10,100,2,2,2,0,0.1033,0.0954599360650607,0.111140063934939,0.2724,0.263674185661017,0.281125814338983,0.3895,0.381478372931607,0.397521627068393,3895,2724,1033
"VW","Cauchy",39682,10000,10,100,2,0.5,2,0,0.1164,0.108138665587164,0.124661334412836,0.4429,0.433164113759169,0.452635886240831,0.6493,0.641450238049484,0.657149761950516,6493,4429,1164
"VW","Cauchy",241480448,10000,10,100,2,1,2,0,0.1148,0.10658821622627,0.12301178377373,0.3623,0.352878968695859,0.371721031304141,0.5205,0.51228191602018,0.52871808397982,5205,3623,1148
"VW","Cauchy",22440982,10000,10,100,2.5,1,1,0,0.5945,0.581852135115459,0.607147864884541,0.8022,0.794392526050918,0.810007473949082,0.8738,0.868337372333767,0.879262627666234,8738,8022,5945
"VW","Cauchy",37920,10000,10,100,2.5,0.5,0.5,0,0.9296,0.923010078431272,0.936189921568728,0.9809,0.978217219615697,0.983582780384303,0.9907,0.989121013350349,0.992278986649651,9907,9809,9296
"VW","Cauchy",1776414,10000,10,100,2.5,2,2,0,0.1717,0.161985401928647,0.181414598071353,0.3919,0.382331778845449,0.401468221154551,0.5172,0.508979868008578,0.525420131991422,5172,3919,1717
"VW","Cauchy",29107100,10000,10,100,2.5,0.5,2,0,0.2723,0.260833104180499,0.283766895819501,0.6609,0.65162128485455,0.67017871514545,0.8122,0.805775413381088,0.818624586618912,8122,6609,2723
"VW","Cauchy",62307260,10000,10,100,2.5,1,2,0,0.2242,0.213456679043874,0.234943320956126,0.5312,0.521419098032922,0.540980901967078,0.6873,0.679673890885728,0.694926109114272,6873,5312,2242
"VW","Cauchy",4206039,10000,10,100,5,1,1,0,0.9256,0.918840041972315,0.932359958027685,0.9769,0.973955665714903,0.979844334285097,0.9886,0.986853660686149,0.990346339313851,9886,9769,9256
"VW","Cauchy",163996,10000,10,100,5,0.5,0.5,0,0.9919,0.989591008611176,0.994208991388824,0.9982,0.997369191164226,0.999030808835774,0.9992,0.998734909885721,0.999665090114279,9992,9982,9919
"VW","Cauchy",271669,10000,10,100,5,2,2,0,0.6009,0.588284983450897,0.613515016549103,0.8116,0.80393578746182,0.81926421253818,0.8833,0.878018522359342,0.888581477640658,8833,8116,6009
"VW","Cauchy",20806019,10000,10,100,5,0.5,2,0,0.882,0.873689614792466,0.890310385207534,0.9762,0.973212458467301,0.979187541532699,0.9916,0.990098678153226,0.993101321846774,9916,9762,8820
"VW","Cauchy",1666642,10000,10,100,5,1,2,0,0.7785,0.76780299909814,0.78919700090186,0.9295,0.924482639263517,0.934517360736483,0.9647,0.961664366099021,0.967735633900979,9647,9295,7785
"VW","Cauchy",158622,10000,10,100,5,0.5,1,0,0.9789,0.975197830909223,0.982602169090777,0.9957,0.994417508330787,0.996982491669213,0.9981,0.997383642634591,0.998816357365409,9981,9957,9789
"VW","Cauchy",19008960,10000,10,100,0.5,0.5,1,0,0.0137,0.0107055941757577,0.0166944058242423,0.0774,0.0721623885559923,0.0826376114440076,0.1675,0.161357213388097,0.173642786611903,1675,774,137
"VW","Cauchy",61370,10000,10,100,1,0.5,1,0,0.1106,0.102520732553699,0.118679267446301,0.3556,0.346217583384735,0.364982416615265,0.5234,0.51518401229948,0.53161598770052,5234,3556,1106
"VW","Cauchy",156618514,10000,10,100,1.5,0.5,1,0,0.3576,0.345253399954408,0.369946600045592,0.668,0.658769752540695,0.677230247459305,0.793,0.786335191602341,0.799664808397659,7930,6680,3576
"VW","Cauchy",284437,10000,10,100,2,0.5,1,0,0.609,0.596429779853384,0.621570220146616,0.849,0.841982241964844,0.856017758035156,0.9167,0.912154286935059,0.921245713064941,9167,8490,6090
"VW","Cauchy",808621,10000,10,100,2.5,0.5,1,0,0.7783,0.767599545603296,0.789000454396704,0.9272,0.922107764590516,0.932292235409484,0.9633,0.960207001463179,0.966392998536821,9633,9272,7783
