"method","distribution","seed","N","n1","n2","delta","scale1","scale2","null","power0.01","l_CI","u_CI","power0.05","l_CI","u_CI","power0.10","l_CI","u_CI","ct_0.10","ct_0.05","ct_0.01"
"Mood","Cauchy",26000388,10000,10,10,0,1,1,1,8e-04,7.16886721078684e-05,0.00152831132789213,0.0213,0.0184701027492858,0.0241298972507142,0.0213,0.0189249076645791,0.0236750923354209,213,213,8
"Mood","Cauchy",250767720,10000,10,10,0,0.5,0.5,1,9e-04,0.00012754783828123,0.00167245216171877,0.025,0.0219399509807848,0.0280600490192152,0.025,0.0224317445731587,0.0275682554268413,250,250,9
"Mood","Cauchy",7172775,10000,10,10,0,2,2,1,0.001,0.00018580467797954,0.00181419532202046,0.0208,0.0180028005045045,0.0235971994954954,0.0208,0.0184523504234235,0.0231476495765765,208,208,10
"Mood","Cauchy",63032070,10000,10,10,0.5,1,1,0,0.0051,0.00326506509471753,0.00693493490528247,0.0572,0.0526484022645229,0.0617515977354771,0.0572,0.0533799090434389,0.0610200909565611,572,572,51
"Mood","Cauchy",47282060,10000,10,10,0.5,0.5,0.5,0,0.0218,0.0180382672793809,0.0255617327206191,0.1565,0.149378757324736,0.163621242675264,0.1565,0.150523242754689,0.162476757245311,1565,1565,218
"Mood","Cauchy",250735,10000,10,10,0.5,2,2,0,0.0017,0.000638791170063121,0.00276120882993688,0.0307,0.0273189284181491,0.0340810715818509,0.0307,0.0278623149223751,0.0335376850776249,307,307,17
"Mood","Cauchy",57404012,10000,10,10,0.5,0.5,2,0,0.0084,0.00604899387398841,0.0107510061260116,0.068,0.0630657802886373,0.0729342197113627,0.068,0.0638587798851063,0.0721412201148937,680,680,84
"Mood","Cauchy",4631756,10000,10,10,0.5,1,2,0,0.0039,0.00229442856754861,0.00550557143245139,0.0435,0.0395019963431733,0.0474980036568267,0.0435,0.0401445326451633,0.0468554673548367,435,435,39
"Mood","Cauchy",23874354,10000,10,10,1,1,1,0,0.0184,0.0149380400048897,0.0218619599951103,0.1527,0.145649917598099,0.159750082401901,0.1527,0.146782966555547,0.158617033444453,1527,1527,184
"Mood","Cauchy",281676,10000,10,10,1,0.5,0.5,0,0.1247,0.116189451526604,0.133210548473396,0.465,0.455224039484531,0.474775960515469,0.465,0.456795175995946,0.473204824004054,4650,4650,1247
"Mood","Cauchy",33763340,10000,10,10,1,2,2,0,0.0041,0.00245394003130384,0.00574605996869616,0.0494,0.0451526460822766,0.0536473539177234,0.0494,0.0458352565333393,0.0529647434666607,494,494,41
"Mood","Cauchy",600545,10000,10,10,1,0.5,2,0,0.0195,0.0159380570165147,0.0230619429834853,0.1437,0.136824608586444,0.150575391413556,0.1437,0.13792958220648,0.14947041779352,1437,1437,195
"Mood","Cauchy",12037066,10000,10,10,1,1,2,0,0.01,0.00743691236201335,0.0125630876379867,0.0922,0.086529561806562,0.097870438193438,0.0922,0.0874408822305074,0.0969591177694926,922,922,100
"Mood","Cauchy",184702038,10000,10,10,1.5,1,1,0,0.0609,0.0547395785370363,0.0670604214629637,0.3059,0.296868563514568,0.314931436485432,0.3059,0.298320044378298,0.313479955621702,3059,3059,609
"Mood","Cauchy",2928795,10000,10,10,1.5,0.5,0.5,0,0.2972,0.285427027281115,0.308972972718885,0.7168,0.707969166546605,0.725630833453395,0.7168,0.709388407637329,0.724211592362671,7168,7168,2972
"Mood","Cauchy",45884,10000,10,10,1.5,2,2,0,0.0093,0.00682737409756834,0.0117726259024317,0.0962,0.0904206396262562,0.101979360373744,0.0962,0.0913494654006079,0.101050534599392,962,962,93
"Mood","Cauchy",30910062,10000,10,10,1.5,0.5,2,0,0.0462,0.0407925127325664,0.0516074872674336,0.2408,0.232419645073292,0.249180354926708,0.2408,0.23376648782937,0.24783351217063,2408,2408,462
"Mood","Cauchy",576079,10000,10,10,1.5,1,2,0,0.0266,0.0224549254297004,0.0307450745702995,0.1602,0.153010887788218,0.167389112211782,0.1602,0.154166280822254,0.166233719177746,1602,1602,266
"Mood","Cauchy",1018002,10000,10,10,2,1,1,0,0.1315,0.122794501470542,0.140205498529458,0.4634,0.453626290641195,0.473173709358805,0.4634,0.455197065359574,0.471602934640426,4634,4634,1315
"Mood","Cauchy",1127507,10000,10,10,2,0.5,0.5,0,0.4751,0.462235981372362,0.487964018627638,0.8492,0.842186065031838,0.856213934968162,0.8492,0.843313304580293,0.855086695419707,8492,8492,4751
"Mood","Cauchy",646360,10000,10,10,2,2,2,0,0.0202,0.0165759827102929,0.0238240172897071,0.1515,0.144472702963443,0.158527297036557,0.1515,0.145602089987176,0.157397910012824,1515,1515,202
"Mood","Cauchy",1455444,10000,10,10,2,0.5,2,0,0.0952,0.0876396721507533,0.102760327849247,0.3694,0.359940209899665,0.378859790100335,0.3694,0.361460533308647,0.377339466691353,3694,3694,952
"Mood","Cauchy",181549,10000,10,10,2,1,2,0,0.0511,0.0454276041309598,0.0567723958690402,0.2641,0.255459285148184,0.272740714851816,0.2641,0.256847971463654,0.271352028536346,2641,2641,511
"Mood","Cauchy",30782,10000,10,10,2.5,1,1,0,0.213,0.202453143754388,0.223546856245612,0.6061,0.596523182668214,0.615676817331786,0.6061,0.598062314025108,0.614137685974892,6061,6061,2130
"Mood","Cauchy",1737274,10000,10,10,2.5,0.5,0.5,0,0.6103,0.59773730700859,0.62286269299141,0.9188,0.913446416518854,0.924153583481146,0.9188,0.914306813864038,0.923293186135962,9188,9188,6103
"Mood","Cauchy",86887681,10000,10,10,2.5,2,2,0,0.0372,0.0323248793354404,0.0420751206645596,0.2279,0.219678235930507,0.236121764069493,0.2279,0.220999590870247,0.234800409129753,2279,2279,372
"Mood","Cauchy",341983,10000,10,10,2.5,0.5,2,0,0.1606,0.151141917202051,0.170058082797949,0.4925,0.482701102562023,0.502298897437977,0.4925,0.484275925364555,0.500724074635445,4925,4925,1606
"Mood","Cauchy",336248,10000,10,10,2.5,1,2,0,0.0899,0.0825316497476691,0.0972683502523308,0.3781,0.368595709799128,0.387604290200872,0.3781,0.370123185009982,0.386076814990018,3781,3781,899
"Mood","Cauchy",1702320,10000,10,10,5,1,1,0,0.6055,0.592909979530692,0.618090020469308,0.9175,0.912107550556565,0.922892449443435,0.9175,0.912974194217117,0.922025805782883,9175,9175,6055
"Mood","Cauchy",97045606,10000,10,10,5,0.5,0.5,0,0.8819,0.873586565511748,0.890213434488252,0.9916,0.989811190991078,0.993388809008922,0.9916,0.990098678153226,0.993101321846774,9916,9916,8819
"Mood","Cauchy",43964,10000,10,10,5,2,2,0,0.2126,0.202060374149135,0.223139625850865,0.6008,0.591201214215454,0.610398785784546,0.6008,0.592743876216542,0.608856123783458,6008,6008,2126
"Mood","Cauchy",19803,10000,10,10,5,0.5,2,0,0.5022,0.489320124679003,0.515079875320997,0.8427,0.83556396568719,0.84983603431281,0.8427,0.836710828344606,0.848689171655394,8427,8427,5022
"Mood","Cauchy",7893236,10000,10,10,5,1,2,0,0.3724,0.359946478860361,0.384853521139639,0.7704,0.762156718130841,0.778643281869159,0.7704,0.763481531288385,0.777318468711615,7704,7704,3724
"Mood","Cauchy",131616771,10000,10,10,5,0.5,1,0,0.7584,0.747373352638061,0.769426647361938,0.9621,0.958357293394561,0.965842706605439,0.9621,0.958958799813292,0.965241200186708,9621,9621,7584
"Mood","Cauchy",106985949,10000,10,10,0.5,0.5,1,0,0.0109,0.00822527455888572,0.0135747254411143,0.0885,0.0829331945570193,0.0940668054429807,0.0885,0.0838278597174983,0.0931721402825017,885,885,109
"Mood","Cauchy",72910701,10000,10,10,1,0.5,1,0,0.044,0.0387167502267638,0.0492832497732362,0.2572,0.248633024971111,0.265766975028889,0.2572,0.250009860243611,0.264390139756389,2572,2572,440
"Mood","Cauchy",107921,10000,10,10,1.5,0.5,1,0,0.1371,0.128239773573797,0.145960226426203,0.4773,0.467510104893636,0.487089895106364,0.4773,0.469083480892873,0.485516519107127,4773,4773,1371
"Mood","Cauchy",136844571,10000,10,10,2,0.5,1,0,0.2549,0.243673663437175,0.266126336562825,0.6533,0.643971983163737,0.662628016836263,0.6533,0.645471128726708,0.661128871273292,6533,6533,2549
"Mood","Cauchy",33707193,10000,10,10,2.5,0.5,1,0,0.3802,0.367695172622475,0.392704827377525,0.7736,0.765397381500618,0.781802618499382,0.7736,0.766715659473733,0.780484340526267,7736,7736,3802
"Mood","Cauchy",63318117,10000,20,20,0,1,1,1,0.0056,0.00367770325743812,0.00752229674256188,0.0288,0.0255220173384229,0.0320779826615771,0.0288,0.0260488359804621,0.0315511640195379,288,288,56
"Mood","Cauchy",277239561,10000,20,20,0,0.5,0.5,1,0.0051,0.00326506509471753,0.00693493490528247,0.026,0.0228809508115453,0.0291190491884547,0.026,0.0233822265739755,0.0286177734260245,260,260,51
"Mood","Cauchy",889466,10000,20,20,0,2,2,1,0.0041,0.00245394003130384,0.00574605996869616,0.0254,0.0223162005035346,0.0284837994964654,0.0254,0.0228118111368951,0.0279881888631049,254,254,41
"Mood","Cauchy",27817007,10000,20,20,0.5,1,1,0,0.0264,0.0222701136098067,0.0305298863901933,0.1047,0.0986991371032492,0.110700862896751,0.1047,0.0996635614973699,0.10973643850263,1047,1047,264
"Mood","Cauchy",18436,10000,20,20,0.5,0.5,0.5,0,0.1338,0.125030334971582,0.142569665028418,0.3357,0.326444201994339,0.344955798005661,0.3357,0.327931740959534,0.343468259040466,3357,3357,1338
"Mood","Cauchy",8113877,10000,20,20,0.5,2,2,0,0.0074,0.00519225528409102,0.00960774471590898,0.0426,0.038641710243249,0.046558289756751,0.0426,0.0392778639541554,0.0459221360458446,426,426,74
"Mood","Cauchy",74880,10000,20,20,0.5,0.5,2,0,0.0335,0.028864792384542,0.038135207615458,0.1086,0.102501720871721,0.114698279128279,0.1086,0.103481801445909,0.113718198554091,1086,1086,335
"Mood","Cauchy",699552,10000,20,20,0.5,1,2,0,0.0151,0.0119585481968644,0.0182414518031356,0.0641,0.0592993525904937,0.0689006474095064,0.0641,0.0600708852098786,0.0681291147901214,641,641,151
"Mood","Cauchy",8624263,10000,20,20,1,1,1,0,0.1438,0.134761155533308,0.152838844466692,0.3474,0.338067574898324,0.356732425101676,0.3474,0.339567428932522,0.355232571067478,3474,3474,1438
"Mood","Cauchy",2449667,10000,20,20,1,0.5,0.5,0,0.6064,0.593815006375309,0.618984993624691,0.8363,0.829047938816474,0.843552061183526,0.8363,0.830213448649541,0.842386551350459,8363,8363,6064
"Mood","Cauchy",237167420,10000,20,20,1,2,2,0,0.0262,0.0220853643038228,0.0303146356961772,0.1005,0.0946069559682623,0.106393044031738,0.1005,0.0955540523305058,0.105445947669494,1005,1005,262
"Mood","Cauchy",269946304,10000,20,20,1,0.5,2,0,0.1118,0.103682502848847,0.119917497151153,0.2683,0.259615737644589,0.276984262355411,0.2683,0.261011422665995,0.275588577334005,2683,2683,1118
"Mood","Cauchy",2944934,10000,20,20,1,1,2,0,0.0569,0.0509326588863662,0.0628673411136338,0.1753,0.167847619398769,0.182752380601231,0.1753,0.169045323423967,0.181554676576033,1753,1753,569
"Mood","Cauchy",349135,10000,20,20,1.5,1,1,0,0.3582,0.345848818439591,0.370551181560409,0.6293,0.619833351972234,0.638766648027766,0.6293,0.621354777548125,0.637245222451875,6293,6293,3582
"Mood","Cauchy",64185,10000,20,20,1.5,0.5,0.5,0,0.8954,0.887516478688683,0.903283521311317,0.9766,0.973637063390756,0.979562936609244,0.9766,0.974113249631527,0.979086750368473,9766,9766,8954
"Mood","Cauchy",590135,10000,20,20,1.5,2,2,0,0.0676,0.061132739731028,0.074067260268972,0.2025,0.194623488145124,0.210376511854876,0.2025,0.195889356121801,0.209110643878199,2025,2025,676
"Mood","Cauchy",31029818,10000,20,20,1.5,0.5,2,0,0.2612,0.249883923145106,0.272516076854893,0.4828,0.473005800180433,0.492594199819567,0.4828,0.474579868008578,0.491020131991422,4828,4828,2612
"Mood","Cauchy",82894,10000,20,20,1.5,1,2,0,0.1457,0.136611738016861,0.154788261983139,0.3401,0.330814646303,0.349385353697,0.3401,0.332306935290017,0.347893064709983,3401,3401,1457
"Mood","Cauchy",20991342,10000,20,20,2,1,1,0,0.6176,0.605081322711619,0.630118677288381,0.8376,0.83037117987785,0.84482882012215,0.8376,0.831532954540338,0.843667045459662,8376,8376,6176
"Mood","Cauchy",25583,10000,20,20,2,0.5,0.5,0,0.9728,0.968609729189132,0.976990270810868,0.9959,0.994647563067296,0.997152436932704,0.9959,0.994848847574338,0.996951152425662,9959,9959,9728
"Mood","Cauchy",11543412,10000,20,20,2,2,2,0,0.1336,0.124835880117165,0.142364119882835,0.3386,0.329324621443499,0.347875378556501,0.3386,0.330815307282937,0.346384692717063,3386,3386,1336
"Mood","Cauchy",104261536,10000,20,20,2,0.5,2,0,0.4464,0.433594221300588,0.459205778699412,0.6804,0.671260096527074,0.689539903472926,0.6804,0.672729009585223,0.688070990414777,6804,6804,4464
"Mood","Cauchy",10671046,10000,20,20,2,1,2,0,0.2976,0.285822460388646,0.309377539611354,0.5459,0.536141380842025,0.555658619157975,0.5459,0.537709730349557,0.554090269650444,5459,5459,2976
"Mood","Cauchy",261682,10000,20,20,2.5,1,1,0,0.7896,0.779100411071343,0.800099588928657,0.9327,0.927789399634098,0.937610600365902,0.9327,0.928578603264332,0.936821396735668,9327,9327,7896
"Mood","Cauchy",786620,10000,20,20,2.5,0.5,0.5,0,0.9915,0.989135160445527,0.993864839554473,0.9993,0.998781614273345,0.999818385726655,0.9993,0.998864926265128,0.999735073734871,9993,9993,9915
"Mood","Cauchy",209105,10000,20,20,2.5,2,2,0,0.2401,0.229096770763116,0.251103229236884,0.4938,0.484000753452964,0.503599246547036,0.4938,0.485575632362309,0.502024367637691,4938,4938,2401
"Mood","Cauchy",1070558,10000,20,20,2.5,0.5,2,0,0.6087,0.596128056125346,0.621271943874654,0.8113,0.803631105567971,0.818968894432029,0.8113,0.804863606458833,0.817736393541167,8113,8113,6087
"Mood","Cauchy",4542845,10000,20,20,2.5,1,2,0,0.4608,0.447959644860179,0.473640355139821,0.7175,0.708675781564354,0.726324218435646,0.7175,0.710093959527225,0.724906040472775,7175,7175,4608
"Mood","Cauchy",99335,10000,20,20,5,1,1,0,0.9912,0.988794153905451,0.993605846094549,0.9989,0.998250299171618,0.999549700828382,0.9989,0.99835471537618,0.99944528462382,9989,9989,9912
"Mood","Cauchy",1353538,10000,20,20,5,0.5,0.5,0,0.9999,0.999642412880322,1.00015758711968,1,1,1,1,1,1,10000,10000,9999
"Mood","Cauchy",351645331,10000,20,20,5,2,2,0,0.792,0.781544612895086,0.802455387104914,0.938,0.933273351191383,0.942726648808617,0.938,0.934032991178482,0.941967008821518,9380,9380,7920
"Mood","Cauchy",97020826,10000,20,20,5,0.5,2,0,0.9554,0.950082519493107,0.960717480506893,0.9891,0.987064882816543,0.991135117183456,0.9891,0.987391955221028,0.990808044778972,9891,9891,9554
"Mood","Cauchy",130026218,10000,20,20,5,1,2,0,0.9242,0.917381898792308,0.931018101207692,0.9831,0.980573622343671,0.985626377656329,0.9831,0.980979647324152,0.985220352675848,9831,9831,9242
"Mood","Cauchy",142623,10000,20,20,5,0.5,1,0,0.9979,0.996720768647472,0.999079231352528,0.9999,0.999704009800245,1.00009599019976,0.9999,0.999735508225206,1.00006449177479,9999,9999,9979
"Mood","Cauchy",12801326,10000,20,20,0.5,0.5,1,0,0.0596,0.0535014681149982,0.0656985318850018,0.1794,0.171879736689291,0.186920263310709,0.1794,0.173088350435655,0.185711649564345,1794,1794,596
"Mood","Cauchy",3267848,10000,20,20,1,0.5,1,0,0.2937,0.281967449422523,0.305432550577477,0.5445,0.534738890065162,0.554261109934838,0.5445,0.536307639876118,0.552692360123882,5445,5445,2937
"Mood","Cauchy",18731737,10000,20,20,1.5,0.5,1,0,0.6217,0.609207353156359,0.634192646843641,0.8304,0.82304449211173,0.83775550788827,0.8304,0.824226627308059,0.836573372691941,8304,8304,6217
"Mood","Cauchy",7109910,10000,20,20,2,0.5,1,0,0.8276,0.817869733607376,0.837330266392624,0.9486,0.944272080332723,0.952927919667277,0.9486,0.944967638850679,0.952232361149321,9486,9486,8276
"Mood","Cauchy",676351,10000,20,20,2.5,0.5,1,0,0.9251,0.918319197299123,0.931880802700877,0.9826,0.980037174270771,0.985162825729229,0.9826,0.980449056977254,0.984750943022746,9826,9826,9251
"Mood","Cauchy",2658154,10000,100,100,0,1,1,1,0.0069,0.00476760873419909,0.00903239126580091,0.0365,0.0328243989824792,0.0401756010175208,0.0647,0.0606533698796684,0.0687466301203316,647,365,69
"Mood","Cauchy",21504261,10000,100,100,0,0.5,0.5,1,0.0062,0.0041779532159082,0.0082220467840918,0.0282,0.0249553409113437,0.0314446590886563,0.0609,0.0569660352070748,0.0648339647929252,609,282,62
"Mood","Cauchy",45292,10000,100,100,0,2,2,1,0.006,0.00401063406925724,0.00798936593074276,0.0325,0.0290244524172442,0.0359755475827558,0.066,0.0619157594941042,0.0700842405058958,660,325,60
"Mood","Cauchy",394557,10000,100,100,0.5,1,1,0,0.3099,0.297987232644955,0.321812767355045,0.5281,0.518315488595622,0.537884511404378,0.637,0.629089773285329,0.644910226714671,6370,5281,3099
"Mood","Cauchy",39642,10000,100,100,0.5,0.5,0.5,0,0.9367,0.930427394510226,0.942972605489773,0.9799,0.977149288906773,0.982650711093227,0.9896,0.987931168782171,0.991268831217829,9896,9799,9367
"Mood","Cauchy",24547,10000,100,100,0.5,2,2,0,0.0542,0.0483676287996102,0.0600323712003898,0.1592,0.152029095238563,0.166370904761437,0.2398,0.232776486455064,0.246823513544936,2398,1592,542
"Mood","Cauchy",1206947,10000,100,100,0.5,0.5,2,0,0.21,0.199507739812605,0.220492260187395,0.3858,0.376259039693113,0.395340960306887,0.4813,0.473080754413465,0.489519245586535,4813,3858,2100
"Mood","Cauchy",40352680,10000,100,100,0.5,1,2,0,0.1208,0.11240495234968,0.12919504765032,0.27,0.261298394630874,0.278701605369126,0.3694,0.361460533308647,0.377339466691353,3694,2700,1208
"Mood","Cauchy",7387419,10000,100,100,1,1,1,0,0.9358,0.929485995411727,0.942114004588273,0.9802,0.97746947589031,0.98293052410969,0.9913,0.989772335165432,0.992827664834568,9913,9802,9358
"Mood","Cauchy",3340040,10000,100,100,1,0.5,0.5,0,1,1,1,1,1,1,1,1,1,10000,10000,10000
"Mood","Cauchy",193560381,10000,100,100,1,2,2,0,0.3112,0.299273521706981,0.323126478293019,0.5351,0.525324177219364,0.544875822780636,0.6404,0.632505922142289,0.648294077857711,6404,5351,3112
"Mood","Cauchy",1888399,10000,100,100,1,0.5,2,0,0.7358,0.724442253869155,0.747157746130846,0.8651,0.858404312098193,0.871795687901807,0.9097,0.904985247767828,0.914414752232172,9097,8651,7358
"Mood","Cauchy",50894,10000,100,100,1,1,2,0,0.5729,0.560157634577254,0.585642365422746,0.776,0.767828327720717,0.784171672279283,0.8479,0.841992512287954,0.853807487712046,8479,7760,5729
"Mood","Cauchy",652031,10000,100,100,1.5,1,1,0,0.9996,0.999084903050306,1.00011509694969,1,1,1,1,1,1,10000,10000,9996
"Mood","Cauchy",534004,10000,100,100,1.5,0.5,0.5,0,1,1,1,1,1,1,1,1,1,10000,10000,10000
"Mood","Cauchy",1196892,10000,100,100,1.5,2,2,0,0.703,0.691229314774339,0.714770685225661,0.8629,0.856158523371367,0.869641476628633,0.9164,0.911846853950113,0.920953146049887,9164,8629,7030
"Mood","Cauchy",461982,10000,100,100,1.5,0.5,2,0,0.9741,0.970008359088319,0.978191640911681,0.9917,0.989921780885942,0.993478219114058,0.9954,0.994286875770141,0.996513124229859,9954,9917,9741
"Mood","Cauchy",153935165,10000,100,100,1.5,1,2,0,0.9313,0.92478418074552,0.93781581925448,0.9788,0.975976609284991,0.981623390715009,0.9889,0.987176530587456,0.990623469412544,9889,9788,9313
"Mood","Cauchy",151110172,10000,100,100,2,1,1,0,1,1,1,1,1,1,1,1,1,10000,10000,10000
"Mood","Cauchy",26358,10000,100,100,2,0.5,0.5,0,1,1,1,1,1,1,1,1,1,10000,10000,10000
"Mood","Cauchy",8075121,10000,100,100,2,2,2,0,0.936,0.929695164351833,0.942304835648167,0.9835,0.981003191549197,0.985996808450803,0.9925,0.991080740559526,0.993919259440474,9925,9835,9360
"Mood","Cauchy",39630300,10000,100,100,2,0.5,2,0,0.9985,0.997503068031208,0.999496931968792,0.9997,0.99936056896783,1.00003943103217,0.9998,0.999567385133966,1.00003261486603,9998,9997,9985
"Mood","Cauchy",34386102,10000,100,100,2,1,2,0,0.9946,0.992712152252648,0.996487847747353,0.9986,0.997867148687386,0.999332851312614,0.9991,0.998606722124989,0.999593277875011,9991,9986,9946
"Mood","Cauchy",2181279,10000,100,100,2.5,1,1,0,1,1,1,1,1,1,1,1,1,10000,10000,10000
"Mood","Cauchy",160865,10000,100,100,2.5,0.5,0.5,0,1,1,1,1,1,1,1,1,1,10000,10000,10000
"Mood","Cauchy",72094679,10000,100,100,2.5,2,2,0,0.9914,0.989021410258009,0.993778589741991,0.9986,0.997867148687386,0.999332851312614,0.9996,0.999271065806581,0.999928934193419,9996,9986,9914
"Mood","Cauchy",111351,10000,100,100,2.5,0.5,2,0,0.9999,0.999642412880322,1.00015758711968,1,1,1,1,1,1,10000,10000,9999
"Mood","Cauchy",2583119,10000,100,100,2.5,1,2,0,0.9998,0.999435735018296,1.0001642649817,1,1,1,1,1,1,10000,10000,9998
"Mood","Cauchy",17811,10000,100,100,5,1,1,0,1,1,1,1,1,1,1,1,1,10000,10000,10000
"Mood","Cauchy",1156412,10000,100,100,5,0.5,0.5,0,1,1,1,1,1,1,1,1,1,10000,10000,10000
"Mood","Cauchy",44151,10000,100,100,5,2,2,0,1,1,1,1,1,1,1,1,1,10000,10000,10000
"Mood","Cauchy",36519,10000,100,100,5,0.5,2,0,1,1,1,1,1,1,1,1,1,10000,10000,10000
"Mood","Cauchy",80309,10000,100,100,5,1,2,0,1,1,1,1,1,1,1,1,1,10000,10000,10000
"Mood","Cauchy",13197135,10000,100,100,5,0.5,1,0,1,1,1,1,1,1,1,1,1,10000,10000,10000
"Mood","Cauchy",42452825,10000,100,100,0.5,0.5,1,0,0.5766,0.563872045780356,0.589327954219644,0.7678,0.759524176249726,0.776075823750274,0.8428,0.836812377156467,0.848787622843533,8428,7678,5766
"Mood","Cauchy",17218458,10000,100,100,1,0.5,1,0,0.9949,0.993065065094717,0.996734934905283,0.9992,0.998645850076604,0.999754149923396,0.9998,0.999567385133966,1.00003261486603,9998,9992,9949
"Mood","Cauchy",235386733,10000,100,100,1.5,0.5,1,0,1,1,1,1,1,1,1,1,1,10000,10000,10000
"Mood","Cauchy",512709,10000,100,100,2,0.5,1,0,1,1,1,1,1,1,1,1,1,10000,10000,10000
"Mood","Cauchy",825524,10000,100,100,2.5,0.5,1,0,1,1,1,1,1,1,1,1,1,10000,10000,10000
"Mood","Cauchy",45303922,10000,10,100,0,1,1,1,0.0015,0.000503068031207746,0.00249693196879225,0.0153,0.0128942319343711,0.0177057680656289,0.0886,0.083925477275796,0.093274522724204,886,153,15
"Mood","Cauchy",3646637,10000,10,100,0,0.5,0.5,1,0.0011,0.000246107482698203,0.0019538925173018,0.0141,0.0117890951663039,0.0164109048336961,0.0894,0.0847064820333677,0.0940935179666323,894,141,11
"Mood","Cauchy",83604,10000,10,100,0,2,2,1,0.0013,0.000371813901280567,0.00222818609871943,0.0176,0.01502274979903,0.02017725020097,0.0909,0.0861711703131774,0.0956288296868226,909,176,13
"Mood","Cauchy",43526372,10000,10,100,0.5,1,1,0,0.0091,0.00665385910075809,0.0115461408992419,0.0676,0.0626792584909995,0.0725207415090004,0.226,0.219119965718835,0.232880034281165,2260,676,91
"Mood","Cauchy",73524186,10000,10,100,0.5,0.5,0.5,0,0.0428,0.0375860232749641,0.0480139767250359,0.2033,0.195411904330093,0.211188095669907,0.4802,0.471981451588273,0.488418548411727,4802,2033,428
"Mood","Cauchy",2842335,10000,10,100,0.5,2,2,0,0.003,0.00159118468151429,0.00440881531848571,0.0291,0.0258054976900296,0.0323945023099704,0.1269,0.121424437916983,0.132375562083017,1269,291,30
"Mood","Cauchy",5592590,10000,10,100,0.5,0.5,2,0,0.0296,0.0252341671115371,0.0339658328884629,0.1497,0.142707168540169,0.156692831459831,0.368,0.360066800957999,0.375933199042001,3680,1497,296
"Mood","Cauchy",106922,10000,10,100,0.5,1,2,0,0.0066,0.00451416522232848,0.00868583477767152,0.0553,0.0508201281105817,0.0597798718894183,0.2026,0.195988138641267,0.209211861358733,2026,553,66
"Mood","Cauchy",17236,10000,10,100,1,1,1,0,0.0396,0.0345763482295462,0.0446236517704538,0.2109,0.202904228345532,0.218895771654468,0.4844,0.476179004246711,0.492620995753289,4844,2109,396
"Mood","Cauchy",5558022,10000,10,100,1,0.5,0.5,0,0.1792,0.169320532537675,0.189079467462325,0.52,0.510207843138511,0.529792156861489,0.815,0.808612505034249,0.821387494965751,8150,5200,1792
"Mood","Cauchy",686068,10000,10,100,1,2,2,0,0.0089,0.00648064499126234,0.0113193550087377,0.0629,0.0581414530017662,0.0676585469982338,0.2303,0.223374141497202,0.237225858502798,2303,629,89
"Mood","Cauchy",23976134,10000,10,100,1,0.5,2,0,0.1242,0.115704105182482,0.132695894817518,0.4106,0.400957922683239,0.420242077316761,0.7152,0.707775800258721,0.722624199741278,7152,4106,1242
"Mood","Cauchy",41038,10000,10,100,1,1,2,0,0.0378,0.0328872525953377,0.0427127474046623,0.1775,0.170011010815871,0.184988989184129,0.4365,0.428341600152642,0.444658399847358,4365,1775,378
"Mood","Cauchy",228504,10000,10,100,1.5,1,1,0,0.1069,0.0989405188974115,0.114859481102589,0.3826,0.373073971713332,0.392126028286668,0.6902,0.68259333856834,0.69780666143166,6902,3826,1069
"Mood","Cauchy",1639820,10000,10,100,1.5,0.5,0.5,0,0.334,0.321850561508679,0.346149438491321,0.7144,0.705546685423956,0.723253314576044,0.9194,0.914921983670965,0.923878016329035,9194,7144,3340
"Mood","Cauchy",5472566,10000,10,100,1.5,2,2,0,0.0203,0.0166672088434902,0.0239327911565098,0.1255,0.119006814036238,0.131993185963762,0.3509,0.343049209451464,0.358750790548536,3509,1255,203
"Mood","Cauchy",7094239,10000,10,100,1.5,0.5,2,0,0.2561,0.244856334229554,0.267343665770446,0.6431,0.633709934966019,0.652490065033981,0.8886,0.883424388702858,0.893775611297142,8886,6431,2561
"Mood","Cauchy",5832105,10000,10,100,1.5,1,2,0,0.0862,0.0789702202261856,0.0934297797738144,0.3395,0.330218623897288,0.348781376102712,0.6397,0.631802562298076,0.647597437701924,6397,3395,862
"Mood","Cauchy",95134,10000,10,100,2,1,1,0,0.1772,0.167363856433926,0.187036143566074,0.5145,0.504704121766784,0.524295878233216,0.8051,0.798583765045751,0.811616234954249,8051,5145,1772
"Mood","Cauchy",83983312,10000,10,100,2,0.5,0.5,0,0.4296,0.416848309788817,0.442351690211183,0.8081,0.80038162078786,0.81581837921214,0.9591,0.955841936820444,0.962358063179555,9591,8081,4296
"Mood","Cauchy",49725,10000,10,100,2,2,2,0,0.0426,0.0373976763196987,0.0478023236803013,0.2109,0.202904228345532,0.218895771654468,0.4786,0.470382536895179,0.486817463104821,4786,2109,426
"Mood","Cauchy",141686,10000,10,100,2,0.5,2,0,0.3711,0.35865536586216,0.38354463413784,0.7744,0.766207653907311,0.782592346092689,0.9495,0.945897872541903,0.953102127458097,9495,7744,3711
"Mood","Cauchy",4812586,10000,10,100,2,1,2,0,0.1602,0.150751452521657,0.169648547478343,0.4882,0.478402729484106,0.497997270515894,0.7847,0.777938551515335,0.791461448484665,7847,4882,1602
"Mood","Cauchy",104745658,10000,10,100,2.5,1,1,0,0.2529,0.241702794686513,0.264097205313487,0.6259,0.616415762928395,0.635384237071605,0.874,0.868541077971797,0.879458922028203,8740,6259,2529
"Mood","Cauchy",13686307,10000,10,100,2.5,0.5,0.5,0,0.5041,0.491220433032879,0.516979566967121,0.8608,0.854015359849071,0.867584640150929,0.9742,0.971592046654578,0.976807953345422,9742,8608,5041
"Mood","Cauchy",21853,10000,10,100,2.5,2,2,0,0.0675,0.0610371784366269,0.0739628215633731,0.2868,0.277935559850639,0.295664440149361,0.5971,0.589031587908208,0.605168412091792,5971,2868,675
"Mood","Cauchy",467325,10000,10,100,2.5,0.5,2,0,0.4826,0.469727801460286,0.495472198539714,0.8505,0.84351101953358,0.85748898046642,0.9748,0.97222175649164,0.97737824350836,9748,8505,4826
"Mood","Cauchy",1099985,10000,10,100,2.5,1,2,0,0.2316,0.22073302133766,0.24246697866234,0.6054,0.595820213723971,0.614979786276029,0.8649,0.859276890698735,0.870523109301265,8649,6054,2316
"Mood","Cauchy",100083663,10000,10,100,5,1,1,0,0.5047,0.491820569050971,0.517579430949029,0.8639,0.857179263459531,0.870620736540469,0.977,0.974534090679384,0.979465909320616,9770,8639,5047
"Mood","Cauchy",282855154,10000,10,100,5,0.5,0.5,0,0.724,0.712484847793346,0.735515152206654,0.9621,0.958357293394561,0.965842706605439,0.9971,0.996215425818275,0.997984574181725,9971,9621,7240
"Mood","Cauchy",9227594,10000,10,100,5,2,2,0,0.2535,0.242294022489118,0.264705977510882,0.6313,0.621843933127901,0.640756066872099,0.879,0.873635206313613,0.884364793686387,8790,6313,2535
"Mood","Cauchy",12089824,10000,10,100,5,0.5,2,0,0.7098,0.698108706580737,0.721491293419263,0.9568,0.952815181655132,0.960784818344868,0.9965,0.995528509459966,0.997471490540034,9965,9568,7098
"Mood","Cauchy",87671,10000,10,100,5,1,2,0,0.5054,0.492520751183505,0.518279248816495,0.8653,0.858608504024839,0.871991495975161,0.9767,0.974218441848601,0.979181558151399,9767,8653,5054
"Mood","Cauchy",280046538,10000,10,100,5,0.5,1,0,0.716,0.704383867963285,0.727616132036715,0.9586,0.954695414346387,0.962504585653613,0.9958,0.994736159282646,0.996863840717354,9958,9586,7160
"Mood","Cauchy",1038656,10000,10,100,0.5,0.5,1,0,0.0336,0.0289581194766879,0.0382418805233121,0.178,0.17050275020024,0.18549724979976,0.4328,0.424649624094166,0.440950375905834,4328,1780,336
"Mood","Cauchy",33006,10000,10,100,1,0.5,1,0,0.1536,0.144311848430053,0.162888151569947,0.4814,0.471606783163516,0.491193216836484,0.7854,0.778646541902766,0.792153458097234,7854,4814,1536
"Mood","Cauchy",4167062,10000,10,100,1.5,0.5,1,0,0.3019,0.290074044670266,0.313725955329734,0.7007,0.691724152019915,0.709675847980085,0.9152,0.91061729571122,0.91978270428878,9152,7007,3019
"Mood","Cauchy",1411678,10000,10,100,2,0.5,1,0,0.4166,0.403900439134027,0.429299560865973,0.7918,0.783841995458559,0.799758004541441,0.9545,0.951071851968719,0.957928148031281,9545,7918,4166
"Mood","Cauchy",3845974,10000,10,100,2.5,0.5,1,0,0.4965,0.483620315563866,0.509379684436134,0.8565,0.849628592484796,0.863371407515204,0.9751,0.97253675479246,0.97766324520754,9751,8565,4965
