"method","distribution","seed","N","n1","n2","delta","rate1","null","power0.01","l_CI","u_CI","power0.05","l_CI","u_CI","power0.10","l_CI","u_CI","ct_0.10","ct_0.05","ct_0.01"
"Yuen","Exp",46757,10000,10,10,0,1,1,0.0066,0.00451416522232848,0.00868583477767152,0.0399,0.0360638043013423,0.0437361956986577,0.0867,0.0820710533029884,0.0913289466970116,867,399,66
"Yuen","Exp",37083363,10000,10,10,0,0.5,1,0.0061,0.0040942254270472,0.0081057745729528,0.038,0.0342525538082582,0.0417474461917418,0.0816,0.0770967410670049,0.0861032589329951,816,380,61
"Yuen","Exp",47139,10000,10,10,0,0.25,1,0.0067,0.00459852862937988,0.00880147137062012,0.0335,0.0299732115969341,0.0370267884030659,0.0798,0.0753423243774474,0.0842576756225526,798,335,67
"Yuen","Exp",64771,10000,10,10,0,0.125,1,0.0071,0.00493714308998861,0.00926285691001139,0.0406,0.0367317107111282,0.0444682892888718,0.089,0.0843159654038959,0.0936840345961041,890,406,71
"Yuen","Exp",1561947,10000,10,10,0.5,1,0,0.066,0.0596042531652355,0.0723957468347645,0.2158,0.207737026907052,0.223862973092948,0.3354,0.32763345970389,0.34316654029611,3354,2158,660
"Yuen","Exp",1532239,10000,10,10,0.5,0.5,0,0.0176,0.0142127568787251,0.0209872431212749,0.0825,0.0771075505565652,0.0878924494434348,0.1515,0.145602089987176,0.157397910012824,1515,825,176
"Yuen","Exp",133070537,10000,10,10,0.5,0.25,0,0.0083,0.00596291202152422,0.0106370879784758,0.047,0.0428518786710126,0.0511481213289874,0.0984,0.0935002896965637,0.103299710303436,984,470,83
"Yuen","Exp",1262698,10000,10,10,0.5,0.125,0,0.0068,0.00468301066328241,0.00891698933671759,0.045,0.0409368391614409,0.0490631608385591,0.0932,0.0884177793086893,0.0979822206913107,932,450,68
"Yuen","Exp",189670,10000,10,10,1,1,0,0.3126,0.30065887871579,0.32454112128421,0.6,0.59039800020829,0.60960199979171,0.7251,0.7177556692872,0.7324443307128,7251,6000,3126
"Yuen","Exp",99536423,10000,10,10,1,0.5,0,0.0547,0.0488423374270264,0.0605576625729736,0.2009,0.193046800955636,0.208753199044364,0.3235,0.315804498179496,0.331195501820504,3235,2009,547
"Yuen","Exp",2437881,10000,10,10,1,0.25,0,0.0177,0.0143033205488748,0.0210966794511252,0.0851,0.0796310032511986,0.0905689967488014,0.1544,0.148456092565862,0.160343907434138,1544,851,177
"Yuen","Exp",234372524,10000,10,10,1,0.125,0,0.0079,0.00561946296632043,0.0101805370336796,0.0448,0.0407454539694807,0.0488545460305193,0.0952,0.090372073248443,0.100027926751557,952,448,79
"Yuen","Exp",161731,10000,10,10,1.5,1,0,0.6422,0.629851870444362,0.654548129555638,0.866,0.859323214617797,0.872676785382203,0.9253,0.920975185501576,0.929624814498424,9253,8660,6422
"Yuen","Exp",72341,10000,10,10,1.5,0.5,0,0.1547,0.145384708492225,0.164015291507775,0.4003,0.390696801833472,0.409903198166528,0.5487,0.54051410727185,0.55688589272815,5487,4003,1547
"Yuen","Exp",141745,10000,10,10,1.5,0.25,0,0.0337,0.0290514575751687,0.0383485424248313,0.1318,0.125169845217372,0.138430154782628,0.2346,0.227629336228801,0.241570663771199,2346,1318,337
"Yuen","Exp",24769,10000,10,10,1.5,0.125,0,0.0129,0.00999315891531993,0.0158068410846801,0.0604,0.0557307616408669,0.0650692383591331,0.1221,0.116714249148635,0.127485750851365,1221,604,129
"Yuen","Exp",844241,10000,10,10,2,1,0,0.8562,0.847161155533308,0.865238844466692,0.9653,0.961712829975371,0.96888717002463,0.9855,0.983533571238419,0.987466428761582,9855,9653,8562
"Yuen","Exp",6428580,10000,10,10,2,0.5,0,0.3117,0.29976827749106,0.32363172250894,0.6012,0.591602831229493,0.610797168770507,0.7327,0.725420048643516,0.739979951356484,7327,6012,3117
"Yuen","Exp",12260552,10000,10,10,2,0.25,0,0.0605,0.0543585356070722,0.0666414643929278,0.2068,0.19886178803246,0.21473821196754,0.3292,0.321469771304521,0.336930228695479,3292,2068,605
"Yuen","Exp",185022,10000,10,10,2,0.125,0,0.0185,0.0150288220779683,0.0219711779220317,0.0801,0.074779620164086,0.085420379835914,0.1512,0.145306890873028,0.157093109126972,1512,801,185
"Yuen","Exp",162953773,10000,10,10,2.5,1,0,0.9486,0.942911877008722,0.954288122991278,0.9931,0.991477528384717,0.994722471615283,0.9974,0.996562302425036,0.998237697574964,9974,9931,9486
"Yuen","Exp",4930307,10000,10,10,2.5,0.5,0,0.4987,0.485820043534474,0.511579956465526,0.7703,0.762055458320464,0.778544541679536,0.8656,0.85998920811065,0.87121079188935,8656,7703,4987
"Yuen","Exp",7353941,10000,10,10,2.5,0.25,0,0.1001,0.0923685665253962,0.107831433474604,0.2934,0.284475725038391,0.302324274961609,0.4308,0.422654154000695,0.438945845999305,4308,2934,1001
"Yuen","Exp",96943738,10000,10,10,2.5,0.125,0,0.0224,0.0185880213086346,0.0262119786913654,0.0966,0.0908099184884494,0.102390081511551,0.178,0.17170766534663,0.18429233465337,1780,966,224
"Yuen","Exp",6050609,10000,10,10,5,1,0,0.9997,0.999253890643434,1.00014610935657,1,1,1,1,1,1,10000,10000,9997
"Yuen","Exp",1346088,10000,10,10,5,0.5,0,0.949,0.943332858545757,0.954667141454243,0.9923,0.990586741364067,0.994013258635933,0.9979,0.997146958239554,0.998653041760446,9979,9923,9490
"Yuen","Exp",4155524,10000,10,10,5,0.25,0,0.4883,0.475423526769246,0.501176473230754,0.766,0.757701905336766,0.774298094663235,0.8643,0.85866637308479,0.86993362691521,8643,7660,4883
"Yuen","Exp",73957494,10000,10,10,5,0.12,0,0.0912,0.0837838682423614,0.0986161317576386,0.2852,0.276350410947756,0.294049589052244,0.4147,0.406595575476582,0.422804424523418,4147,2852,912
"Yuen","Exp",5178192,10000,10,10,0,1.5,1,0.0074,0.00519225528409102,0.00960774471590898,0.0385,0.0347289605093555,0.0422710394906445,0.0879,0.0832421921585391,0.0925578078414609,879,385,74
"Yuen","Exp",298543350,10000,10,10,0.5,1.5,0,0.1615,0.152020538752524,0.170979461247476,0.4037,0.394083481958131,0.413316518041869,0.5508,0.542617561649215,0.558982438350785,5508,4037,1615
"Yuen","Exp",34531448,10000,10,10,1,1.5,0,0.6527,0.640435352892835,0.664964647107165,0.8706,0.864021414235385,0.877178585764615,0.9333,0.929195696649396,0.937404303350604,9333,8706,6527
"Yuen","Exp",275069,10000,10,10,1.5,1.5,0,0.9135,0.906258839257246,0.920741160742754,0.9819,0.979287062698341,0.984512937301659,0.9918,0.990316509121059,0.993283490878941,9918,9819,9135
"Yuen","Exp",1970439,10000,10,10,2,1.5,0,0.9828,0.979450787865361,0.986149212134639,0.9988,0.99812144358407,0.99947855641593,0.9998,0.999567385133966,1.00003261486603,9998,9988,9828
"Yuen","Exp",47617,10000,10,10,2.5,1.5,0,0.9986,0.997636823989136,0.999563176010864,1,1,1,1,1,1,10000,10000,9986
"Yuen","Exp",21536688,10000,10,10,5,1.5,0,1,1,1,1,1,1,1,1,1,10000,10000,10000
"Yuen","Exp",11416234,10000,20,20,0,1,1,0.0062,0.0041779532159082,0.0082220467840918,0.0423,0.0383550545816704,0.0462449454183296,0.0926,0.0878316208197019,0.0973683791802981,926,423,62
"Yuen","Exp",1988122,10000,20,20,0,0.5,1,0.0053,0.00342961998908885,0.00717038001091115,0.0404,0.0365408480964854,0.0442591519035146,0.0903,0.0855852477678276,0.0950147522321724,903,404,53
"Yuen","Exp",119321971,10000,20,20,0,0.25,1,0.0059,0.00392718254677631,0.00787281745322369,0.0414,0.0374954143463871,0.0453045856536129,0.0898,0.0850970269917955,0.0945029730082045,898,414,59
"Yuen","Exp",168053,10000,20,20,0,0.125,1,0.0077,0.00544828864991625,0.00995171135008375,0.0465,0.0423729199135466,0.0506270800864534,0.0999,0.0949671940952461,0.104832805904754,999,465,77
"Yuen","Exp",1191384,10000,20,20,0.5,1,0,0.1864,0.176368305852394,0.196431694147606,0.4157,0.406040291370771,0.425359708629229,0.5459,0.537709730349557,0.554090269650444,5459,4157,1864
"Yuen","Exp",48399,10000,20,20,0.5,0.5,0,0.0328,0.0282118149607044,0.0373881850392956,0.1338,0.127127428782726,0.140472571217274,0.2269,0.220010289289457,0.233789710710543,2269,1338,328
"Yuen","Exp",22055995,10000,20,20,0.5,0.25,0,0.013,0.0100820616549351,0.0159179383450649,0.0614,0.0566947735265558,0.0661052264734442,0.1194,0.11406594602173,0.12473405397827,1194,614,130
"Yuen","Exp",70191464,10000,20,20,0.5,0.125,0,0.0084,0.00604899387398841,0.0107510061260116,0.0469,0.042756076518274,0.051043923481726,0.0996,0.0946737855402348,0.104526214459765,996,469,84
"Yuen","Exp",251061,10000,20,20,1,1,0,0.7398,0.728497964468889,0.751102035531111,0.9001,0.894222614241144,0.905977385758856,0.9464,0.942695021748836,0.950104978251164,9464,9001,7398
"Yuen","Exp",61425,10000,20,20,1,0.5,0,0.1822,0.172256401088881,0.192143598911119,0.4092,0.399562949668202,0.418837050331798,0.5371,0.528897673195186,0.545302326804814,5371,4092,1822
"Yuen","Exp",549914,10000,20,20,1,0.25,0,0.0342,0.0295183115208361,0.0388816884791639,0.1299,0.123310609715732,0.136489390284268,0.2156,0.208835135952911,0.222364864047089,2156,1299,342
"Yuen","Exp",271477,10000,20,20,1,0.125,0,0.0135,0.0105272301497761,0.0164727698502239,0.0647,0.0598784832608815,0.0695215167391185,0.1264,0.120933671187936,0.131866328812064,1264,647,135
"Yuen","Exp",962113,10000,20,20,1.5,1,0,0.9644,0.959626911811745,0.969173088188256,0.9939,0.992373867172753,0.995426132827247,0.9977,0.996911993488114,0.998488006511886,9977,9939,9644
"Yuen","Exp",34474878,10000,20,20,1.5,0.5,0,0.4528,0.439977517585131,0.465622482414869,0.7097,0.700803544886552,0.718596455113448,0.8094,0.802938862989914,0.815861137010086,8094,7097,4528
"Yuen","Exp",60915,10000,20,20,1.5,0.25,0,0.0908,0.0833985212520783,0.0982014787479217,0.2546,0.24606153180164,0.26313846819836,0.3784,0.370421946045708,0.386378053954292,3784,2546,908
"Yuen","Exp",12452079,10000,20,20,1.5,0.125,0,0.0218,0.0180382672793809,0.0255617327206191,0.0949,0.0891556954121147,0.100644304587885,0.1653,0.159189629619591,0.171410370380409,1653,949,218
"Yuen","Exp",119881329,10000,20,20,2,1,0,0.9981,0.996978214849062,0.999221785150938,1,1,1,1,1,1,10000,10000,9981
"Yuen","Exp",215878146,10000,20,20,2,0.5,0,0.7303,0.718867611293819,0.741732388706181,0.9003,0.894427848177576,0.906172151822424,0.9471,0.943417933255904,0.950782066744096,9471,9003,7303
"Yuen","Exp",180921,10000,20,20,2,0.25,0,0.185,0.17499745469193,0.19500254530807,0.4015,0.391892045814014,0.411107954185986,0.5362,0.527996585061092,0.544403414938908,5362,4015,1850
"Yuen","Exp",48041925,10000,20,20,2,0.125,0,0.0334,0.0287714763463342,0.0380285236536658,0.1269,0.120375926028746,0.133424073971254,0.2205,0.213680096038112,0.227319903961888,2205,1269,334
"Yuen","Exp",7018862,10000,20,20,2.5,1,0,0.9999,0.999642412880322,1.00015758711968,1,1,1,1,1,1,10000,10000,9999
"Yuen","Exp",57387339,10000,20,20,2.5,0.5,0,0.9033,0.895686662179048,0.910913337820952,0.9743,0.971198520004643,0.977401479995357,0.9884,0.98663858672436,0.99016141327564,9884,9743,9033
"Yuen","Exp",52968,10000,20,20,2.5,0.25,0,0.3152,0.30323202043621,0.32716797956379,0.5734,0.563706171295592,0.583093828704408,0.6912,0.683600125636407,0.698799874363593,6912,5734,3152
"Yuen","Exp",123431704,10000,20,20,2.5,0.125,0,0.0579,0.0518836423927775,0.0639163576072225,0.1872,0.179554588930241,0.194845411069759,0.295,0.287498096579034,0.302501903420966,2950,1872,579
"Yuen","Exp",254661,10000,20,20,5,1,0,1,1,1,1,1,1,1,1,1,10000,10000,10000
"Yuen","Exp",20921,10000,20,20,5,0.5,0,0.9999,0.999642412880322,1.00015758711968,1,1,1,1,1,1,10000,10000,9999
"Yuen","Exp",1536462,10000,20,20,5,0.25,0,0.89,0.881939959861142,0.898060040138858,0.9699,0.966551095224047,0.973248904775953,0.9861,0.984174099784263,0.988025900215737,9861,9699,8900
"Yuen","Exp",3716621,10000,20,20,5,0.12,0,0.2806,0.269026228369349,0.292173771630651,0.5437,0.533937501677869,0.55346249832213,0.6678,0.660052012280346,0.675547987719653,6678,5437,2806
"Yuen","Exp",48965,10000,20,20,0,1.5,1,0.0074,0.00519225528409102,0.00960774471590898,0.0471,0.0429476859927987,0.0512523140072013,0.0911,0.086366491705302,0.095833508294698,911,471,74
"Yuen","Exp",72378897,10000,20,20,0.5,1.5,0,0.4649,0.452051775774021,0.477748224225979,0.7099,0.7010053569561,0.7187946430439,0.8111,0.80466099026123,0.81753900973877,8111,7099,4649
"Yuen","Exp",5473786,10000,20,20,1,1.5,0,0.9671,0.962505063655502,0.971694936344497,0.9934,0.991812951799598,0.994987048200402,0.9975,0.996678528768383,0.998321471231617,9975,9934,9671
"Yuen","Exp",240661052,10000,20,20,1.5,1.5,0,0.9993,0.998618693044967,0.999981306955033,1,1,1,1,1,1,10000,10000,9993
"Yuen","Exp",420478,10000,20,20,2,1.5,0,1,1,1,1,1,1,1,1,1,10000,10000,10000
"Yuen","Exp",40966,10000,20,20,2.5,1.5,0,1,1,1,1,1,1,1,1,1,10000,10000,10000
"Yuen","Exp",643217,10000,20,20,5,1.5,0,1,1,1,1,1,1,1,1,1,10000,10000,10000
"Yuen","Exp",34646375,10000,100,100,0,1,1,0.0101,0.00752425890101043,0.0126757410989896,0.0483,0.0440977714272543,0.0525022285727457,0.0979,0.0930113990300931,0.102788600969907,979,483,101
"Yuen","Exp",2743767,10000,100,100,0,0.5,1,0.009,0.00656721381654696,0.011432786183453,0.0474,0.043235138816431,0.051564861183569,0.0974,0.0925225475371768,0.102277452462823,974,474,90
"Yuen","Exp",18300653,10000,100,100,0,0.25,1,0.0126,0.00972672170157083,0.0154732782984292,0.0501,0.0458242345061498,0.0543757654938502,0.0982,0.0933047287462389,0.103095271253761,982,501,126
"Yuen","Exp",1660072,10000,100,100,0,0.125,1,0.0098,0.00726241640782102,0.012337583592179,0.0492,0.0449608068058179,0.0534391931941821,0.1039,0.0988805987472633,0.108919401252737,1039,492,98
"Yuen","Exp",212252,10000,100,100,0.5,1,0,0.8975,0.889686870547597,0.905313129452402,0.97,0.966656490466591,0.973343509533409,0.9835,0.981404464335933,0.985595535664067,9835,9700,8975
"Yuen","Exp",2044592,10000,100,100,0.5,0.5,0,0.2718,0.260339701695794,0.283260298304206,0.5047,0.494900432973565,0.514499567026435,0.6311,0.623162763515809,0.639037236484191,6311,5047,2718
"Yuen","Exp",188350,10000,100,100,0.5,0.25,0,0.0546,0.0487473846904154,0.0604526153095846,0.1653,0.158019558695683,0.172580441304317,0.2637,0.256451496258415,0.270948503741585,2637,1653,546
"Yuen","Exp",1181301,10000,100,100,0.5,0.125,0,0.0211,0.0173978309092231,0.0248021690907769,0.0794,0.0741009037504118,0.0846990962495882,0.142,0.136258125202514,0.147741874797486,1420,794,211
"Yuen","Exp",22762961,10000,100,100,1,1,0,1,1,1,1,1,1,1,1,1,10000,10000,10000
"Yuen","Exp",318436516,10000,100,100,1,0.5,0,0.9047,0.897136120453443,0.912263879546556,0.9736,0.970457695137896,0.976742304862104,0.9879,0.986101480792992,0.989698519207008,9879,9736,9047
"Yuen","Exp",29893932,10000,100,100,1,0.25,0,0.2749,0.263399090628467,0.286400909371533,0.5099,0.500101921184314,0.519698078815686,0.6375,0.629592121239904,0.645407878760096,6375,5099,2749
"Yuen","Exp",1227253,10000,100,100,1,0.125,0,0.0533,0.0475135040731081,0.0590864959268919,0.1693,0.161949673079271,0.176650326920729,0.2603,0.25308176867884,0.26751823132116,2603,1693,533
"Yuen","Exp",407807,10000,100,100,1.5,1,0,1,1,1,1,1,1,1,1,1,10000,10000,10000
"Yuen","Exp",19758962,10000,100,100,1.5,0.5,0,0.9987,0.997771813901281,0.99962818609872,0.9997,0.99936056896783,1.00003943103217,0.9999,0.999735508225206,1.00006449177479,9999,9997,9987
"Yuen","Exp",83606933,10000,100,100,1.5,0.25,0,0.6429,0.63055723396717,0.65524276603283,0.8338,0.826503702620534,0.841096297379466,0.8991,0.894145321442114,0.904054678557886,8991,8338,6429
"Yuen","Exp",53136,10000,100,100,1.5,0.125,0,0.1323,0.123572083564235,0.141027916435765,0.3167,0.307582289189846,0.325817710810154,0.4371,0.428940342497202,0.445259657502798,4371,3167,1323
"Yuen","Exp",80440488,10000,100,100,2,1,0,1,1,1,1,1,1,1,1,1,10000,10000,10000
"Yuen","Exp",232934729,10000,100,100,2,0.5,0,1,1,1,1,1,1,1,1,1,10000,10000,10000
"Yuen","Exp",104968672,10000,100,100,2,0.25,0,0.8993,0.891548015589349,0.907051984410651,0.9686,0.965181834175117,0.972018165824883,0.985,0.983000462069002,0.986999537930998,9850,9686,8993
"Yuen","Exp",61766,10000,100,100,2,0.125,0,0.273,0.261523898316519,0.284476101683481,0.509,0.499201587728616,0.518798412271384,0.6311,0.623162763515809,0.639037236484191,6311,5090,2730
"Yuen","Exp",808815,10000,100,100,2.5,1,0,1,1,1,1,1,1,1,1,1,10000,10000,10000
"Yuen","Exp",489535,10000,100,100,2.5,0.5,0,1,1,1,1,1,1,1,1,1,10000,10000,10000
"Yuen","Exp",239894,10000,100,100,2.5,0.25,0,0.9859,0.982862810789999,0.988937189210001,0.9978,0.996881690321515,0.998718309678485,0.999,0.998480065487297,0.999519934512703,9990,9978,9859
"Yuen","Exp",245017575,10000,100,100,2.5,0.125,0,0.4486,0.43578823764957,0.46141176235043,0.6899,0.680834327480082,0.698965672519918,0.7894,0.782692763087299,0.796107236912701,7894,6899,4486
"Yuen","Exp",231910,10000,100,100,5,1,0,1,1,1,1,1,1,1,1,1,10000,10000,10000
"Yuen","Exp",749004,10000,100,100,5,0.5,0,1,1,1,1,1,1,1,1,1,10000,10000,10000
"Yuen","Exp",18196,10000,100,100,5,0.25,0,1,1,1,1,1,1,1,1,1,10000,10000,10000
"Yuen","Exp",93001,10000,100,100,5,0.12,0,0.9798,0.976175982710293,0.983424017289707,0.9955,0.994188153682781,0.996811846317219,0.9989,0.99835471537618,0.99944528462382,9989,9955,9798
"Yuen","Exp",53939,10000,100,100,0,1.5,1,0.0105,0.00787428002833509,0.0131257199716649,0.0514,0.0470720803327234,0.0557279196672767,0.0993,0.0943803907670654,0.104219609232935,993,514,105
"Yuen","Exp",1730899,10000,100,100,0.5,1.5,0,0.9989,0.998046107482698,0.999753892517302,0.9997,0.99936056896783,1.00003943103217,0.9998,0.999567385133966,1.00003261486603,9998,9997,9989
"Yuen","Exp",4516692,10000,100,100,1,1.5,0,1,1,1,1,1,1,1,1,1,10000,10000,10000
"Yuen","Exp",53704641,10000,100,100,1.5,1.5,0,1,1,1,1,1,1,1,1,1,10000,10000,10000
"Yuen","Exp",151362908,10000,100,100,2,1.5,0,1,1,1,1,1,1,1,1,1,10000,10000,10000
"Yuen","Exp",362550530,10000,100,100,2.5,1.5,0,1,1,1,1,1,1,1,1,1,10000,10000,10000
"Yuen","Exp",328104,10000,100,100,5,1.5,0,1,1,1,1,1,1,1,1,1,10000,10000,10000
"Yuen","Exp",2742526,10000,10,100,0,1,1,0.0345,0.0297985529927904,0.0392014470072096,0.0802,0.0748765894847758,0.0855234105152242,0.1254,0.119952221930814,0.130847778069186,1254,802,345
"Yuen","Exp",42732989,10000,10,100,0,0.5,1,0.0324,0.0278389346618773,0.0369610653381227,0.0774,0.0721623885559923,0.0826376114440076,0.1262,0.120737372333766,0.131662627666234,1262,774,324
"Yuen","Exp",45253,10000,10,100,0,0.25,1,0.0274,0.0231947843431015,0.0316052156568985,0.0699,0.0649024231473243,0.0748975768526757,0.1176,0.112300897588308,0.122899102411692,1176,699,274
"Yuen","Exp",6743671,10000,10,100,0,0.125,1,0.0315,0.0270006378756095,0.0359993621243905,0.0781,0.0728407538731868,0.0833592461268132,0.1233,0.117891548446295,0.128708451553705,1233,781,315
"Yuen","Exp",2715000,10000,10,100,0.5,1,0,0.2216,0.210901271901252,0.232298728098748,0.3771,0.367600658451535,0.386599341548465,0.4775,0.469283332032729,0.485716667967271,4775,3771,2216
"Yuen","Exp",58361,10000,10,100,0.5,0.5,0,0.1032,0.0953632948491489,0.111036705150851,0.1936,0.185855667207151,0.201344332792849,0.2635,0.256253261539191,0.270746738460809,2635,1936,1032
"Yuen","Exp",165474,10000,10,100,0.5,0.25,0,0.0625,0.0562644968126061,0.0687355031873939,0.1252,0.118713467133083,0.131686532866917,0.1812,0.174863726485354,0.187536273514646,1812,1252,625
"Yuen","Exp",105909,10000,10,100,0.5,0.125,0,0.0437,0.0384339660452048,0.0489660339547952,0.0972,0.0913938937500593,0.103006106249941,0.1477,0.141863501286064,0.153536498713936,1477,972,437
"Yuen","Exp",17614784,10000,10,100,1,1,0,0.5154,0.502526110691155,0.528273889308845,0.7191,0.710291000500034,0.727908999499966,0.8135,0.807092566625834,0.819907433374166,8135,7191,5154
"Yuen","Exp",21074643,10000,10,100,1,0.5,0,0.2284,0.217585909046298,0.239214090953702,0.3872,0.377652643841063,0.396747356158937,0.489,0.480776990690903,0.497223009309097,4890,3872,2284
"Yuen","Exp",231323526,10000,10,100,1,0.25,0,0.1045,0.0966198080027451,0.112380191997255,0.1958,0.188022420671083,0.203577579328917,0.2642,0.256947091465357,0.271452908534643,2642,1958,1045
"Yuen","Exp",55070,10000,10,100,1,0.125,0,0.0606,0.054453789238493,0.066746210761507,0.1247,0.118224582683286,0.131175417316714,0.1787,0.172397989971305,0.185002010028695,1787,1247,606
"Yuen","Exp",10258607,10000,10,100,1.5,1,0,0.758,0.746967139054914,0.769032860945086,0.9084,0.902746174881516,0.914053825118484,0.953,0.949518541027457,0.956481458972543,9530,9084,7580
"Yuen","Exp",166240936,10000,10,100,1.5,0.5,0,0.3634,0.351009990558593,0.375790009441407,0.5619,0.55217538953467,0.57162461046533,0.675,0.667295233719476,0.682704766280524,6750,5619,3634
"Yuen","Exp",67952690,10000,10,100,1.5,0.25,0,0.1605,0.151044299077826,0.169955700922174,0.2823,0.273477676399406,0.291122323600594,0.3668,0.358872230420831,0.374727769579169,3668,2823,1605
"Yuen","Exp",41016,10000,10,100,1.5,0.125,0,0.08,0.0730114871853877,0.0869885128146123,0.1638,0.156546157833975,0.171053842166025,0.2304,0.223473088018922,0.237326911981078,2304,1638,800
"Yuen","Exp",17648681,10000,10,100,2,1,0,0.8877,0.879566661513936,0.895833338486064,0.9757,0.972682013028259,0.978717986971741,0.9897,0.988039127479072,0.991360872520928,9897,9757,8877
"Yuen","Exp",1824359,10000,10,100,2,0.5,0,0.5126,0.49972409030708,0.52547590969292,0.7219,0.713117966555381,0.730682033444619,0.8086,0.802128518149674,0.815071481850326,8086,7219,5126
"Yuen","Exp",78386,10000,10,100,2,0.25,0,0.2291,0.21827426414748,0.23992573585252,0.3822,0.37267586890338,0.39172413109662,0.4757,0.467484719303044,0.483915280696956,4757,3822,2291
"Yuen","Exp",24990,10000,10,100,2,0.125,0,0.1037,0.0958465237430386,0.111553476256961,0.1988,0.190977695249506,0.206622304750494,0.2675,0.260218319657567,0.274781680342433,2675,1988,1037
"Yuen","Exp",5030176,10000,10,100,2.5,1,0,0.956,0.950716750226764,0.961283249773236,0.9937,0.992149206432306,0.995250793567694,0.9982,0.997502714012833,0.998897285987167,9982,9937,9560
"Yuen","Exp",168675,10000,10,100,2.5,0.5,0,0.644,0.631665720333704,0.656334279666296,0.8336,0.82630018951435,0.84089981048565,0.8971,0.892102025707051,0.902097974292949,8971,8336,6440
"Yuen","Exp",1232387,10000,10,100,2.5,0.25,0,0.293,0.281275633773308,0.304724366226692,0.4711,0.461316383811371,0.480883616188629,0.5705,0.562357171073615,0.578642828926385,5705,4711,2930
"Yuen","Exp",35255335,10000,10,100,2.5,0.125,0,0.1277,0.119102459237707,0.136297540762293,0.2417,0.233308976747881,0.250091023252119,0.3216,0.313916362951206,0.329283637048794,3216,2417,1277
"Yuen","Exp",480422,10000,10,100,5,1,0,0.9999,0.999642412880322,1.00015758711968,1,1,1,1,1,1,10000,10000,9999
"Yuen","Exp",678784,10000,10,100,5,0.5,0,0.9572,0.951986023274964,0.962413976725036,0.9934,0.991812951799598,0.994987048200402,0.9975,0.996678528768383,0.998321471231617,9975,9934,9572
"Yuen","Exp",275635421,10000,10,100,5,0.25,0,0.6387,0.626325481834016,0.651074518165984,0.8308,0.8234514019257,0.8381485980743,0.899,0.894043142487674,0.903956857512326,8990,8308,6387
"Yuen","Exp",350364,10000,10,100,5,0.12,0,0.2878,0.276137484387062,0.299462515612938,0.4652,0.455423765199546,0.474976234800454,0.5667,0.55854851275878,0.57485148724122,5667,4652,2878
"Yuen","Exp",162141428,10000,10,100,0,1.5,1,0.0325,0.0279321374626637,0.0370678625373363,0.0758,0.0706123142984949,0.0809876857015051,0.1267,0.121228127872129,0.132171872127871,1267,758,325
"Yuen","Exp",268973,10000,10,100,0.5,1.5,0,0.3685,0.356073429666783,0.380926570333217,0.5707,0.560998465065692,0.580401534934308,0.674,0.666289107463464,0.681710892536536,6740,5707,3685
"Yuen","Exp",373672,10000,10,100,1,1.5,0,0.756,0.744936267428829,0.767063732571171,0.9072,0.901513021580347,0.912886978419653,0.9504,0.946828423519845,0.953971576480156,9504,9072,7560
"Yuen","Exp",381938,10000,10,100,1.5,1.5,0,0.9252,0.918423359145941,0.931976640854059,0.9865,0.984238109896569,0.988761890103431,0.9953,0.994174898164265,0.996425101835735,9953,9865,9252
"Yuen","Exp",341790108,10000,10,100,2,1.5,0,0.9835,0.980218480321802,0.986781519678198,0.9988,0.99812144358407,0.99947855641593,0.9999,0.999735508225206,1.00006449177479,9999,9988,9835
"Yuen","Exp",39564,10000,10,100,2.5,1.5,0,0.9962,0.994615066935339,0.997784933064661,0.9999,0.999704009800245,1.00009599019976,0.9999,0.999735508225206,1.00006449177479,9999,9999,9962
"Yuen","Exp",6119704,10000,10,100,5,1.5,0,1,1,1,1,1,1,1,1,1,10000,10000,10000
