"method","distribution","seed","N","n1","n2","delta","sd","g1","g2","h","null","power0.01","l_CI","u_CI","power0.05","l_CI","u_CI","power0.10","l_CI","u_CI","ct_0.10","ct_0.05","ct_0.01"
"Mood","ghEqualK",293659,10000,10,10,0,3,1,1,0.2,1,0.0012,0.00030818299620606,0.00209181700379394,0.0244,0.0213759645335413,0.0274240354664587,0.0244,0.0218619702335079,0.0269380297664921,244,244,12
"Mood","ghEqualK",28185,10000,10,10,0,3,3,3,0.2,1,0.0016,0.000570424649992046,0.00262957535000795,0.0257,0.0225985200046429,0.0288014799953571,0.0257,0.0230969721467539,0.0283030278532461,257,257,16
"Mood","ghEqualK",6942522,10000,10,10,0,3,-3,-3,0.2,1,0.0011,0.000246107482698203,0.0019538925173018,0.0212,0.0183766092849908,0.0240233907150092,0.0212,0.0188303685070459,0.0235696314929541,212,212,11
"Mood","ghEqualK",215993,10000,10,10,0,3,-1,-1,0.2,1,0.0014,0.000436823989135942,0.00236317601086406,0.0243,0.0212820130282587,0.0273179869717413,0.0243,0.0217670466487172,0.0268329533512828,243,243,14
"Mood","ghEqualK",116818,10000,10,10,0.5,3,1,1,0.2,0,0.0013,0.000371813901280567,0.00222818609871943,0.0312,0.0277923856894302,0.0346076143105698,0.0312,0.0283400379893432,0.0340599620106568,312,312,13
"Mood","ghEqualK",10497557,10000,10,10,0.5,3,3,3,0.2,0,0.0032,0.00174512774259181,0.00465487225740819,0.0448,0.0407454539694807,0.0488545460305193,0.0448,0.0413970774386713,0.0482029225613287,448,448,32
"Mood","ghEqualK",6157549,10000,10,10,0.5,3,1,3,0.2,0,0.0059,0.00392718254677631,0.00787281745322369,0.0509,0.0465920470719378,0.0552079529280622,0.0509,0.0472843966496621,0.0545156033503379,509,509,59
"Mood","ghEqualK",124182,10000,10,10,0.5,3,-1,1,0.2,0,0.0026,0.00128820124431222,0.00391179875568778,0.0389,0.0351102098677631,0.0426897901322369,0.0389,0.0357192832818726,0.0420807167181274,389,389,26
"Mood","ghEqualK",195344,10000,10,10,0.5,3,-3,3,0.2,0,0.009,0.00656721381654696,0.011432786183453,0.0745,0.0693533762562239,0.0796466237437761,0.0745,0.0701805122150451,0.0788194877849549,745,745,90
"Mood","ghEqualK",898415,10000,10,10,0.5,3,-1,3,0.2,0,0.0056,0.00367770325743812,0.00752229674256188,0.0542,0.049762326260573,0.058637673739427,0.0542,0.0504755238258381,0.0579244761741619,542,542,56
"Mood","ghEqualK",325489208,10000,10,10,0.5,3,1,-3,0.2,0,0.0024,0.00113953816677219,0.0036604618332278,0.0313,0.0278871052917501,0.0347128947082499,0.0313,0.0284356062270046,0.0341643937729954,313,313,24
"Mood","ghEqualK",96212,10000,10,10,1,3,1,1,0.2,0,0.0054,0.00351215225264748,0.00728784774735252,0.0541,0.0496661875693259,0.0585338124306741,0.0541,0.0503787645671128,0.0578212354328872,541,541,54
"Mood","ghEqualK",100128,10000,10,10,1,3,3,3,0.2,0,0.0115,0.00875347778774684,0.0142465222122532,0.0859,0.0804077599879102,0.0913922400120898,0.0859,0.0812904414184246,0.0905095585815754,859,859,115
"Mood","ghEqualK",842300,10000,10,10,1,3,1,3,0.2,0,0.0131,0.0101710087046794,0.0160289912953206,0.0947,0.0889611176571043,0.100438882342896,0.0947,0.0898834380336411,0.0995165619663589,947,947,131
"Mood","ghEqualK",17077,10000,10,10,1,3,-1,1,0.2,0,0.0053,0.00342961998908885,0.00717038001091115,0.0656,0.060747400982731,0.070452599017269,0.0656,0.0615272829676492,0.0696727170323508,656,656,53
"Mood","ghEqualK",7694544,10000,10,10,1,3,-3,3,0.2,0,0.0268,0.0226397990788213,0.0309602009211787,0.1564,0.149280610868452,0.163519389131548,0.1564,0.150424798407451,0.162375201592549,1564,1564,268
"Mood","ghEqualK",727717,10000,10,10,1,3,-1,3,0.2,0,0.0181,0.0146658538321056,0.0215341461678944,0.1172,0.110895494332971,0.123504505667029,0.1172,0.111908718458029,0.122491281541971,1172,1172,181
"Mood","ghEqualK",58430,10000,10,10,1,3,1,-3,0.2,0,0.0023,0.00106601533457826,0.00353398466542174,0.0404,0.0365408480964854,0.0442591519035146,0.0404,0.0371610689381217,0.0436389310618783,404,404,23
"Mood","ghEqualK",97598,10000,10,10,1.5,3,1,1,0.2,0,0.0105,0.00787428002833509,0.0131257199716649,0.0867,0.0811846592546244,0.0922153407453756,0.0867,0.0820710533029884,0.0913289466970116,867,867,105
"Mood","ghEqualK",15144786,10000,10,10,1.5,3,3,3,0.2,0,0.0263,0.0221777310992785,0.0304222689007215,0.1437,0.136824608586444,0.150575391413556,0.1437,0.13792958220648,0.14947041779352,1437,1437,263
"Mood","ghEqualK",907254,10000,10,10,1.5,3,1,3,0.2,0,0.0324,0.0278389346618773,0.0369610653381227,0.1604,0.153207258238029,0.167592741761971,0.1604,0.154363234592632,0.166436765407368,1604,1604,324
"Mood","ghEqualK",173451830,10000,10,10,1.5,3,-1,1,0.2,0,0.0141,0.0110628107899994,0.0171371892100006,0.1272,0.120669341176757,0.133730658823243,0.1272,0.121718911344778,0.132681088655222,1272,1272,141
"Mood","ghEqualK",439646,10000,10,10,1.5,3,-3,3,0.2,0,0.1113,0.103198395635415,0.119401604364585,0.4042,0.394581563650073,0.413818436349927,0.4042,0.39612738377774,0.41227261622226,4042,4042,1113
"Mood","ghEqualK",111280128,10000,10,10,1.5,3,-1,3,0.2,0,0.0405,0.0354219630129744,0.0455780369870256,0.2166,0.208526216842743,0.224673783157257,0.2166,0.209823789135874,0.223376210864126,2166,2166,405
"Mood","ghEqualK",7664734,10000,10,10,1.5,3,1,-3,0.2,0,0.0039,0.00229442856754861,0.00550557143245139,0.0522,0.0478403695723605,0.0565596304276395,0.0522,0.0485410244625169,0.0558589755374831,522,522,39
"Mood","ghEqualK",30856463,10000,10,10,2,3,1,1,0.2,0,0.0214,0.0176721764201744,0.0251278235798256,0.1494,0.142412946650955,0.156387053349045,0.1494,0.143535865939194,0.155264134060806,1494,1494,214
"Mood","ghEqualK",2780689,10000,10,10,2,3,3,3,0.2,0,0.0483,0.0427770710186771,0.0538229289813229,0.1993,0.191470308782487,0.207129691217513,0.1993,0.192728652013873,0.205871347986127,1993,1993,483
"Mood","ghEqualK",5500474,10000,10,10,2,3,1,3,0.2,0,0.068,0.0615150255222091,0.074484974477791,0.2615,0.252886747719938,0.270113252280062,0.2615,0.254271020407805,0.268728979592195,2615,2615,680
"Mood","ghEqualK",34876978,10000,10,10,2,3,-1,1,0.2,0,0.0344,0.0297051285160013,0.0390948714839987,0.2193,0.211190063067964,0.227409936932036,0.2193,0.212493445789184,0.226106554210816,2193,2193,344
"Mood","ghEqualK",407215,10000,10,10,2,3,-3,3,0.2,0,0.6388,0.626426225896605,0.651173774103395,0.935,0.930168093130037,0.939831906869964,0.935,0.930944649591281,0.939055350408719,9350,9350,6388
"Mood","ghEqualK",244874,10000,10,10,2,3,-1,3,0.2,0,0.1074,0.0994241598635238,0.115375840136476,0.3898,0.380240986159985,0.399359013840015,0.3898,0.381777256241416,0.397822743758584,3898,3898,1074
"Mood","ghEqualK",2392000,10000,10,10,2,3,1,-3,0.2,0,0.007,0.00485232034567536,0.00914767965432464,0.076,0.0708060369812637,0.0811939630187363,0.076,0.0716407810378463,0.0803592189621537,760,760,70
"Mood","ghEqualK",3522545,10000,10,10,2.5,3,1,1,0.2,0,0.0402,0.035140014666494,0.045259985333506,0.2259,0.217703796730778,0.234096203269222,0.2259,0.21902104368476,0.23277895631524,2259,2259,402
"Mood","ghEqualK",20215,10000,10,10,2.5,3,3,3,0.2,0,0.0803,0.0732995376443255,0.0873004623556745,0.2812,0.272388136446267,0.290011863553733,0.2812,0.273804328803117,0.288595671196883,2812,2812,803
"Mood","ghEqualK",308755938,10000,10,10,2.5,3,1,3,0.2,0,0.1,0.092272,0.107728,0.3401,0.330814646303,0.349385353697,0.3401,0.332306935290017,0.347893064709983,3401,3401,1000
"Mood","ghEqualK",215372,10000,10,10,2.5,3,-1,1,0.2,0,0.0769,0.0700366933400245,0.0837633066599755,0.3449,0.335583421057148,0.354216578942852,0.3449,0.337080728387249,0.352719271612751,3449,3449,769
"Mood","ghEqualK",6510678,10000,10,10,2.5,3,-3,3,0.2,0,0.9066,0.899104041833645,0.914095958166355,0.9928,0.991142882881146,0.994457117118854,0.9928,0.991409205275247,0.994190794724753,9928,9928,9066
"Mood","ghEqualK",65388,10000,10,10,2.5,3,-1,3,0.2,0,0.258,0.24672912419403,0.26927087580597,0.6313,0.621843933127901,0.640756066872099,0.6313,0.623363658160917,0.639236341839083,6313,6313,2580
"Mood","ghEqualK",3601273,10000,10,10,2.5,3,1,-3,0.2,0,0.0117,0.00892997819822009,0.0144700218017799,0.1101,0.103964918530419,0.116235081469581,0.1101,0.104950913766601,0.115249086233399,1101,1101,117
"Mood","ghEqualK",29181,10000,20,20,0,3,1,1,0.2,1,0.0044,0.00269503824744835,0.00610496175255165,0.0283,0.0250497603015162,0.0315502396984838,0.0283,0.0255721202530582,0.0310278797469418,283,283,44
"Mood","ghEqualK",15937234,10000,20,20,0,3,3,3,0.2,1,0.0039,0.00229442856754861,0.00550557143245139,0.0246,0.0215639074891565,0.0276360925108435,0.0246,0.0220518509283992,0.0271481490716008,246,246,39
"Mood","ghEqualK",12663916,10000,20,20,0,3,-3,-3,0.2,1,0.0051,0.00326506509471753,0.00693493490528247,0.0256,0.022504401043029,0.028695598956971,0.0256,0.0230019080182565,0.0281980919817435,256,256,51
"Mood","ghEqualK",97929,10000,20,20,0,3,-1,-1,0.2,1,0.0038,0.00221506693533891,0.00538493306466109,0.0235,0.020530891103378,0.026469108896622,0.0235,0.0210080693189065,0.0259919306810935,235,235,38
"Mood","ghEqualK",724272,10000,20,20,0.5,3,1,1,0.2,0,0.0074,0.00519225528409102,0.00960774471590898,0.0396,0.0357776562616112,0.0434223437383888,0.0396,0.0363919615052808,0.0428080384947192,396,396,74
"Mood","ghEqualK",89026756,10000,20,20,0.5,3,3,3,0.2,0,0.0096,0.00708818996570521,0.0121118100342948,0.0533,0.0488972313599736,0.0577027686400264,0.0533,0.0496048191771207,0.0569951808228793,533,533,96
"Mood","ghEqualK",26073369,10000,20,20,0.5,3,1,3,0.2,0,0.0172,0.0138507878653606,0.0205492121346394,0.0607,0.0560199275303047,0.0653800724696953,0.0607,0.0567720820343629,0.0646279179656371,607,607,172
"Mood","ghEqualK",50275482,10000,20,20,0.5,3,-1,1,0.2,0,0.0103,0.00769914430765258,0.0129008556923474,0.0464,0.0422771438435958,0.0505228561564042,0.0464,0.042939745725875,0.049860254274125,464,464,103
"Mood","ghEqualK",177323,10000,20,20,0.5,3,-3,3,0.2,0,0.0216,0.0178551799248904,0.0253448200751096,0.0804,0.0750705354589415,0.0857294645410585,0.0804,0.0759270565458973,0.0848729434541027,804,804,216
"Mood","ghEqualK",17332805,10000,20,20,0.5,3,-1,3,0.2,0,0.0177,0.0143033205488748,0.0210966794511252,0.063,0.0582379259812556,0.0677620740187444,0.063,0.0590032593056967,0.0669967406943033,630,630,177
"Mood","ghEqualK",18702,10000,20,20,0.5,3,1,-3,0.2,0,0.0055,0.00359484814841441,0.00740515185158559,0.0339,0.0303529528497072,0.0374470471502928,0.0339,0.0309230139988614,0.0368769860011386,339,339,55
"Mood","ghEqualK",4420263,10000,20,20,1,3,1,1,0.2,0,0.019,0.015483123134598,0.022516876865402,0.0793,0.0740039541465731,0.0845960458534269,0.0793,0.0748551043730167,0.0837448956269833,793,793,190
"Mood","ghEqualK",21607,10000,20,20,1,3,3,3,0.2,0,0.0444,0.0390939001985956,0.0497060998014044,0.1304,0.123799837434245,0.137000162565755,0.1304,0.124860577846598,0.135939422153402,1304,1304,444
"Mood","ghEqualK",733863,10000,20,20,1,3,1,3,0.2,0,0.0498,0.0441963881746773,0.0554036118253227,0.1409,0.134080800009503,0.147719199990497,0.1409,0.135176742865118,0.146623257134882,1409,1409,498
"Mood","ghEqualK",27562,10000,20,20,1,3,-1,1,0.2,0,0.029,0.0246773062058018,0.0333226937941982,0.1061,0.100063874901363,0.112136125098637,0.1061,0.101033966435072,0.111166033564928,1061,1061,290
"Mood","ghEqualK",15385364,10000,20,20,1,3,-3,3,0.2,0,0.0876,0.080317331360262,0.094882668639738,0.2222,0.21405179272566,0.23034820727434,0.2222,0.215361326037608,0.229038673962392,2222,2222,876
"Mood","ghEqualK",1288520,10000,20,20,1,3,-1,3,0.2,0,0.0519,0.0461857845524636,0.0576142154475364,0.1586,0.151440067687024,0.165759932312976,0.1586,0.152590771094466,0.164609228905534,1586,1586,519
"Mood","ghEqualK",40234568,10000,20,20,1,3,1,-3,0.2,0,0.0126,0.00972672170157083,0.0154732782984292,0.0583,0.0537075267646289,0.0628924732353711,0.0583,0.0544456028203135,0.0621543971796865,583,583,126
"Mood","ghEqualK",526737,10000,20,20,1.5,3,1,1,0.2,0,0.0567,0.0507425239463733,0.0626574760536267,0.1813,0.17374877573571,0.18885122426429,0.1813,0.174962365349614,0.187637634650386,1813,1813,567
"Mood","ghEqualK",31777580,10000,20,20,1.5,3,3,3,0.2,0,0.0958,0.0882184000530801,0.10338159994692,0.231,0.222739140587082,0.239260859412918,0.231,0.224066778707015,0.237933221292985,2310,2310,958
"Mood","ghEqualK",2981208,10000,20,20,1.5,3,1,3,0.2,0,0.1155,0.107266475741118,0.123733524258882,0.2718,0.263080207812018,0.280519792187982,0.2718,0.264481602985086,0.279118397014914,2718,2718,1155
"Mood","ghEqualK",19197266,10000,20,20,1.5,3,-1,1,0.2,0,0.0765,0.0696530835852626,0.0833469164147374,0.2261,0.217901228630679,0.234298771369321,0.2261,0.219218888315034,0.232981111684966,2261,2261,765
"Mood","ghEqualK",7746412,10000,20,20,1.5,3,-3,3,0.2,0,0.4125,0.39981875857812,0.42518124142188,0.6676,0.658366959449975,0.676833040550025,0.6676,0.659850840966944,0.675349159033056,6676,6676,4125
"Mood","ghEqualK",4525673,10000,20,20,1.5,3,-1,3,0.2,0,0.1701,0.160421436633166,0.179778563366834,0.3622,0.352779530413743,0.371620469586257,0.3622,0.354293534454391,0.370106465545609,3622,3622,1701
"Mood","ghEqualK",1897655,10000,20,20,1.5,3,1,-3,0.2,0,0.0281,0.0238429396232536,0.0323570603767464,0.108,0.10191654392964,0.11408345607036,0.108,0.102894242226662,0.113105757773338,1080,1080,281
"Mood","ghEqualK",4613198,10000,20,20,2,3,1,1,0.2,0,0.1172,0.108914078266191,0.125485921733809,0.2978,0.288837094228678,0.306762905771322,0.2978,0.29027756122764,0.30532243877236,2978,2978,1172
"Mood","ghEqualK",1292729,10000,20,20,2,3,3,3,0.2,0,0.1727,0.162963036553294,0.182436963446706,0.347,0.337670091181582,0.356329908818418,0.347,0.339169540813113,0.354830459186887,3470,3470,1727
"Mood","ghEqualK",7755308,10000,20,20,2,3,1,3,0.2,0,0.2248,0.214046473884307,0.235553526115693,0.4216,0.411921222313205,0.431278777686795,0.4216,0.413476740155726,0.429723259844274,4216,4216,2248
"Mood","ghEqualK",52856,10000,20,20,2,3,-1,1,0.2,0,0.1874,0.177347616214836,0.197452383785164,0.4135,0.403847766121773,0.423152233878227,0.4135,0.405399017995059,0.421600982004941,4135,4135,1874
"Mood","ghEqualK",111685902,10000,20,20,2,3,-3,3,0.2,0,0.9938,0.991777953215908,0.995822046784092,0.9995,0.99906184025744,0.99993815974256,0.9995,0.999132258787495,0.999867741212506,9995,9995,9938
"Mood","ghEqualK",23875,10000,20,20,2,3,-1,3,0.2,0,0.4086,0.395937026444286,0.421262973555714,0.6432,0.633810520629896,0.652589479370104,0.6432,0.635319544100092,0.651080455899908,6432,6432,4086
"Mood","ghEqualK",3383432,10000,20,20,2,3,1,-3,0.2,0,0.0544,0.0485574957052935,0.0602425042947065,0.171,0.16362042430488,0.17837957569512,0.171,0.164806427541596,0.177193572458404,1710,1710,544
"Mood","ghEqualK",34788131,10000,20,20,2.5,3,1,1,0.2,0,0.2113,0.200783976992025,0.221816023007975,0.4323,0.422590248030274,0.442009751969726,0.4323,0.424150743882551,0.440449256117449,4323,4323,2113
"Mood","ghEqualK",296020893,10000,20,20,2.5,3,3,3,0.2,0,0.2635,0.252151915942222,0.274848084057778,0.4674,0.457620852280572,0.477179147719428,0.4674,0.459192501021194,0.475607498978806,4674,4674,2635
"Mood","ghEqualK",1620434,10000,20,20,2.5,3,1,3,0.2,0,0.356,0.343665720333704,0.368334279666296,0.5753,0.565611771151258,0.584988228848742,0.5753,0.56716880793052,0.58343119206948,5753,5753,3560
"Mood","ghEqualK",298407,10000,20,20,2.5,3,-1,1,0.2,0,0.3808,0.368291368389407,0.393308631610593,0.6479,0.638538551038733,0.657261448961267,0.6479,0.640043069621794,0.655756930378206,6479,6479,3808
"Mood","ghEqualK",208508942,10000,20,20,2.5,3,-3,3,0.2,0,1,1,1,1,1,1,1,1,1,10000,10000,10000
"Mood","ghEqualK",3651264,10000,20,20,2.5,3,-1,3,0.2,0,0.7334,0.722009405694322,0.744790594305678,0.8963,0.890324528934921,0.902275471065079,0.8963,0.891284872498951,0.901315127501049,8963,8963,7334
"Mood","ghEqualK",3689873,10000,20,20,2.5,3,1,-3,0.2,0,0.0976,0.0899551263711541,0.105244873628846,0.2569,0.248336293901447,0.265463706098553,0.2569,0.249712603810143,0.264087396189857,2569,2569,976
"Mood","ghEqualK",59636,10000,100,100,0,3,1,1,0.2,1,0.0078,0.0055338285107221,0.0100661714892779,0.0353,0.0316830745009608,0.0389169254990392,0.0661,0.0620128853574955,0.0701871146425045,661,353,78
"Mood","ghEqualK",168548,10000,100,100,0,3,3,3,0.2,1,0.0055,0.00359484814841441,0.00740515185158559,0.033,0.0294987245523952,0.0365012754476048,0.0675,0.0633729264473025,0.0716270735526975,675,330,55
"Mood","ghEqualK",64097904,10000,100,100,0,3,-3,-3,0.2,1,0.0085,0.00613516044552701,0.010864839554473,0.0355,0.0318732187328156,0.0391267812671844,0.0667,0.0625956966493965,0.0708043033506035,667,355,85
"Mood","ghEqualK",2299416,10000,100,100,0,3,-1,-1,0.2,1,0.0063,0.00426181416817406,0.00833818583182594,0.0325,0.0290244524172442,0.0359755475827558,0.0647,0.0606533698796684,0.0687466301203316,647,325,63
"Mood","ghEqualK",19165,10000,100,100,0.5,3,1,1,0.2,0,0.0435,0.0382454809081706,0.0487545190918294,0.1272,0.120669341176757,0.133730658823243,0.1941,0.187593922266298,0.200606077733702,1941,1272,435
"Mood","ghEqualK",930519,10000,100,100,0.5,3,3,3,0.2,0,0.0485,0.0429662297490409,0.0540337702509591,0.1356,0.128889679010479,0.142310320989521,0.2041,0.197469952238334,0.210730047761666,2041,1356,485
"Mood","ghEqualK",6916863,10000,100,100,0.5,3,1,3,0.2,0,0.0518,0.0460909911787968,0.0575090088212032,0.141,0.134178777599286,0.147821222400714,0.2195,0.212691215038689,0.226308784961311,2195,1410,518
"Mood","ghEqualK",73046,10000,100,100,0.5,3,-1,1,0.2,0,0.0483,0.0427770710186771,0.0538229289813229,0.1334,0.126735872024758,0.140064127975242,0.205,0.198359108310061,0.211640891689939,2050,1334,483
"Mood","ghEqualK",1332070,10000,100,100,0.5,3,-3,3,0.2,0,0.0695,0.0629491681827725,0.0760508318172275,0.1817,0.174142297183826,0.189257702816174,0.2634,0.256154144901042,0.270645855098958,2634,1817,695
"Mood","ghEqualK",10658952,10000,100,100,0.5,3,-1,3,0.2,0,0.0569,0.0509326588863662,0.0628673411136338,0.1592,0.152029095238563,0.166370904761437,0.2402,0.233172480676946,0.247227519323054,2402,1592,569
"Mood","ghEqualK",1148359,10000,100,100,0.5,3,1,-3,0.2,0,0.029,0.0246773062058018,0.0333226937941982,0.0956,0.089836778725192,0.101363221274808,0.1551,0.14914510022721,0.16105489977279,1551,956,290
"Mood","ghEqualK",347382299,10000,100,100,1,3,1,1,0.2,0,0.2104,0.199900411071343,0.220899588928657,0.4029,0.393286572826801,0.412513427173199,0.5086,0.500376216731996,0.516823783268004,5086,4029,2104
"Mood","ghEqualK",15404578,10000,100,100,1,3,3,3,0.2,0,0.2434,0.232345494652417,0.254454505347583,0.4301,0.420396238337717,0.439803761662283,0.5402,0.532001626957993,0.548398373042007,5402,4301,2434
"Mood","ghEqualK",3105180,10000,100,100,1,3,1,3,0.2,0,0.2817,0.270112434144069,0.293287565855931,0.4865,0.476703572751253,0.496296427248747,0.5946,0.586523555241872,0.602676444758128,5946,4865,2817
"Mood","ghEqualK",3415892,10000,100,100,1,3,-1,1,0.2,0,0.2531,0.241899867487424,0.264300132512576,0.4669,0.457121497534776,0.476678502465224,0.5822,0.574086911364721,0.590313088635279,5822,4669,2531
"Mood","ghEqualK",286665,10000,100,100,1,3,-3,3,0.2,0,0.4954,0.482520545093134,0.508279454906866,0.7073,0.698381963169307,0.716218036830693,0.7941,0.787448315012196,0.800751684987804,7941,7073,4954
"Mood","ghEqualK",3696340,10000,100,100,1,3,-1,3,0.2,0,0.349,0.336721393925107,0.361278606074893,0.5691,0.559394037451628,0.578805962548372,0.6776,0.66991134954042,0.68528865045958,6776,5691,3490
"Mood","ghEqualK",6303330,10000,100,100,1,3,1,-3,0.2,0,0.1447,0.135637680693707,0.153762319306293,0.3126,0.303514364240275,0.321685635759725,0.4148,0.406695290836285,0.422904709163715,4148,3126,1447
"Mood","ghEqualK",299731466,10000,100,100,1.5,3,1,1,0.2,0,0.5412,0.528363800529804,0.554036199470196,0.7514,0.742928852790419,0.759871147209581,0.8283,0.822096384383783,0.834503615616217,8283,7514,5412
"Mood","ghEqualK",75633,10000,100,100,1.5,3,3,3,0.2,0,0.5537,0.540894499310427,0.566505500689573,0.7414,0.732817839693504,0.749982160306496,0.8206,0.814288350435655,0.826911649564345,8206,7414,5537
"Mood","ghEqualK",345165041,10000,100,100,1.5,3,1,3,0.2,0,0.6768,0.664752090134775,0.688847909865225,0.832,0.824672220789352,0.839327779210648,0.8858,0.880568011361643,0.891031988638357,8858,8320,6768
"Mood","ghEqualK",45538,10000,100,100,1.5,3,-1,1,0.2,0,0.6759,0.663843351561974,0.687956648438026,0.8445,0.83739733886772,0.85160266113228,0.9037,0.898847213475561,0.908552786524439,9037,8445,6759
"Mood","ghEqualK",968833,10000,100,100,1.5,3,-3,3,0.2,0,0.9976,0.996339538166772,0.998860461833228,0.9998,0.999522841861747,1.00007715813825,0.9999,0.999735508225206,1.00006449177479,9999,9998,9976
"Mood","ghEqualK",125326327,10000,100,100,1.5,3,-1,3,0.2,0,0.8506,0.841417015598398,0.859782984401602,0.9429,0.938352141504576,0.947447858495424,0.9693,0.966462314922375,0.972137685077625,9693,9429,8506
"Mood","ghEqualK",14608587,10000,100,100,1.5,3,1,-3,0.2,0,0.3648,0.352399804900466,0.377200195099534,0.5918,0.582166589831135,0.601433410168865,0.6993,0.69175664788673,0.70684335211327,6993,5918,3648
"Mood","ghEqualK",813880,10000,100,100,2,3,1,1,0.2,0,0.8382,0.828713435899601,0.847686564100399,0.9393,0.934619927530305,0.943980072469695,0.9664,0.963435755644081,0.969364244355919,9664,9393,8382
"Mood","ghEqualK",19177,10000,100,100,2,3,3,3,0.2,0,0.8138,0.80377245684358,0.823827543156419,0.9168,0.911386787988486,0.922213212011514,0.9489,0.945277681985803,0.952522318014197,9489,9168,8138
"Mood","ghEqualK",18182424,10000,100,100,2,3,1,3,0.2,0,0.9123,0.905013575104285,0.919586424895715,0.9689,0.965497675411369,0.972302324588631,0.983,0.980873491505425,0.985126508494575,9830,9689,9123
"Mood","ghEqualK",22977910,10000,100,100,2,3,-1,1,0.2,0,0.9553,0.949976840134543,0.960623159865457,0.9868,0.984563043147131,0.98903695685287,0.9939,0.992619138519989,0.995180861480011,9939,9868,9553
"Mood","ghEqualK",4915674,10000,100,100,2,3,-3,3,0.2,0,1,1,1,1,1,1,1,1,1,10000,10000,10000
"Mood","ghEqualK",47375,10000,100,100,2,3,-1,3,0.2,0,0.996,0.994374056225326,0.997625943774674,0.9995,0.99906184025744,0.99993815974256,0.9999,0.999735508225206,1.00006449177479,9999,9995,9960
"Mood","ghEqualK",26384,10000,100,100,2,3,1,-3,0.2,0,0.6309,0.618469226737498,0.643330773262502,0.8211,0.81358793620059,0.82861206379941,0.884,0.878732300050307,0.889267699949693,8840,8211,6309
"Mood","ghEqualK",2994018,10000,100,100,2.5,3,1,1,0.2,0,0.9648,0.960052818485617,0.969547181514383,0.9912,0.989369464928061,0.993030535071939,0.995,0.993839720965673,0.996160279034327,9950,9912,9648
"Mood","ghEqualK",10561039,10000,100,100,2.5,3,3,3,0.2,0,0.9482,0.942490991178797,0.953909008821203,0.9831,0.980573622343671,0.985626377656329,0.9908,0.989229446210918,0.992370553789082,9908,9831,9482
"Mood","ghEqualK",4688777,10000,100,100,2.5,3,1,3,0.2,0,0.9884,0.985641701764104,0.991158298235895,0.997,0.995928075301152,0.998071924698848,0.9984,0.997742526610729,0.999057473389271,9984,9970,9884
"Mood","ghEqualK",67935221,10000,100,100,2.5,3,-1,1,0.2,0,0.9987,0.997771813901281,0.99962818609872,0.9998,0.999522841861747,1.00007715813825,0.9999,0.999735508225206,1.00006449177479,9999,9998,9987
"Mood","ghEqualK",20878557,10000,100,100,2.5,3,-3,3,0.2,0,1,1,1,1,1,1,1,1,1,10000,10000,10000
"Mood","ghEqualK",57397,10000,100,100,2.5,3,-1,3,0.2,0,1,1,1,1,1,1,1,1,1,10000,10000,10000
"Mood","ghEqualK",60164268,10000,100,100,2.5,3,1,-3,0.2,0,0.8308,0.82114184253092,0.840458157469079,0.9335,0.928616580251504,0.938383419748496,0.9626,0.959478778196427,0.965721221803573,9626,9335,8308
"Mood","ghEqualK",79636335,10000,10,100,0,3,1,1,0.2,1,0.0014,0.000436823989135942,0.00236317601086406,0.0169,0.0143736223436707,0.0194263776563293,0.0961,0.0912517189297675,0.100948281070233,961,169,14
"Mood","ghEqualK",2579069,10000,10,100,0,3,3,3,0.2,1,0.001,0.00018580467797954,0.00181419532202046,0.0134,0.0111463886248068,0.0156536113751932,0.0956,0.0907630107157861,0.100436989284214,956,134,10
"Mood","ghEqualK",256045,10000,10,100,0,3,-3,-3,0.2,1,0.0015,0.000503068031207746,0.00249693196879225,0.016,0.013540688096235,0.018459311903765,0.0973,0.0924247819630528,0.102175218036947,973,160,15
"Mood","ghEqualK",339618109,10000,10,100,0,3,-1,-1,0.2,1,0.0016,0.000570424649992046,0.00262957535000795,0.019,0.0163241154284985,0.0216758845715015,0.0952,0.090372073248443,0.100027926751557,952,190,16
"Mood","ghEqualK",31744,10000,10,100,0.5,3,1,1,0.2,0,0.0018,0.000708079815840004,0.00289192018416,0.0246,0.0215639074891565,0.0276360925108435,0.1166,0.111320486861926,0.121879513138074,1166,246,18
"Mood","ghEqualK",375232,10000,10,100,0.5,3,3,3,0.2,0,0.0023,0.00106601533457826,0.00353398466542174,0.0224,0.0194995814304828,0.0253004185695172,0.1158,0.110536247783957,0.121063752216043,1158,224,23
"Mood","ghEqualK",192429458,10000,10,100,0.5,3,1,3,0.2,0,0.0025,0.00121361100750978,0.00378638899249022,0.028,0.0247665345896392,0.0312334654103608,0.1235,0.118087781252631,0.128912218747369,1235,280,25
"Mood","ghEqualK",7706257,10000,10,100,0.5,3,-1,1,0.2,0,0.0017,0.000638791170063121,0.00276120882993688,0.0241,0.021094150364639,0.027105849635361,0.1252,0.119755945629551,0.130644054370449,1252,241,17
"Mood","ghEqualK",32957158,10000,10,100,0.5,3,-3,3,0.2,0,0.0152,0.012048323215922,0.018351676784078,0.0769,0.0716779188456708,0.0821220811543292,0.2109,0.204189263075714,0.217610736924286,2109,769,152
"Mood","ghEqualK",350740190,10000,10,100,0.5,3,-1,3,0.2,0,0.0025,0.00121361100750978,0.00378638899249022,0.03,0.0266564904665905,0.0333435095334095,0.1368,0.131147186375759,0.142452813624241,1368,300,25
"Mood","ghEqualK",27024079,10000,10,100,0.5,3,1,-3,0.2,0,0.0011,0.000246107482698203,0.0019538925173018,0.0212,0.0183766092849908,0.0240233907150092,0.1101,0.104950913766601,0.115249086233399,1101,212,11
"Mood","ghEqualK",896789,10000,10,100,1,3,1,1,0.2,0,0.0057,0.0037607133569851,0.0076392866430149,0.0449,0.0408411438066371,0.0489588561933629,0.1778,0.171510436345509,0.184089563654491,1778,449,57
"Mood","ghEqualK",431922,10000,10,100,1,3,3,3,0.2,0,0.0051,0.00326506509471753,0.00693493490528247,0.0421,0.0381639808213882,0.0460360191786118,0.1602,0.154166280822254,0.166233719177746,1602,421,51
"Mood","ghEqualK",40784593,10000,10,100,1,3,1,3,0.2,0,0.0054,0.00351215225264748,0.00728784774735252,0.0476,0.0434267995928305,0.0517732004071695,0.1839,0.177527226900636,0.190272773099364,1839,476,54
"Mood","ghEqualK",1060187,10000,10,100,1,3,-1,1,0.2,0,0.0083,0.00596291202152422,0.0106370879784758,0.0637,0.0589133320765276,0.0684866679234725,0.2354,0.228421111200836,0.242378888799164,2354,637,83
"Mood","ghEqualK",1126922,10000,10,100,1,3,-3,3,0.2,0,0.1186,0.110271347805227,0.126928652194773,0.3349,0.325649672282649,0.344150327717351,0.5697,0.56155530763621,0.57784469236379,5697,3349,1186
"Mood","ghEqualK",250169221,10000,10,100,1,3,-1,3,0.2,0,0.0108,0.00813743762725904,0.013462562372741,0.0774,0.0721623885559923,0.0826376114440076,0.2417,0.234657534056257,0.248742465943743,2417,774,108
"Mood","ghEqualK",377358,10000,10,100,1,3,1,-3,0.2,0,0.0037,0.00213598185986991,0.00526401814013009,0.0405,0.036636276205524,0.044363723794476,0.1662,0.160076321842234,0.172323678157766,1662,405,37
"Mood","ghEqualK",514412,10000,10,100,1.5,3,1,1,0.2,0,0.0098,0.00726241640782102,0.012337583592179,0.0805,0.0751675121040925,0.0858324878959075,0.2664,0.259127852586643,0.273672147413357,2664,805,98
"Mood","ghEqualK",340276036,10000,10,100,1.5,3,3,3,0.2,0,0.0109,0.00822527455888572,0.0135747254411143,0.0695,0.0645156714434139,0.0744843285565861,0.2321,0.225155262954728,0.239044737045272,2321,695,109
"Mood","ghEqualK",31922804,10000,10,100,1.5,3,1,3,0.2,0,0.0112,0.00848912745672984,0.0139108725432702,0.0849,0.079436836550276,0.090363163449724,0.2753,0.267952355450842,0.282647644549158,2753,849,112
"Mood","ghEqualK",547572,10000,10,100,1.5,3,-1,1,0.2,0,0.0313,0.0268144812405859,0.0357855187594141,0.1648,0.157528401056604,0.172071598943396,0.4223,0.414174920355297,0.430425079644704,4223,1648,313
"Mood","ghEqualK",742195,10000,10,100,1.5,3,-3,3,0.2,0,0.4797,0.466830619816525,0.492569380183475,0.8287,0.821315290388268,0.836084709611732,0.9611,0.957919283281873,0.964280716718127,9611,8287,4797
"Mood","ghEqualK",6678768,10000,10,100,1.5,3,-1,3,0.2,0,0.0306,0.0261633202686622,0.0350366797313378,0.1759,0.168437592718807,0.183362407281193,0.4411,0.432932267872844,0.449267732127156,4411,1759,306
"Mood","ghEqualK",50284,10000,10,100,1.5,3,1,-3,0.2,0,0.0105,0.00787428002833509,0.0131257199716649,0.0787,0.0734223088334386,0.0839776911665614,0.2458,0.238717279472413,0.252882720527587,2458,787,105
"Mood","ghEqualK",1291292,10000,10,100,2,3,1,1,0.2,0,0.0227,0.0188631684141083,0.0265368315858917,0.1336,0.126931647915234,0.140268352084766,0.358,0.350113670296646,0.365886329703354,3580,1336,227
"Mood","ghEqualK",220623116,10000,10,100,2,3,3,3,0.2,0,0.0159,0.012677714353608,0.019122285646392,0.0975,0.0916859068634911,0.103314093136509,0.2971,0.289582663348434,0.304617336651566,2971,975,159
"Mood","ghEqualK",1497446,10000,10,100,2,3,1,3,0.2,0,0.0212,0.0174892579174165,0.0249107420825835,0.1346,0.127910601834664,0.141289398165336,0.3732,0.365243882035792,0.381156117964208,3732,1346,212
"Mood","ghEqualK",2621615,10000,10,100,2,3,-1,1,0.2,0,0.1032,0.0953632948491489,0.111036705150851,0.3567,0.347311106739471,0.366088893260529,0.6573,0.649492629836637,0.665107370163363,6573,3567,1032
"Mood","ghEqualK",1982149,10000,10,100,2,3,-3,3,0.2,0,0.7545,0.743413327237011,0.765586672762989,0.9706,0.967289070906468,0.973910929093532,0.9986,0.997984928362628,0.999215071637372,9986,9706,7545
"Mood","ghEqualK",27309,10000,10,100,2,3,-1,3,0.2,0,0.107,0.099037242735233,0.114962757264767,0.3781,0.368595709799128,0.387604290200872,0.6809,0.673232196559511,0.688567803440489,6809,3781,1070
"Mood","ghEqualK",274623638,10000,10,100,2,3,1,-3,0.2,0,0.0189,0.015392211510723,0.022407788489277,0.1234,0.116953642536254,0.129846357463746,0.3504,0.342551783785241,0.358248216214759,3504,1234,189
"Mood","ghEqualK",1914838,10000,10,100,2.5,3,1,1,0.2,0,0.0374,0.0325122994735536,0.0422877005264464,0.1879,0.180243607015415,0.195556392984585,0.4611,0.452899930086214,0.469300069913786,4611,1879,374
"Mood","ghEqualK",33136383,10000,10,100,2.5,3,3,3,0.2,0,0.0253,0.0212547850620745,0.0293452149379255,0.1362,0.129477184000019,0.142922815999981,0.3646,0.356682321926783,0.372517678073217,3646,1362,253
"Mood","ghEqualK",4077648,10000,10,100,2.5,3,1,3,0.2,0,0.0374,0.0325122994735536,0.0422877005264464,0.193,0.185264800961837,0.200735199038163,0.4649,0.456695291594823,0.473104708405177,4649,1930,374
"Mood","ghEqualK",47497,10000,10,100,2.5,3,-1,1,0.2,0,0.2408,0.229785819239184,0.251814180760816,0.6111,0.601544989144622,0.620655010855378,0.8596,0.853885244430109,0.865314755569891,8596,6111,2408
"Mood","ghEqualK",2927966,10000,10,100,2.5,3,-3,3,0.2,0,0.882,0.873689614792466,0.890310385207534,0.9938,0.992261486142539,0.995338513857461,0.9998,0.999567385133966,1.00003261486603,9998,9938,8820
"Mood","ghEqualK",111202,10000,10,100,2.5,3,-1,3,0.2,0,0.2517,0.240520423835371,0.262879576164629,0.6321,0.622648214428247,0.641551785571753,0.8709,0.865384140837823,0.876415859162177,8709,6321,2517
"Mood","ghEqualK",56402121,10000,10,100,2.5,3,1,-3,0.2,0,0.0357,0.0309204605551815,0.0404795394448185,0.1773,0.169814321206891,0.184785678793109,0.4386,0.430437251418848,0.446762748581152,4386,1773,357
