"method","distribution","seed","N","n1","n2","delta","sd","g1","g2","h","null","power0.01","l_CI","u_CI","power0.05","l_CI","u_CI","power0.10","l_CI","u_CI"
"KS","ghEqual",75226,1000,10,10,0,1,1,1,0,1,0.003,-0.00145506520895037,0.00745506520895037,0.015,0.00746610061123723,0.0225338993887628,0.053,0.0413458976847206,0.0646541023152794
"KS","ghEqual",354764485,1000,10,10,0,1,3,3,0,1,0.003,-0.00145506520895037,0.00745506520895037,0.013,0.0059792044895183,0.0200207955104817,0.051,0.0395558353745238,0.0624441646254762
"KS","ghEqual",78765314,1000,10,10,0,1,1,3,0,1,0.01,0.00189480522134107,0.0181051947786589,0.037,0.0253004252384969,0.0486995747615031,0.126,0.108737372821613,0.143262627178387
"KS","ghEqual",561732,1000,10,10,0,1,-1,1,0,1,0.007,0.000208440607931048,0.013791559392069,0.027,0.0169539722476991,0.0370460277523009,0.114,0.0974676272392618,0.130532372760738
"KS","ghEqual",2449667,1000,10,10,0,1,-3,3,0,1,0.022,0.0100511357687854,0.0339488642312146,0.102,0.083241663357323,0.120758336642677,0.297,0.273230404593788,0.320769595406212
"KS","ghEqual",316984310,1000,10,10,0,1,-1,3,0,1,0.014,0.00442919794876103,0.023570802051239,0.065,0.0497201688491005,0.0802798311508995,0.21,0.188812042394322,0.231187957605678
"KS","ghEqual",75171,1000,10,10,0,1,1,-3,0,1,0.022,0.0100511357687854,0.0339488642312146,0.081,0.0640895043715449,0.0979104956284551,0.216,0.194593246448842,0.237406753551158
"KS","ghEqual",3435298,1000,10,10,0.5,3,1,1,0,0,0.002,-0.00163936929920556,0.00563936929920556,0.018,0.00975960428134668,0.0262403957186533,0.085,0.0704927227097915,0.0995072772902085
"KS","ghEqual",8009068,1000,10,10,0.5,3,3,3,0,0,0.017,0.00646954641356793,0.0275304535864321,0.075,0.0586748353760215,0.0913251646239785,0.213,0.191701791700357,0.234298208299643
"KS","ghEqual",159620,1000,10,10,0.5,3,1,3,0,0,0.022,0.0100511357687854,0.0339488642312146,0.075,0.0586748353760215,0.0913251646239785,0.238,0.215847034737986,0.260152965262014
"KS","ghEqual",7771349,1000,10,10,0.5,3,-1,1,0,0,0.004,-0.00114168567534034,0.00914168567534034,0.043,0.0304267871409094,0.0555732128590905,0.167,0.14759799382087,0.18640200617913
"KS","ghEqual",117543,1000,10,10,0.5,3,-3,3,0,0,0.056,0.0372705135557859,0.0747294864442141,0.183,0.159034160611404,0.206965839388596,0.453,0.427105432214941,0.478894567785059
"KS","ghEqual",27996,1000,10,10,0.5,3,-1,3,0,0,0.027,0.0137966492398331,0.0402033507601669,0.12,0.0998586753166531,0.140141324683347,0.305,0.281049850744202,0.328950149255798
"KS","ghEqual",3954759,1000,10,10,0.5,3,1,-3,0,0,0.006,-0.000290927440687899,0.0122909274406879,0.038,0.0261495346251719,0.0498504653748281,0.138,0.120058486410004,0.155941513589996
"KS","ghEqual",1165366,1000,10,10,1,3,1,1,0,0,0.009,0.00130685460010016,0.0166931453998998,0.041,0.0287098466079548,0.0532901533920452,0.145,0.126683901906383,0.163316098093617
"KS","ghEqual",26222,1000,10,10,1,3,3,3,0,0,0.053,0.03475017169352,0.07124982830648,0.179,0.15523957714181,0.20276042285819,0.372,0.346856994284692,0.397143005715308
"KS","ghEqual",101925,1000,10,10,1,3,1,3,0,0,0.068,0.0474927100821196,0.0885072899178804,0.183,0.159034160611404,0.206965839388596,0.385,0.359687570851951,0.410312429148049
"KS","ghEqual",115018,1000,10,10,1,3,-1,1,0,0,0.021,0.00931989217584016,0.0326801078241598,0.089,0.071351399874211,0.106648600125789,0.272,0.248851863003689,0.295148136996311
"KS","ghEqual",138753,1000,10,10,1,3,-3,3,0,0,0.116,0.0899143906694898,0.14208560933051,0.311,0.282308987358408,0.339691012641592,0.585,0.55936886230822,0.61063113769178
"KS","ghEqual",74460,1000,10,10,1,3,-1,3,0,0,0.061,0.0415040872615822,0.0804959127384178,0.205,0.179978314205474,0.230021685794526,0.461,0.435069508566651,0.486930491433349
"KS","ghEqual",103001666,1000,10,10,1,3,1,-3,0,0,0.01,0.00189480522134107,0.0181051947786589,0.035,0.0236092124943005,0.0463907875056995,0.137,0.119113243956072,0.154886756043928
"KS","ghEqual",135569,1000,10,10,1.5,3,1,1,0,0,0.025,0.0122820190281633,0.0377179809718367,0.103,0.0841604335081722,0.121839566491828,0.251,0.228444956351738,0.273555043648262
"KS","ghEqual",12063438,1000,10,10,1.5,3,3,3,0,0,0.094,0.0702275531914782,0.117772446808522,0.267,0.239580237462735,0.294419762537265,0.519,0.493009052057014,0.544990947942986
"KS","ghEqual",229416553,1000,10,10,1.5,3,1,3,0,0,0.141,0.112650069606011,0.169349930393989,0.307,0.278411466606347,0.335588533393653,0.562,0.536191003702197,0.587808996297803
"KS","ghEqual",313715,1000,10,10,1.5,3,-1,1,0,0,0.044,0.0272928972690056,0.0607071027309944,0.169,0.14577263548312,0.19222736451688,0.404,0.378474179276662,0.429525820723338
"KS","ghEqual",194927821,1000,10,10,1.5,3,-3,3,0,0,0.331,0.292666990704303,0.369333009295697,0.637,0.607195688070348,0.666804311929652,0.851,0.832476467292252,0.869523532707748
"KS","ghEqual",37795,1000,10,10,1.5,3,-1,3,0,0,0.165,0.134763531317298,0.195236468682702,0.374,0.344009822301293,0.403990177698707,0.654,0.629254694160306,0.678745305839694
"KS","ghEqual",185750132,1000,10,10,1.5,3,1,-3,0,0,0.003,-0.00145506520895037,0.00745506520895037,0.026,0.0161367004303834,0.0358632995696166,0.129,0.111563077594512,0.146436922405488
"KS","ghEqual",15052737,1000,10,10,2,3,1,1,0,0,0.07,0.0492156545063358,0.0907843454936642,0.187,0.162833033090601,0.211166966909399,0.4,0.374515769581955,0.425484230418045
"KS","ghEqual",1437951,1000,10,10,2,3,3,3,0,0,0.173,0.142187874008826,0.203812125991174,0.37,0.340075478951201,0.399924521048799,0.605,0.579570247260836,0.630429752739164
"KS","ghEqual",31195,1000,10,10,2,3,1,3,0,0,0.201,0.168354954589953,0.233645045410047,0.429,0.398323714462145,0.459676285537855,0.678,0.653694269114055,0.702305730885946
"KS","ghEqual",220544021,1000,10,10,2,3,-1,1,0,0,0.102,0.0773461861267673,0.126653813873233,0.308,0.279385611004252,0.336614388995748,0.575,0.54928454045958,0.60071545954042
"KS","ghEqual",566708,1000,10,10,2,3,-3,3,0,0,0.979,0.96731989217584,0.99068010782416,0.997,0.993610276471451,1.00038972352855,1,1,1
"KS","ghEqual",580870,1000,10,10,2,3,-1,3,0,0,0.31,0.272325174368021,0.347674825631979,0.6,0.569635810565734,0.630364189434266,0.833,0.81359799382087,0.85240200617913
"KS","ghEqual",62766616,1000,10,10,2,3,1,-3,0,0,0.016,0.00577876439250127,0.0262212356074987,0.057,0.0426302455970883,0.0713697544029117,0.162,0.142833385017171,0.181166614982829
"KS","ghEqual",160876,1000,10,10,2.5,3,1,1,0,0,0.126,0.0989674604185252,0.153032539581475,0.323,0.294016444082894,0.351983555917106,0.569,0.543239121424629,0.594760878575371
"KS","ghEqual",59358445,1000,10,10,2.5,3,3,3,0,0,0.242,0.207111030305611,0.276888969694389,0.489,0.458017179495727,0.519982820504273,0.728,0.704851863003689,0.751148136996311
"KS","ghEqual",40948124,1000,10,10,2.5,3,1,3,0,0,0.293,0.255924298601699,0.330075701398301,0.57,0.539314886997112,0.600685113002888,0.793,0.771924025294782,0.814075974705218
"KS","ghEqual",1156961,1000,10,10,2.5,3,-1,1,0,0,0.209,0.175878709980679,0.242121290019321,0.486,0.455021829518191,0.516978170481809,0.766,0.743976404809841,0.788023595190159
"KS","ghEqual",49708,1000,10,10,2.5,3,-3,3,0,0,1,1,1,1,1,1,1,1,1
"KS","ghEqual",47166,1000,10,10,2.5,3,-1,3,0,0,0.595,0.555011800220565,0.634988199779435,0.841,0.81833516136391,0.86366483863609,0.944,0.932039594254374,0.955960405745626
"KS","ghEqual",12362615,1000,10,10,2.5,3,1,-3,0,0,0.017,0.00646954641356793,0.0275304535864321,0.066,0.0506113161576436,0.0813886838423564,0.187,0.166717009915326,0.207282990084674
"KS","ghEqual",171793,1000,20,20,0,1,1,1,0,1,0.007,0.000208440607931048,0.013791559392069,0.035,0.0236092124943005,0.0463907875056995,0.093,0.0778918593210481,0.108108140678952
"KS","ghEqual",76056,1000,20,20,0,1,3,3,0,1,0.005,-0.000745692786775151,0.0107456927867752,0.038,0.0261495346251719,0.0498504653748281,0.088,0.0732631501873704,0.10273684981263
"KS","ghEqual",28764,1000,20,20,0,1,1,3,0,1,0.048,0.0305865448547395,0.0654134551452605,0.203,0.178069370132305,0.227930629867695,0.364,0.338970904698731,0.389029095301269
"KS","ghEqual",24764595,1000,20,20,0,1,-1,1,0,1,0.02,0.00859556184636876,0.0314044381536312,0.16,0.137277521261975,0.182722478738025,0.333,0.308483925298388,0.357516074701612
"KS","ghEqual",218033,1000,20,20,0,1,-3,3,0,1,0.197,0.164600616653769,0.229399383346231,0.579,0.548398944880936,0.609601055119064,0.801,0.780231329388355,0.821768670611645
"KS","ghEqual",417244,1000,20,20,0,1,-1,3,0,1,0.109,0.0836137846589138,0.134386215341086,0.414,0.383471529248913,0.444528470751087,0.63,0.604884776976901,0.655115223023099
"KS","ghEqual",1209883,1000,20,20,0,1,1,-3,0,1,0.096,0.0720025171239982,0.119997482876002,0.403,0.372598447644898,0.433401552355102,0.633,0.607927318177447,0.658072681822553
"KS","ghEqual",67719,1000,20,20,0.5,3,1,1,0,0,0.006,-0.000290927440687899,0.0122909274406879,0.06,0.0452804130492734,0.0747195869507266,0.142,0.123842597600428,0.160157402399572
"KS","ghEqual",109863,1000,20,20,0.5,3,3,3,0,0,0.132,0.104426449793761,0.159573550206239,0.394,0.363714099280358,0.424285900719642,0.593,0.567444142750144,0.618555857249856
"KS","ghEqual",124944,1000,20,20,0.5,3,1,3,0,0,0.154,0.124597016471385,0.183402983528615,0.456,0.425129906666808,0.486870093333192,0.636,0.610970904698731,0.661029095301269
"KS","ghEqual",7597996,1000,20,20,0.5,3,-1,1,0,0,0.06,0.0406542571504736,0.0793457428495263,0.282,0.254110363903414,0.309889636096586,0.495,0.468991566764317,0.521008433235683
"KS","ghEqual",18707213,1000,20,20,0.5,3,-3,3,0,0,0.35,0.3111459263397,0.3888540736603,0.754,0.727306267881767,0.780693732118233,0.921,0.906968333207527,0.935031666792473
"KS","ghEqual",190777717,1000,20,20,0.5,3,-1,3,0,0,0.207,0.173995920461616,0.240004079538384,0.559,0.528226189862157,0.589773810137843,0.778,0.756381169922958,0.799618830077042
"KS","ghEqual",85816978,1000,20,20,0.5,3,1,-3,0,0,0.045,0.0281129495292991,0.0618870504707009,0.257,0.229915735904404,0.284084264095596,0.481,0.455009052057014,0.506990947942986
"KS","ghEqual",245942,1000,20,20,1,3,1,1,0,0,0.039,0.0232297035949225,0.0547702964050775,0.204,0.179023723768344,0.228976276231656,0.344,0.3192886174891,0.3687113825109
"KS","ghEqual",660703,1000,20,20,1,3,3,3,0,0,0.367,0.327737247188512,0.406262752811488,0.707,0.678790227196945,0.735209772803055,0.848,0.829323924437934,0.866676075562066
"KS","ghEqual",287609557,1000,20,20,1,3,1,3,0,0,0.362,0.322851918541824,0.401148081458176,0.724,0.69629361303959,0.75170638696041,0.834,0.814644563422645,0.853355436577355
"KS","ghEqual",21190512,1000,20,20,1,3,-1,1,0,0,0.156,0.126441704865402,0.185558295134598,0.475,0.444048441073187,0.505951558926813,0.706,0.682300350781077,0.729699649218923
"KS","ghEqual",2573982,1000,20,20,1,3,-3,3,0,0,0.597,0.55704367404758,0.63695632595242,0.898,0.879241663357323,0.916758336642677,0.97,0.961126143594806,0.978873856405194
"KS","ghEqual",8934645,1000,20,20,1,3,-1,3,0,0,0.426,0.3857184100286,0.4662815899714,0.807,0.782539152884661,0.831460847115339,0.916,0.901570433561607,0.930429566438393
"KS","ghEqual",2634642,1000,20,20,1,3,1,-3,0,0,0.029,0.0153304419828584,0.0426695580171416,0.187,0.162833033090601,0.211166966909399,0.377,0.351789549829981,0.402210450170019
"KS","ghEqual",551379,1000,20,20,1.5,3,1,1,0,0,0.167,0.136617283940767,0.197382716059233,0.463,0.432094646910284,0.493905353089716,0.659,0.634340412980445,0.683659587019555
"KS","ghEqual",345752,1000,20,20,1.5,3,3,3,0,0,0.578,0.537768520549003,0.618231479450997,0.864,0.842753744649939,0.885246255350061,0.933,0.919993988744623,0.946006011255377
"KS","ghEqual",266280,1000,20,20,1.5,3,1,3,0,0,0.623,0.583521507818864,0.662478492181136,0.877,0.856643250907868,0.897356749092132,0.947,0.935345897684721,0.958654102315279
"KS","ghEqual",2403831,1000,20,20,1.5,3,-1,1,0,0,0.306,0.268460688146105,0.343539311853895,0.708,0.67981849866313,0.73618150133687,0.87,0.852505674419973,0.887494325580027
"KS","ghEqual",59996,1000,20,20,1.5,3,-3,3,0,0,0.874,0.846967460418525,0.901032539581475,0.992,0.986478502232184,0.997521497767816,0.999,0.997355822705728,1.00064417729427
"KS","ghEqual",390968,1000,20,20,1.5,3,-1,3,0,0,0.673,0.634785580468938,0.711214419531062,0.924,0.90757524677811,0.94042475322189,0.98,0.972717274548632,0.987282725451368
"KS","ghEqual",109861726,1000,20,20,1.5,3,1,-3,0,0,0.03,0.0161039184803773,0.0438960815196227,0.176,0.152396521476698,0.199603478523302,0.334,0.309465554314393,0.358534445685607
"KS","ghEqual",10112017,1000,20,20,2,3,1,1,0,0,0.36,0.32089906918755,0.39910093081245,0.716,0.688050647406425,0.743949352593575,0.85,0.831425334794403,0.868574665205597
"KS","ghEqual",595330,1000,20,20,2,3,3,3,0,0,0.741,0.705313426976747,0.776686573023253,0.939,0.924166153351204,0.953833846648796,0.976,0.968038471905469,0.983961528094531
"KS","ghEqual",71726704,1000,20,20,2,3,1,3,0,0,0.762,0.727309399079059,0.796690600920941,0.956,0.943288074009026,0.968711925990974,0.985,0.978676905870146,0.991323094129854
"KS","ghEqual",77662,1000,20,20,2,3,-1,1,0,0,0.517,0.47629341256337,0.55770658743663,0.886,0.866301853731886,0.905698146268114,0.966,0.956572556810036,0.975427443189964
"KS","ghEqual",17935080,1000,20,20,2,3,-3,3,0,0,1,1,1,1,1,1,1,1,1
"KS","ghEqual",126442,1000,20,20,2,3,-1,3,0,0,0.899,0.87445368001056,0.92354631998944,0.995,0.990628277227454,0.999371722772546,1,1,1
"KS","ghEqual",147191998,1000,20,20,2,3,1,-3,0,0,0.046,0.0289352880486074,0.0630647119513926,0.218,0.192408974197973,0.243591025802027,0.347,0.322237913844448,0.371762086155552
"KS","ghEqual",576677,1000,20,20,2.5,3,1,1,0,0,0.571,0.530682596150248,0.611317403849752,0.855,0.833176563973563,0.876823436026437,0.938,0.925455216626023,0.950544783373977
"KS","ghEqual",1097725,1000,20,20,2.5,3,3,3,0,0,0.833,0.802617283940767,0.863382716059233,0.969,0.958257662153888,0.979742337846112,0.993,0.988662998757782,0.997337001242218
"KS","ghEqual",104717229,1000,20,20,2.5,3,1,3,0,0,0.886,0.860111007761908,0.911888992238092,0.988,0.981251221621656,0.994748778378344,0.996,0.992716586593193,0.999283413406807
"KS","ghEqual",5444289,1000,20,20,2.5,3,-1,1,0,0,0.786,0.752590958315091,0.819409041684909,0.973,0.962953972247699,0.983046027752301,0.995,0.991330875530184,0.998669124469816
"KS","ghEqual",25569,1000,20,20,2.5,3,-3,3,0,0,1,1,1,1,1,1,1,1,1
"KS","ghEqual",23347,1000,20,20,2.5,3,-1,3,0,0,0.986,0.976429197948761,0.995570802051239,1,1,1,1,1,1
"KS","ghEqual",29903060,1000,20,20,2.5,3,1,-3,0,0,0.114,0.0881110077619078,0.139888992238092,0.316,0.287184400224878,0.344815599775122,0.457,0.431086628745472,0.482913371254528
"KS","ghEqual",260196,1000,100,100,0,1,1,1,0,1,0.007,0.000208440607931048,0.013791559392069,0.036,0.0244536202037175,0.0475463797962825,0.062,0.0494552166260234,0.0745447833739766
"KS","ghEqual",413663,1000,100,100,0,1,3,3,0,1,0.006,-0.000290927440687899,0.0122909274406879,0.048,0.0347506319546931,0.0612493680453069,0.093,0.0778918593210481,0.108108140678952
"KS","ghEqual",870070,1000,100,100,0,1,1,3,0,1,0.929,0.90807897829493,0.94992102170507,0.993,0.987832509158208,0.998167490841792,0.999,0.997355822705728,1.00064417729427
"KS","ghEqual",4540282,1000,100,100,0,1,-1,1,0,1,0.932,0.91149271008212,0.95250728991788,0.997,0.993610276471451,1.00038972352855,1,1,1
"KS","ghEqual",266696797,1000,100,100,0,1,-3,3,0,1,1,1,1,1,1,1,1,1,1
"KS","ghEqual",28509,1000,100,100,0,1,-1,3,0,1,0.999,0.996425288322161,1.00157471167784,0.999,0.997040980245123,1.00095901975488,1,1,1
"KS","ghEqual",135806,1000,100,100,0,1,1,-3,0,1,0.999,0.996425288322161,1.00157471167784,1,1,1,1,1,1
"KS","ghEqual",4402129,1000,100,100,0.5,3,1,1,0,0,0.114,0.0881110077619078,0.139888992238092,0.356,0.326322726162937,0.385677273837063,0.519,0.493009052057014,0.544990947942986
"KS","ghEqual",30243972,1000,100,100,0.5,3,3,3,0,0,0.995,0.989254307213225,1.00074569278678,1,1,1,1,1,1
"KS","ghEqual",64700378,1000,100,100,0.5,3,1,3,0,0,1,1,1,1,1,1,1,1,1
"KS","ghEqual",3338611,1000,100,100,0.5,3,-1,1,0,0,0.997,0.99254493479105,1.00145506520895,1,1,1,1,1,1
"KS","ghEqual",47637,1000,100,100,0.5,3,-3,3,0,0,1,1,1,1,1,1,1,1,1
"KS","ghEqual",18242067,1000,100,100,0.5,3,-1,3,0,0,1,1,1,1,1,1,1,1,1
"KS","ghEqual",14642079,1000,100,100,0.5,3,1,-3,0,0,0.986,0.976429197948761,0.995570802051239,1,1,1,1,1,1
"KS","ghEqual",5155327,1000,100,100,1,3,1,1,0,0,0.833,0.802617283940767,0.863382716059233,0.965,0.9536092124943,0.9763907875057,0.99,0.98482412833428,0.99517587166572
"KS","ghEqual",132377,1000,100,100,1,3,3,3,0,0,1,1,1,1,1,1,1,1,1
"KS","ghEqual",82943943,1000,100,100,1,3,1,3,0,0,1,1,1,1,1,1,1,1,1
"KS","ghEqual",1519910,1000,100,100,1,3,-1,1,0,0,1,1,1,1,1,1,1,1,1
"KS","ghEqual",121539892,1000,100,100,1,3,-3,3,0,0,1,1,1,1,1,1,1,1,1
"KS","ghEqual",8124468,1000,100,100,1,3,-1,3,0,0,1,1,1,1,1,1,1,1,1
"KS","ghEqual",1171777,1000,100,100,1,3,1,-3,0,0,0.936,0.916062359078768,0.955937640921232,0.998,0.995230914663648,1.00076908533635,1,1,1
"KS","ghEqual",114619133,1000,100,100,1.5,3,1,1,0,0,0.997,0.99254493479105,1.00145506520895,1,1,1,1,1,1
"KS","ghEqual",693701,1000,100,100,1.5,3,3,3,0,0,1,1,1,1,1,1,1,1,1
"KS","ghEqual",14110875,1000,100,100,1.5,3,1,3,0,0,1,1,1,1,1,1,1,1,1
"KS","ghEqual",22651135,1000,100,100,1.5,3,-1,1,0,0,1,1,1,1,1,1,1,1,1
"KS","ghEqual",56518,1000,100,100,1.5,3,-3,3,0,0,1,1,1,1,1,1,1,1,1
"KS","ghEqual",9326610,1000,100,100,1.5,3,-1,3,0,0,1,1,1,1,1,1,1,1,1
"KS","ghEqual",26062,1000,100,100,1.5,3,1,-3,0,0,0.851,0.821992936015101,0.880007063984899,0.998,0.995230914663648,1.00076908533635,1,1,1
"KS","ghEqual",1761148,1000,100,100,2,3,1,1,0,0,1,1,1,1,1,1,1,1,1
"KS","ghEqual",223015609,1000,100,100,2,3,3,3,0,0,1,1,1,1,1,1,1,1,1
"KS","ghEqual",239485,1000,100,100,2,3,1,3,0,0,1,1,1,1,1,1,1,1,1
"KS","ghEqual",82798084,1000,100,100,2,3,-1,1,0,0,1,1,1,1,1,1,1,1,1
"KS","ghEqual",2152976,1000,100,100,2,3,-3,3,0,0,1,1,1,1,1,1,1,1,1
"KS","ghEqual",71354,1000,100,100,2,3,-1,3,0,0,1,1,1,1,1,1,1,1,1
"KS","ghEqual",189198706,1000,100,100,2,3,1,-3,0,0,0.837,0.806911371658781,0.867088628341219,0.998,0.995230914663648,1.00076908533635,1,1,1
"KS","ghEqual",6846824,1000,100,100,2.5,3,1,1,0,0,1,1,1,1,1,1,1,1,1
"KS","ghEqual",307151342,1000,100,100,2.5,3,3,3,0,0,1,1,1,1,1,1,1,1,1
"KS","ghEqual",140872,1000,100,100,2.5,3,1,3,0,0,1,1,1,1,1,1,1,1,1
"KS","ghEqual",22718957,1000,100,100,2.5,3,-1,1,0,0,1,1,1,1,1,1,1,1,1
"KS","ghEqual",13486213,1000,100,100,2.5,3,-3,3,0,0,1,1,1,1,1,1,1,1,1
"KS","ghEqual",88010805,1000,100,100,2.5,3,-1,3,0,0,1,1,1,1,1,1,1,1,1
"KS","ghEqual",38938461,1000,100,100,2.5,3,1,-3,0,0,0.886,0.860111007761908,0.911888992238092,0.992,0.986478502232184,0.997521497767816,1,1,1
"KS","ghEqual",9013213,1000,10,100,0,1,1,1,0,1,0.007,0.000208440607931048,0.013791559392069,0.045,0.0321511572505536,0.0578488427494463,0.086,0.0714156114595092,0.100584388540491
"KS","ghEqual",105769986,1000,10,100,0,1,3,3,0,1,0.007,0.000208440607931048,0.013791559392069,0.045,0.0321511572505536,0.0578488427494463,0.101,0.0853250402241345,0.116674959775865
"KS","ghEqual",240791852,1000,10,100,0,1,1,3,0,1,0.108,0.0827163270718829,0.133283672928117,0.264,0.236678977940055,0.291321022059945,0.431,0.405239121424629,0.456760878575371
"KS","ghEqual",13786960,1000,10,100,0,1,-1,1,0,1,0.045,0.0281129495292991,0.0618870504707009,0.147,0.125052287918783,0.168947712081217,0.337,0.312411184010307,0.361588815989693
"KS","ghEqual",748538,1000,10,100,0,1,-3,3,0,1,0.191,0.158978858987475,0.223021141012525,0.515,0.484023627714014,0.545976372285986,0.841,0.821977724716139,0.860022275283861
"KS","ghEqual",790197,1000,10,100,0,1,-1,3,0,1,0.151,0.121833240710974,0.180166759289026,0.317,0.28815994699034,0.34584005300966,0.571,0.545253831780729,0.596746168219271
"KS","ghEqual",35370517,1000,10,100,0,1,1,-3,0,1,0.149,0.119992936015101,0.178007063984899,0.344,0.314556650625311,0.373443349374689,0.579,0.5533169715965,0.6046830284035
"KS","ghEqual",26651907,1000,10,100,0.5,3,1,1,0,0,0.029,0.0153304419828584,0.0426695580171416,0.094,0.0759122687326464,0.112087731267354,0.193,0.172470360456769,0.213529639543231
"KS","ghEqual",172226177,1000,10,100,0.5,3,3,3,0,0,0.249,0.213773823990901,0.284226176009099,0.464,0.433090110216955,0.494909889783045,0.565,0.539210985005724,0.590789014994276
"KS","ghEqual",35490833,1000,10,100,0.5,3,1,3,0,0,0.234,0.199511987106474,0.268488012893526,0.439,0.408241173520435,0.469758826479565,0.622,0.596776404421653,0.647223595578347
"KS","ghEqual",196070,1000,10,100,0.5,3,-1,1,0,0,0.079,0.0570270068951906,0.100972993104809,0.223,0.197200041209335,0.248799958790665,0.46,0.434073630990823,0.485926369009177
"KS","ghEqual",11195041,1000,10,100,0.5,3,-3,3,0,0,0.31,0.272325174368021,0.347674825631979,0.74,0.712813167893261,0.767186832106739,0.938,0.925455216626023,0.950544783373977
"KS","ghEqual",167552169,1000,10,100,0.5,3,-1,3,0,0,0.235,0.200460940510778,0.269539059489222,0.478,0.447039692094554,0.508960307905446,0.717,0.693567496105303,0.740432503894697
"KS","ghEqual",241898,1000,10,100,0.5,3,1,-3,0,0,0.091,0.0675712835404071,0.114428716459593,0.265,0.237645884404719,0.292354115595281,0.472,0.446031081531954,0.497968918468046
"KS","ghEqual",1302659,1000,10,100,1,3,1,1,0,0,0.086,0.0631614681578697,0.10883853184213,0.216,0.190494080875216,0.241505919124784,0.398,0.372537227843379,0.423462772156621
"KS","ghEqual",65338547,1000,10,100,1,3,3,3,0,0,0.402,0.362059869713583,0.441940130286417,0.642,0.612285727712091,0.671714272287909,0.772,0.750175616929682,0.793824383070318
"KS","ghEqual",32850,1000,10,100,1,3,1,3,0,0,0.43,0.389670994339062,0.470329005660938,0.669,0.639833579883709,0.698166420116291,0.798,0.777114588682528,0.818885411317472
"KS","ghEqual",224029363,1000,10,100,1,3,-1,1,0,0,0.153,0.123675320161748,0.182324679838252,0.381,0.3509001810238,0.4110998189762,0.675,0.65063538971428,0.69936461028572
"KS","ghEqual",710602,1000,10,100,1,3,-3,3,0,0,0.61,0.57026775729461,0.64973224270539,0.942,0.927512430928551,0.956487569071449,0.994,0.989982695791952,0.998017304208048
"KS","ghEqual",23201618,1000,10,100,1,3,-1,3,0,0,0.404,0.36402765095239,0.44397234904761,0.69,0.661334371801755,0.718665628198245,0.882,0.8652180973099,0.8987819026901
"KS","ghEqual",26725,1000,10,100,1,3,1,-3,0,0,0.064,0.0440623590787676,0.0839376409212324,0.227,0.20103676842918,0.25296323157082,0.41,0.384415093365423,0.435584906634577
"KS","ghEqual",1448538,1000,10,100,1.5,3,1,1,0,0,0.234,0.199511987106474,0.268488012893526,0.443,0.412211712590662,0.473788287409338,0.621,0.595763373086425,0.646236626913575
"KS","ghEqual",8886426,1000,10,100,1.5,3,3,3,0,0,0.54,0.499400409381374,0.580599590618626,0.748,0.721090406290693,0.774909593709307,0.863,0.845113243956072,0.880886756043928
"KS","ghEqual",75427,1000,10,100,1.5,3,1,3,0,0,0.556,0.515526129336768,0.596473870663232,0.78,0.754324748102501,0.805675251897499,0.888,0.871594805017922,0.904405194982078
"KS","ghEqual",185671382,1000,10,100,1.5,3,-1,1,0,0,0.269,0.232877259837272,0.305122740162729,0.643,0.613304156492869,0.672695843507131,0.886,0.869467627239262,0.902532372760738
"KS","ghEqual",54908,1000,10,100,1.5,3,-3,3,0,0,0.925,0.903544069351343,0.946455930648658,0.998,0.995230914663648,1.00076908533635,1,1,1
"KS","ghEqual",30701,1000,10,100,1.5,3,-1,3,0,0,0.615,0.5753618130788,0.6546381869212,0.878,0.857714615468274,0.898285384531726,0.964,0.954309288385263,0.973690711614737
"KS","ghEqual",4331304,1000,10,100,1.5,3,1,-3,0,0,0.066,0.0457748726643316,0.0862251273356684,0.202,0.177115254600459,0.226884745399541,0.385,0.359687570851951,0.410312429148049
"KS","ghEqual",181993404,1000,10,100,2,3,1,1,0,0,0.352,0.313095065062437,0.390904934937563,0.6,0.569635810565734,0.630364189434266,0.784,0.762593246448842,0.805406753551158
"KS","ghEqual",1298497,1000,10,100,2,3,3,3,0,0,0.632,0.592714859819825,0.671285140180175,0.837,0.814106478436029,0.859893521563971,0.922,0.908049856850197,0.935950143149803
"KS","ghEqual",20636,1000,10,100,2,3,1,3,0,0,0.684,0.646128068866983,0.721871931133017,0.859,0.837429400787183,0.880570599212817,0.935,0.922175855998352,0.947824144001648
"KS","ghEqual",22334,1000,10,100,2,3,-1,1,0,0,0.545,0.504435156186668,0.585564843813332,0.897,0.878160433508172,0.915839566491828,0.989,0.983574242359357,0.994425757640643
"KS","ghEqual",8866639,1000,10,100,2,3,-3,3,0,0,1,1,1,1,1,1,1,1,1
"KS","ghEqual",181929,1000,10,100,2,3,-1,3,0,0,0.802,0.769538720208593,0.834461279791407,0.97,0.959426894495939,0.980573105504061,1,1,1
"KS","ghEqual",161845,1000,10,100,2,3,1,-3,0,0,0.083,0.0605265590721848,0.105473440927815,0.234,0.207759120624491,0.260240879375509,0.438,0.412191003702197,0.463808996297803
"KS","ghEqual",2257719,1000,10,100,2.5,3,1,1,0,0,0.516,0.475290722908113,0.556709277091887,0.749,0.722125905440369,0.775874094559631,0.886,0.869467627239262,0.902532372760738
"KS","ghEqual",30379109,1000,10,100,2.5,3,3,3,0,0,0.734,0.698005619197658,0.769994380802342,0.888,0.868453384702205,0.907546615297795,0.957,0.946447482064692,0.967552517935308
"KS","ghEqual",170229900,1000,10,100,2.5,3,1,3,0,0,0.806,0.773788255581791,0.838211744418209,0.935,0.919720168849101,0.9502798311509,0.976,0.968038471905469,0.983961528094531
"KS","ghEqual",9066513,1000,10,100,2.5,3,-1,1,0,0,0.84,0.810136170801453,0.869863829198547,0.987,0.979979204489518,0.994020795510482,1,1,1
"KS","ghEqual",1736543,1000,10,100,2.5,3,-3,3,0,0,1,1,1,1,1,1,1,1,1
"KS","ghEqual",17888447,1000,10,100,2.5,3,-1,3,0,0,0.969,0.954881498830825,0.983118501169175,0.998,0.995230914663648,1.00076908533635,1,1,1
"KS","ghEqual",19719034,1000,10,100,2.5,3,1,-3,0,0,0.139,0.110819101577416,0.167180898422584,0.333,0.303789357802335,0.362210642197665,0.544,0.518091171666785,0.569908828333215
