"method","distribution","seed","N","n1","n2","delta","sd","g1","g2","h","null","power0.01","l_CI","u_CI","power0.05","l_CI","u_CI","power0.10","l_CI","u_CI","ct_0.10","ct_0.05","ct_0.01"
"SmoothFixed_6_asymp","ghEqual",44078640,10000,10,10,0,3,1,1,0,1,0.005,0.00318305240581903,0.00681694759418097,0.0367,0.0330147251476179,0.0403852748523821,0.0846,0.0800222029194054,0.0891777970805945,846,367,50
"SmoothFixed_6_asymp","ghEqual",22704251,10000,10,10,0,3,3,3,0,1,0.0059,0.00392718254677631,0.00787281745322369,0.0386,0.034824262593029,0.042375737406971,0.0863,0.0816807325021412,0.0909192674978588,863,386,59
"SmoothFixed_6_asymp","ghEqual",104005042,10000,10,10,0,3,-3,-3,0,1,0.0055,0.00359484814841441,0.00740515185158559,0.0384,0.0346336653055789,0.0421663346944211,0.0837,0.0791443801715052,0.0882556198284948,837,384,55
"SmoothFixed_6_asymp","ghEqual",16908,10000,10,10,0,3,-1,-1,0,1,0.0053,0.00342961998908885,0.00717038001091115,0.0406,0.0367317107111282,0.0444682892888718,0.0898,0.0850970269917955,0.0945029730082045,898,406,53
"SmoothFixed_6_asymp","ghEqual",12983515,10000,10,10,0.5,3,1,1,0,0,0.0047,0.00293813840191234,0.00646186159808766,0.036,0.0323487141114396,0.0396512858885604,0.0822,0.0776816919423417,0.0867183080576583,822,360,47
"SmoothFixed_6_asymp","ghEqual",134980292,10000,10,10,0.5,3,3,3,0,0,0.0073,0.00510711276402639,0.00949288723597361,0.0564,0.0518784265563413,0.0609215734436587,0.1139,0.108674003282533,0.119125996717467,1139,564,73
"SmoothFixed_6_asymp","ghEqual",1228300,10000,10,10,0.5,3,1,3,0,0,0.0082,0.00587691641085044,0.0105230835891496,0.0597,0.0550561684800587,0.0643438315199413,0.1229,0.117499096728974,0.128300903271026,1229,597,82
"SmoothFixed_6_asymp","ghEqual",1014639,10000,10,10,0.5,3,-1,1,0,0,0.0037,0.00213598185986991,0.00526401814013009,0.0436,0.0395976128115336,0.0476023871884664,0.1074,0.102306732521544,0.112493267478456,1074,436,37
"SmoothFixed_6_asymp","ghEqual",557370,10000,10,10,0.5,3,-3,3,0,0,0.0305,0.0260703472215534,0.0349296527784466,0.2235,0.215334823722662,0.231665176277338,0.3837,0.375700591304867,0.391699408695133,3837,2235,305
"SmoothFixed_6_asymp","ghEqual",3207459,10000,10,10,0.5,3,-1,3,0,0,0.0105,0.00787428002833509,0.0131257199716649,0.1117,0.10552605880028,0.11787394119972,0.2353,0.228322137441825,0.242277862558175,2353,1117,105
"SmoothFixed_6_asymp","ghEqual",2627632,10000,10,10,0.5,3,1,-3,0,0,0.0082,0.00587691641085044,0.0105230835891496,0.0746,0.0694502015442932,0.0797497984557068,0.1568,0.150818580938406,0.162781419061594,1568,746,82
"SmoothFixed_6_asymp","ghEqual",23193959,10000,10,10,1,3,1,1,0,0,0.0028,0.00143881858974786,0.00416118141025214,0.0285,0.0252386312627978,0.0317613687372022,0.0738,0.0694992274856835,0.0781007725143165,738,285,28
"SmoothFixed_6_asymp","ghEqual",3357409,10000,10,10,1,3,3,3,0,0,0.0062,0.0041779532159082,0.0082220467840918,0.0539,0.0494739228964692,0.0583260771035308,0.1113,0.106126421125877,0.116473578874123,1113,539,62
"SmoothFixed_6_asymp","ghEqual",192705,10000,10,10,1,3,1,3,0,0,0.0087,0.00630774187608109,0.0110922581239189,0.0587,0.0540927778727741,0.0633072221272259,0.122,0.116616148461371,0.127383851538629,1220,587,87
"SmoothFixed_6_asymp","ghEqual",254121341,10000,10,10,1,3,-1,1,0,0,0.0045,0.00277585912594127,0.00622414087405873,0.0597,0.0550561684800587,0.0643438315199413,0.1399,0.134193770516885,0.145606229483115,1399,597,45
"SmoothFixed_6_asymp","ghEqual",3330279,10000,10,10,1,3,-3,3,0,0,0.0247,0.0207018098266821,0.0286981901733179,0.1947,0.186938996189564,0.202461003810436,0.3395,0.331710273628081,0.347289726371919,3395,1947,247
"SmoothFixed_6_asymp","ghEqual",337139,10000,10,10,1,3,-1,3,0,0,0.0143,0.0112416565437191,0.0173583434562809,0.128,0.121451839757611,0.134548160242389,0.2505,0.243372198675301,0.257627801324699,2505,1280,143
"SmoothFixed_6_asymp","ghEqual",53512,10000,10,10,1,3,1,-3,0,0,0.0067,0.00459852862937988,0.00880147137062012,0.0521,0.0477443177050662,0.0564556822949338,0.1209,0.115537118598927,0.126262881401073,1209,521,67
"SmoothFixed_6_asymp","ghEqual",587607,10000,10,10,1.5,3,1,1,0,0,0.0029,0.00151479447287271,0.00428520552712729,0.0309,0.0275082830026077,0.0342917169973923,0.0741,0.069791192933424,0.078408807066576,741,309,29
"SmoothFixed_6_asymp","ghEqual",59397,10000,10,10,1.5,3,3,3,0,0,0.0062,0.0041779532159082,0.0082220467840918,0.0458,0.0417025985530339,0.0498974014469661,0.0968,0.0919359778340966,0.101664022165903,968,458,62
"SmoothFixed_6_asymp","ghEqual",27238682,10000,10,10,1.5,3,1,3,0,0,0.0058,0.00384387440854734,0.00775612559145266,0.0492,0.0449608068058179,0.0534391931941821,0.1056,0.100544504168175,0.110655495831825,1056,492,58
"SmoothFixed_6_asymp","ghEqual",47120858,10000,10,10,1.5,3,-1,1,0,0,0.0039,0.00229442856754861,0.00550557143245139,0.0603,0.0556343802484986,0.0649656197515014,0.1466,0.14078152454374,0.15241847545626,1466,603,39
"SmoothFixed_6_asymp","ghEqual",23189345,10000,10,10,1.5,3,-3,3,0,0,0.0033,0.00182264434886653,0.00477735565113347,0.0556,0.0511087062952419,0.0600912937047581,0.1212,0.115831385298571,0.126568614701429,1212,556,33
"SmoothFixed_6_asymp","ghEqual",17726503,10000,10,10,1.5,3,-1,3,0,0,0.0105,0.00787428002833509,0.0131257199716649,0.1197,0.113337636213985,0.126062363786015,0.2321,0.225155262954728,0.239044737045272,2321,1197,105
"SmoothFixed_6_asymp","ghEqual",9806258,10000,10,10,1.5,3,1,-3,0,0,0.0038,0.00221506693533891,0.00538493306466109,0.042,0.0380684530067669,0.0459315469932331,0.095,0.0901766142661508,0.0998233857338492,950,420,38
"SmoothFixed_6_asymp","ghEqual",7087453,10000,10,10,2,3,1,1,0,0,0.0031,0.0016679687226656,0.0045320312773344,0.0321,0.0286451926689901,0.0355548073310099,0.0737,0.0694019102665515,0.0779980897334485,737,321,31
"SmoothFixed_6_asymp","ghEqual",129176648,10000,10,10,2,3,3,3,0,0,0.005,0.00318305240581903,0.00681694759418097,0.0379,0.0341572933945606,0.0416427066054394,0.086,0.081388011393119,0.090611988606881,860,379,50
"SmoothFixed_6_asymp","ghEqual",838982,10000,10,10,2,3,1,3,0,0,0.0032,0.00174512774259181,0.00465487225740819,0.0367,0.0330147251476179,0.0403852748523821,0.0858,0.0811928733128011,0.0904071266871989,858,367,32
"SmoothFixed_6_asymp","ghEqual",68448711,10000,10,10,2,3,-1,1,0,0,0.0036,0.00205718458838914,0.00514281541161086,0.068,0.0630657802886373,0.0729342197113627,0.1569,0.15091702871142,0.16288297128858,1569,680,36
"SmoothFixed_6_asymp","ghEqual",72616193,10000,10,10,2,3,-3,3,0,0,0,0,0,0,0,0,3e-04,1.51203837144539e-05,0.000584879616285546,3,0,0
"SmoothFixed_6_asymp","ghEqual",124260,10000,10,10,2,3,-1,3,0,0,0.005,0.00318305240581903,0.00681694759418097,0.0755,0.0703217501064549,0.0806782498935451,0.1469,0.141076598001599,0.152723401998401,1469,755,50
"SmoothFixed_6_asymp","ghEqual",431903,10000,10,10,2,3,1,-3,0,0,0.003,0.00159118468151429,0.00440881531848571,0.0304,0.0270349682476387,0.0337650317523613,0.0798,0.0753423243774474,0.0842576756225526,798,304,30
"SmoothFixed_6_asymp","ghEqual",18001,10000,10,10,2.5,3,1,1,0,0,0.0028,0.00143881858974786,0.00416118141025214,0.0304,0.0270349682476387,0.0337650317523613,0.0688,0.0646362791517202,0.0729637208482798,688,304,28
"SmoothFixed_6_asymp","ghEqual",118420676,10000,10,10,2.5,3,3,3,0,0,0.0031,0.0016679687226656,0.0045320312773344,0.034,0.0304479089200867,0.0375520910799134,0.0688,0.0646362791517202,0.0729637208482798,688,340,31
"SmoothFixed_6_asymp","ghEqual",26110813,10000,10,10,2.5,3,1,3,0,0,0.0045,0.00277585912594127,0.00622414087405873,0.0291,0.0258054976900296,0.0323945023099704,0.0676,0.0634700919478032,0.0717299080521968,676,291,45
"SmoothFixed_6_asymp","ghEqual",88422,10000,10,10,2.5,3,-1,1,0,0,0.0023,0.00106601533457826,0.00353398466542174,0.0543,0.0498584691736294,0.0587415308263706,0.1275,0.122013394778246,0.132986605221754,1275,543,23
"SmoothFixed_6_asymp","ghEqual",19115798,10000,10,10,2.5,3,-3,3,0,0,0,0,0,0,0,0,0,0,0,0,0,0
"SmoothFixed_6_asymp","ghEqual",18270,10000,10,10,2.5,3,-1,3,0,0,0.0013,0.000371813901280567,0.00222818609871943,0.0234,0.0204370633907557,0.0263629366092443,0.0514,0.0477676388506785,0.0550323611493215,514,234,13
"SmoothFixed_6_asymp","ghEqual",35031103,10000,10,10,2.5,3,1,-3,0,0,0.0033,0.00182264434886653,0.00477735565113347,0.0262,0.0230692989268217,0.0293307010731783,0.067,0.0628871381159222,0.0711128618840778,670,262,33
"SmoothFixed_6_asymp","ghEqual",43608795,10000,20,20,0,3,1,1,0,1,0.0096,0.00708818996570521,0.0121118100342948,0.0499,0.0456323282977249,0.0541676717022751,0.0978,0.0929136255890589,0.102686374410941,978,499,96
"SmoothFixed_6_asymp","ghEqual",50540,10000,20,20,0,3,3,3,0,1,0.0094,0.00691424141894994,0.0118857585810501,0.0472,0.0430434984679902,0.0513565015320098,0.0985,0.0935980725072299,0.10340192749277,985,472,94
"SmoothFixed_6_asymp","ghEqual",192424,10000,20,20,0,3,-3,-3,0,1,0.0084,0.00604899387398841,0.0107510061260116,0.0466,0.0424687012320095,0.0507312987679905,0.0964,0.0915449631523952,0.101255036847605,964,466,84
"SmoothFixed_6_asymp","ghEqual",4680180,10000,20,20,0,3,-1,-1,0,1,0.0084,0.00604899387398841,0.0107510061260116,0.0518,0.0474561889403889,0.0561438110596111,0.1067,0.101621367600055,0.111778632399945,1067,518,84
"SmoothFixed_6_asymp","ghEqual",61158781,10000,20,20,0.5,3,1,1,0,0,0.0061,0.0040942254270472,0.0081057745729528,0.0432,0.0392151816551316,0.0471848183448684,0.0905,0.0857805483237589,0.0952194516762411,905,432,61
"SmoothFixed_6_asymp","ghEqual",35299,10000,20,20,0.5,3,3,3,0,0,0.0291,0.0247700826783247,0.0334299173216753,0.1276,0.121060579912683,0.134139420087317,0.2234,0.216548176301516,0.230251823698483,2234,1276,291
"SmoothFixed_6_asymp","ghEqual",294635,10000,20,20,0.5,3,1,3,0,0,0.0339,0.0292381666024724,0.0385618333975276,0.1463,0.139373228280822,0.153226771719178,0.2548,0.247631933310271,0.261968066689729,2548,1463,339
"SmoothFixed_6_asymp","ghEqual",115029161,10000,20,20,0.5,3,-1,1,0,0,0.0163,0.013038097342431,0.019561902657569,0.0964,0.0906152752454071,0.102184724754593,0.176,0.169735508244079,0.182264491755921,1760,964,163
"SmoothFixed_6_asymp","ghEqual",46159530,10000,20,20,0.5,3,-3,3,0,0,0.3607,0.348329954927464,0.373070045072536,0.6697,0.660481707004787,0.678918292995213,0.7783,0.771466829393409,0.785133170606591,7783,6697,3607
"SmoothFixed_6_asymp","ghEqual",418432,10000,20,20,0.5,3,-1,3,0,0,0.1239,0.115412918902761,0.132387081097239,0.365,0.355563968842781,0.374436031157219,0.5139,0.505678178918818,0.522121821081182,5139,3650,1239
"SmoothFixed_6_asymp","ghEqual",42463463,10000,20,20,0.5,3,1,-3,0,0,0.052,0.0462805838261585,0.0577194161738415,0.1812,0.173650397514465,0.188749602485535,0.2779,0.270530995051367,0.285269004948633,2779,1812,520
"SmoothFixed_6_asymp","ghEqual",227614,10000,20,20,1,3,1,1,0,0,0.0065,0.00442992313031617,0.00857007686968383,0.0401,0.0362546023770746,0.0439453976229254,0.0896,0.0849017509821637,0.0942982490178363,896,401,65
"SmoothFixed_6_asymp","ghEqual",230039,10000,20,20,1,3,3,3,0,0,0.0289,0.0245845433622033,0.0332154566377967,0.1275,0.120962768246421,0.134037231753579,0.2281,0.221197457880608,0.235002542119392,2281,1275,289
"SmoothFixed_6_asymp","ghEqual",157647,10000,20,20,1,3,1,3,0,0,0.0336,0.0289581194766879,0.0382418805233121,0.1501,0.143099479493752,0.157100520506248,0.2589,0.251694396940507,0.266105603059493,2589,1501,336
"SmoothFixed_6_asymp","ghEqual",678991,10000,20,20,1,3,-1,1,0,0,0.029,0.0246773062058018,0.0333226937941982,0.1569,0.149771353358287,0.164028646641713,0.2728,0.26547318846657,0.28012681153343,2728,1569,290
"SmoothFixed_6_asymp","ghEqual",91312,10000,20,20,1,3,-3,3,0,0,0.3148,0.302836124149988,0.326763875850012,0.6406,0.631195437978172,0.650004562021827,0.762,0.754994617284545,0.769005382715455,7620,6406,3148
"SmoothFixed_6_asymp","ghEqual",174863,10000,20,20,1,3,-1,3,0,0,0.1566,0.147238217740636,0.165961782259364,0.4324,0.422689980381153,0.442110019618847,0.5787,0.570577525192297,0.586822474807703,5787,4324,1566
"SmoothFixed_6_asymp","ghEqual",27169771,10000,20,20,1,3,1,-3,0,0,0.0235,0.0195977425930111,0.0274022574069889,0.1065,0.100453860633429,0.112546139366571,0.1844,0.178020524568932,0.190779475431068,1844,1065,235
"SmoothFixed_6_asymp","ghEqual",74348,10000,20,20,1.5,3,1,1,0,0,0.0061,0.0040942254270472,0.0081057745729528,0.05,0.0457282790353301,0.0542717209646699,0.1095,0.104363232327195,0.114636767672805,1095,500,61
"SmoothFixed_6_asymp","ghEqual",9520764,10000,20,20,1.5,3,3,3,0,0,0.0274,0.0231947843431015,0.0316052156568985,0.1174,0.111090832153255,0.123709167846745,0.2072,0.200532813579447,0.213867186420553,2072,1174,274
"SmoothFixed_6_asymp","ghEqual",25526,10000,20,20,1.5,3,1,3,0,0,0.0288,0.024491794216213,0.033108205783787,0.127,0.120473729751228,0.133526270248772,0.2229,0.216053645371953,0.229746354628047,2229,1270,288
"SmoothFixed_6_asymp","ghEqual",3985422,10000,20,20,1.5,3,-1,1,0,0,0.0436,0.0383397196951584,0.0488602803048416,0.214,0.205961514530709,0.222038485469291,0.3565,0.348621020962753,0.364378979037247,3565,2140,436
"SmoothFixed_6_asymp","ghEqual",55988,10000,20,20,1.5,3,-3,3,0,0,0.0315,0.0270006378756095,0.0359993621243905,0.1823,0.174732604984963,0.189867395015037,0.3206,0.312922666040669,0.328277333959331,3206,1823,315
"SmoothFixed_6_asymp","ghEqual",93245,10000,20,20,1.5,3,-1,3,0,0,0.1305,0.121822674122888,0.139177325877112,0.38,0.370486425697983,0.389513574302017,0.5249,0.516685205495938,0.533114794504063,5249,3800,1305
"SmoothFixed_6_asymp","ghEqual",415924,10000,20,20,1.5,3,1,-3,0,0,0.0126,0.00972672170157083,0.0154732782984292,0.066,0.0611336708865922,0.0708663291134078,0.1271,0.121620752422278,0.132579247577722,1271,660,126
"SmoothFixed_6_asymp","ghEqual",14924521,10000,20,20,2,3,1,1,0,0,0.0075,0.00527750011023622,0.00972249988976378,0.061,0.0563091258128148,0.0656908741871852,0.1202,0.114850537900321,0.125549462099679,1202,610,75
"SmoothFixed_6_asymp","ghEqual",910577,10000,20,20,2,3,3,3,0,0,0.0224,0.0185880213086346,0.0262119786913654,0.0954,0.0896421738151973,0.101157826184803,0.1684,0.162244062722249,0.174555937277751,1684,954,224
"SmoothFixed_6_asymp","ghEqual",1390520,10000,20,20,2,3,1,3,0,0,0.0158,0.0125877001123905,0.0190122998876095,0.0836,0.0781749749192838,0.0890250250807162,0.1587,0.152689234152641,0.164710765847359,1587,836,158
"SmoothFixed_6_asymp","ghEqual",1046682,10000,20,20,2,3,-1,1,0,0,0.0518,0.0460909911787968,0.0575090088212032,0.2471,0.238646022402774,0.255553977597226,0.4138,0.405698152719293,0.421901847280707,4138,2471,518
"SmoothFixed_6_asymp","ghEqual",136178541,10000,20,20,2,3,-3,3,0,0,0,0,0,0,0,0,6e-04,0.000197179837768763,0.00100282016223124,6,0,0
"SmoothFixed_6_asymp","ghEqual",277549803,10000,20,20,2,3,-1,3,0,0,0.0604,0.0542632867279965,0.0665367132720035,0.2357,0.227381063822723,0.244018936177277,0.3618,0.353895423926111,0.369704576073889,3618,2357,604
"SmoothFixed_6_asymp","ghEqual",663278,10000,20,20,2,3,1,-3,0,0,0.0099,0.00734963120325236,0.0124503687967476,0.0575,0.0529372079819479,0.0620627920180521,0.1167,0.111418522359342,0.121981477640658,1167,575,99
"SmoothFixed_6_asymp","ghEqual",67079,10000,20,20,2.5,3,1,1,0,0,0.008,0.00570519024021598,0.010294809759784,0.0537,0.0492816752439867,0.0581183247560133,0.1074,0.102306732521544,0.112493267478456,1074,537,80
"SmoothFixed_6_asymp","ghEqual",86493,10000,20,20,2.5,3,3,3,0,0,0.0154,0.012227978408588,0.018572021591412,0.0696,0.0646123549149523,0.0745876450850476,0.1361,0.130459381832106,0.141740618167894,1361,696,154
"SmoothFixed_6_asymp","ghEqual",3530373,10000,20,20,2.5,3,1,3,0,0,0.01,0.00743691236201335,0.0125630876379867,0.0594,0.0547671122156478,0.0640328877843522,0.1147,0.109458050371687,0.119941949628313,1147,594,100
"SmoothFixed_6_asymp","ghEqual",1159684,10000,20,20,2.5,3,-1,1,0,0,0.0369,0.0320438204786001,0.0417561795213999,0.2078,0.199847635791439,0.215752364208561,0.3646,0.356682321926783,0.372517678073217,3646,2078,369
"SmoothFixed_6_asymp","ghEqual",106376,10000,20,20,2.5,3,-3,3,0,0,0,0,0,0,0,0,0,0,0,0,0,0
"SmoothFixed_6_asymp","ghEqual",19772,10000,20,20,2.5,3,-1,3,0,0,0.0082,0.00587691641085044,0.0105230835891496,0.0498,0.0455363823068197,0.0540636176931803,0.1051,0.100055077321804,0.110144922678196,1051,498,82
"SmoothFixed_6_asymp","ghEqual",36629,10000,20,20,2.5,3,1,-3,0,0,0.012,0.00919511568409676,0.0148048843159032,0.0592,0.0545744265763475,0.0638255734236525,0.1283,0.122798732622043,0.133801267377957,1283,592,120
"SmoothFixed_6_asymp","ghEqual",280609809,10000,100,100,0,3,1,1,0,1,0.0087,0.00630774187608109,0.0110922581239189,0.0488,0.0445771864817873,0.0530228135182127,0.1016,0.0966301002567859,0.106569899743214,1016,488,87
"SmoothFixed_6_asymp","ghEqual",1311323,10000,100,100,0,3,3,3,0,1,0.01,0.00743691236201335,0.0125630876379867,0.0503,0.0460161595938224,0.0545838404061776,0.0992,0.0942825955815695,0.104117404418431,992,503,100
"SmoothFixed_6_asymp","ghEqual",24169,10000,100,100,0,3,-3,-3,0,1,0.0093,0.00682737409756834,0.0117726259024317,0.0468,0.0426602795503078,0.0509397204496922,0.0968,0.0919359778340966,0.101664022165903,968,468,93
"SmoothFixed_6_asymp","ghEqual",829122,10000,100,100,0,3,-1,-1,0,1,0.0094,0.00691424141894994,0.0118857585810501,0.0493,0.0450567240295262,0.0535432759704738,0.1028,0.0978041764366223,0.107795823563378,1028,493,94
"SmoothFixed_6_asymp","ghEqual",6779466,10000,100,100,0.5,3,1,1,0,0,0.0341,0.0294249190925778,0.0387750809074222,0.1191,0.112751439581259,0.125448560418741,0.1997,0.19312370414323,0.20627629585677,1997,1191,341
"SmoothFixed_6_asymp","ghEqual",47883,10000,100,100,0.5,3,3,3,0,0,0.5185,0.505628819379466,0.531371180620534,0.7741,0.765903796730778,0.782296203269222,0.8701,0.864569618868561,0.875630381131439,8701,7741,5185
"SmoothFixed_6_asymp","ghEqual",246220624,10000,100,100,0.5,3,1,3,0,0,0.6457,0.633378975304214,0.658021024695786,0.8584,0.851566667513548,0.865233332486452,0.9257,0.921385848014409,0.930014151985591,9257,8584,6457
"SmoothFixed_6_asymp","ghEqual",204827,10000,100,100,0.5,3,-1,1,0,0,0.2234,0.212670335655141,0.234129664344859,0.415,0.405342648189074,0.424657351810926,0.5313,0.523091131720098,0.539508868279902,5313,4150,2234
"SmoothFixed_6_asymp","ghEqual",183685,10000,100,100,0.5,3,-3,3,0,0,0.9999,0.999642412880322,1.00015758711968,1,1,1,1,1,1,10000,10000,9999
"SmoothFixed_6_asymp","ghEqual",159497,10000,100,100,0.5,3,-1,3,0,0,0.9776,0.973788021308635,0.981411978691365,0.9946,0.993163594105275,0.996036405894725,0.9977,0.996911993488114,0.998488006511886,9977,9946,9776
"SmoothFixed_6_asymp","ghEqual",44042260,10000,100,100,0.5,3,1,-3,0,0,0.5379,0.525057055224771,0.550742944775229,0.735,0.726349869133938,0.743650130866062,0.8129,0.806484635186681,0.819315364813319,8129,7350,5379
"SmoothFixed_6_asymp","ghEqual",57074973,10000,100,100,1,3,1,1,0,0,0.0104,0.00778668132697445,0.0130133186730255,0.057,0.0524558846669566,0.0615441153330434,0.1133,0.10808602179485,0.11851397820515,1133,570,104
"SmoothFixed_6_asymp","ghEqual",3398937,10000,100,100,1,3,3,3,0,0,0.572,0.559254239382383,0.584745760617617,0.8266,0.819179582885686,0.834020417114314,0.9086,0.903859486732526,0.913340513267474,9086,8266,5720
"SmoothFixed_6_asymp","ghEqual",33682507,10000,100,100,1,3,1,3,0,0,0.6872,0.675256797215235,0.699143202784765,0.8971,0.891144966799891,0.903055033200109,0.9495,0.945897872541903,0.953102127458097,9495,8971,6872
"SmoothFixed_6_asymp","ghEqual",19038659,10000,100,100,1,3,-1,1,0,0,0.5788,0.566080960936161,0.591519039063839,0.7849,0.776846522659224,0.792953477340776,0.8649,0.859276890698735,0.870523109301265,8649,7849,5788
"SmoothFixed_6_asymp","ghEqual",689092,10000,100,100,1,3,-3,3,0,0,0.9999,0.999642412880322,1.00015758711968,1,1,1,1,1,1,10000,10000,9999
"SmoothFixed_6_asymp","ghEqual",106997863,10000,100,100,1,3,-1,3,0,0,0.9858,0.982752214224599,0.988847785775401,0.997,0.995928075301152,0.998071924698848,0.9984,0.997742526610729,0.999057473389271,9984,9970,9858
"SmoothFixed_6_asymp","ghEqual",10917791,10000,100,100,1,3,1,-3,0,0,0.1902,0.180090259661134,0.200309740338866,0.361,0.351586305473407,0.370413694526593,0.4708,0.462589037907504,0.479010962092496,4708,3610,1902
"SmoothFixed_6_asymp","ghEqual",94074654,10000,100,100,1.5,3,1,1,0,0,0.0696,0.0630448093167945,0.0761551906832055,0.2168,0.208723521343952,0.224876478656048,0.335,0.327235756834211,0.342764243165789,3350,2168,696
"SmoothFixed_6_asymp","ghEqual",16297691,10000,100,100,1.5,3,3,3,0,0,0.4619,0.449057447912503,0.474742552087497,0.7231,0.714329653941696,0.731870346058303,0.8223,0.81601182294836,0.82858817705164,8223,7231,4619
"SmoothFixed_6_asymp","ghEqual",5303098,10000,100,100,1.5,3,1,3,0,0,0.5104,0.497522786503021,0.523277213496979,0.768,0.759726663782971,0.776273336217029,0.8587,0.852969959195453,0.864430040804547,8587,7680,5104
"SmoothFixed_6_asymp","ghEqual",1258711,10000,100,100,1.5,3,-1,1,0,0,0.8812,0.872865274075469,0.889534725924531,0.9691,0.965708283002608,0.972491716997392,0.9854,0.983426902214511,0.987373097785489,9854,9691,8812
"SmoothFixed_6_asymp","ghEqual",95438,10000,100,100,1.5,3,-3,3,0,0,0.8911,0.883075406893163,0.899124593106837,0.979,0.976189671649077,0.981810328350923,0.9946,0.993394445052642,0.995805554947358,9946,9790,8911
"SmoothFixed_6_asymp","ghEqual",2825702,10000,100,100,1.5,3,-1,3,0,0,0.9591,0.953998011701802,0.964201988298197,0.988,0.985865848890074,0.990134151109926,0.9939,0.992619138519989,0.995180861480011,9939,9880,9591
"SmoothFixed_6_asymp","ghEqual",1530040,10000,100,100,1.5,3,1,-3,0,0,0.0421,0.0369269462223959,0.0472730537776041,0.1274,0.120864957900794,0.133935042099206,0.2008,0.194210150531734,0.207389849468266,2008,1274,421
"SmoothFixed_6_asymp","ghEqual",24460398,10000,100,100,2,3,1,1,0,0,0.1322,0.12347487999067,0.14092512000933,0.361,0.351586305473407,0.370413694526593,0.517,0.508779755424715,0.525220244575285,5170,3610,1322
"SmoothFixed_6_asymp","ghEqual",23616305,10000,100,100,2,3,3,3,0,0,0.2825,0.270902455770293,0.294097544229707,0.5329,0.523121238249431,0.54267876175057,0.6557,0.647883955821531,0.663516044178469,6557,5329,2825
"SmoothFixed_6_asymp","ghEqual",5758771,10000,100,100,2,3,1,3,0,0,0.2587,0.247419169517653,0.269980830482347,0.4979,0.488100086436381,0.507699913563619,0.6231,0.615128173342955,0.631071826657045,6231,4979,2587
"SmoothFixed_6_asymp","ghEqual",7476344,10000,100,100,2,3,-1,1,0,0,0.9734,0.9692549254297,0.9775450745703,0.997,0.995928075301152,0.998071924698848,0.9991,0.998606722124989,0.999593277875011,9991,9970,9734
"SmoothFixed_6_asymp","ghEqual",26336,10000,100,100,2,3,-3,3,0,0,0.0158,0.0125877001123905,0.0190122998876095,0.4614,0.45162924685777,0.47117075314223,0.7857,0.778949975263395,0.792450024736605,7857,4614,158
"SmoothFixed_6_asymp","ghEqual",9055588,10000,100,100,2,3,-1,3,0,0,0.7674,0.756516674675182,0.778283325324818,0.9002,0.894325230299527,0.906074769700473,0.9414,0.937536314151086,0.945263685848914,9414,9002,7674
"SmoothFixed_6_asymp","ghEqual",221175407,10000,100,100,2,3,1,-3,0,0,0.0535,0.0477032701792821,0.0592967298207179,0.148,0.141040040275979,0.154959959724021,0.2338,0.226837595847705,0.240762404152295,2338,1480,535
"SmoothFixed_6_asymp","ghEqual",113392924,10000,100,100,2.5,3,1,1,0,0,0.1362,0.127364298971454,0.145035701028546,0.375,0.365511190801792,0.384488809198208,0.5308,0.522590619959802,0.539009380040198,5308,3750,1362
"SmoothFixed_6_asymp","ghEqual",259444217,10000,100,100,2.5,3,3,3,0,0,0.1347,0.125905462432645,0.143494537567355,0.3173,0.308177664117475,0.326422335882525,0.4317,0.423552098791482,0.439847901208518,4317,3173,1347
"SmoothFixed_6_asymp","ghEqual",28872570,10000,100,100,2.5,3,1,3,0,0,0.0944,0.0868681777398518,0.101931822260148,0.2369,0.22856646375766,0.24523353624234,0.347,0.339169540813113,0.354830459186887,3470,2369,944
"SmoothFixed_6_asymp","ghEqual",3144300,10000,100,100,2.5,3,-1,1,0,0,0.963,0.958137497201481,0.967862502798518,0.9962,0.994994072668193,0.997405927331807,0.9986,0.997984928362628,0.999215071637372,9986,9962,9630
"SmoothFixed_6_asymp","ghEqual",56258041,10000,100,100,2.5,3,-3,3,0,0,0.894,0.886070102920819,0.901929897079181,0.9999,0.999704009800245,1.00009599019976,1,1,1,10000,9999,8940
"SmoothFixed_6_asymp","ghEqual",8498195,10000,100,100,2.5,3,-1,3,0,0,0.1266,0.118034172873485,0.135165827126515,0.3057,0.296670215758857,0.314729784241143,0.4339,0.42574719030941,0.44205280969059,4339,3057,1266
"SmoothFixed_6_asymp","ghEqual",67077626,10000,100,100,2.5,3,1,-3,0,0,0.1787,0.168831320465703,0.188568679534297,0.3754,0.36590916997653,0.38489083002347,0.4853,0.477078555448963,0.493521444551037,4853,3754,1787
"SmoothFixed_6_asymp","ghEqual",207855783,10000,10,100,0,3,1,1,0,1,0.263,0.251658840015871,0.274341159984129,0.3915,0.381933518283089,0.401066481716911,0.476,0.467784480664012,0.484215519335988,4760,3915,2630
"SmoothFixed_6_asymp","ghEqual",72858351,10000,10,100,0,3,3,3,0,1,0.26,0.248700781874838,0.271299218125163,0.3906,0.381037456676051,0.400162543323949,0.4683,0.460091547085243,0.476508452914757,4683,3906,2600
"SmoothFixed_6_asymp","ghEqual",87551917,10000,10,100,0,3,-3,-3,0,1,0.2545,0.243279464711806,0.265720535288194,0.3785,0.368993742374625,0.388006257625375,0.4582,0.450003792493604,0.466396207506396,4582,3785,2545
"SmoothFixed_6_asymp","ghEqual",1288885,10000,10,100,0,3,-1,-1,0,1,0.258,0.24672912419403,0.26927087580597,0.3907,0.381137017389873,0.400262982610127,0.4757,0.467484719303044,0.483915280696956,4757,3907,2580
"SmoothFixed_6_asymp","ghEqual",18635,10000,10,100,0.5,3,1,1,0,0,0.5375,0.524656276085185,0.550343723914815,0.6433,0.633911106739471,0.652688893260529,0.7079,0.700419723748552,0.715380276251448,7079,6433,5375
"SmoothFixed_6_asymp","ghEqual",1824354,10000,10,100,0.5,3,3,3,0,0,0.4556,0.442770882740326,0.468429117259674,0.5782,0.568520600772693,0.587879399227307,0.6398,0.631903041160301,0.647696958839699,6398,5782,4556
"SmoothFixed_6_asymp","ghEqual",4075392,10000,10,100,0.5,3,1,3,0,0,0.7478,0.736613064599971,0.758986935400029,0.8384,0.831185564011622,0.845614435988378,0.8751,0.869661539689951,0.880538460310049,8751,8384,7478
"SmoothFixed_6_asymp","ghEqual",4858026,10000,10,100,0.5,3,-1,1,0,0,0.5256,0.512736893151961,0.538463106848039,0.6524,0.643066319480591,0.661733680519409,0.7131,0.7056594267825,0.7205405732175,7131,6524,5256
"SmoothFixed_6_asymp","ghEqual",5107252,10000,10,100,0.5,3,-3,3,0,0,0.6529,0.640637006450284,0.665162993549716,0.7734,0.765194820090309,0.781605179909691,0.8224,0.816113210287468,0.828686789712532,8224,7734,6529
"SmoothFixed_6_asymp","ghEqual",228380034,10000,10,100,0.5,3,-1,3,0,0,0.4798,0.466930515402857,0.492669484597143,0.6408,0.63139658751848,0.65020341248152,0.713,0.70555865199191,0.72044134800809,7130,6408,4798
"SmoothFixed_6_asymp","ghEqual",8913275,10000,10,100,0.5,3,1,-3,0,0,0.368,0.355576947883165,0.380423052116835,0.5184,0.508606638024131,0.528193361975869,0.5952,0.587125463250539,0.603274536749461,5952,5184,3680
"SmoothFixed_6_asymp","ghEqual",1629548,10000,10,100,1,3,1,1,0,0,0.7325,0.721097198442488,0.743902801557512,0.8113,0.803631105567971,0.818968894432029,0.8468,0.840875036086152,0.852724963913848,8468,8113,7325
"SmoothFixed_6_asymp","ghEqual",11627249,10000,10,100,1,3,3,3,0,0,0.802,0.791734842009516,0.812265157990484,0.8754,0.868926809864186,0.881873190135814,0.9026,0.897722547537177,0.907477452462823,9026,8754,8020
"SmoothFixed_6_asymp","ghEqual",163788012,10000,10,100,1,3,1,3,0,0,0.8325,0.822880657560935,0.842119342439065,0.9036,0.897815275245407,0.909384724754593,0.9297,0.925494525729389,0.933905474270611,9297,9036,8325
"SmoothFixed_6_asymp","ghEqual",47843905,10000,10,100,1,3,-1,1,0,0,0.6491,0.636805996077187,0.661394003922813,0.757,0.748593656195468,0.765406343804532,0.8055,0.798988838350619,0.812011161649381,8055,7570,6491
"SmoothFixed_6_asymp","ghEqual",41186193,10000,10,100,1,3,-3,3,0,0,0.9057,0.898171752494254,0.913228247505746,0.9488,0.944480053286255,0.953119946713745,0.9641,0.961039628365382,0.967160371634618,9641,9488,9057
"SmoothFixed_6_asymp","ghEqual",117514373,10000,10,100,1,3,-1,3,0,0,0.6046,0.592004997367766,0.617195002632234,0.755,0.746570290870973,0.763429709129027,0.8134,0.806991242982052,0.819808757017948,8134,7550,6046
"SmoothFixed_6_asymp","ghEqual",317017610,10000,10,100,1,3,1,-3,0,0,0.3757,0.3632243516831,0.3881756483169,0.5179,0.508106282049477,0.527693717950523,0.5917,0.583614509393749,0.599785490606251,5917,5179,3757
"SmoothFixed_6_asymp","ghEqual",85531,10000,10,100,1.5,3,1,1,0,0,0.8425,0.833116365301228,0.851883634698772,0.9006,0.894735712754102,0.906464287245898,0.9235,0.919127648485154,0.927872351514846,9235,9006,8425
"SmoothFixed_6_asymp","ghEqual",593380,10000,10,100,1.5,3,3,3,0,0,0.8964,0.888549873407243,0.904250126592756,0.9472,0.942816773861001,0.951583226138999,0.9631,0.959998907099106,0.966201092900894,9631,9472,8964
"SmoothFixed_6_asymp","ghEqual",50518148,10000,10,100,1.5,3,1,3,0,0,0.8777,0.869260200364979,0.886139799635021,0.941,0.93638175584881,0.94561824415119,0.9584,0.955115373668497,0.961684626331503,9584,9410,8777
"SmoothFixed_6_asymp","ghEqual",25118267,10000,10,100,1.5,3,-1,1,0,0,0.8075,0.797343770849375,0.817656229150625,0.8803,0.873937636213985,0.886662363786015,0.9087,0.903961820001649,0.913438179998351,9087,8803,8075
"SmoothFixed_6_asymp","ghEqual",61430,10000,10,100,1.5,3,-3,3,0,0,0.9818,0.97835655566681,0.98524344433319,0.9933,0.991701054391919,0.99489894560808,0.9968,0.995870937553014,0.997729062446986,9968,9933,9818
"SmoothFixed_6_asymp","ghEqual",47985971,10000,10,100,1.5,3,-1,3,0,0,0.779,0.768311648581825,0.789688351418175,0.8865,0.880282820990192,0.892717179009808,0.9195,0.915024519087363,0.923975480912637,9195,8865,7790
"SmoothFixed_6_asymp","ghEqual",2860234,10000,10,100,1.5,3,1,-3,0,0,0.4147,0.402008816065456,0.427391183934544,0.5482,0.538445641788329,0.557954358211671,0.6175,0.609505338078794,0.625494661921206,6175,5482,4147
"SmoothFixed_6_asymp","ghEqual",129163,10000,10,100,2,3,1,1,0,0,0.9037,0.896100742804283,0.911299257195717,0.9462,0.941777796937091,0.950622203062909,0.9591,0.955841936820444,0.962358063179555,9591,9462,9037
"SmoothFixed_6_asymp","ghEqual",2564159,10000,10,100,2,3,3,3,0,0,0.9233,0.916444881628102,0.930155118371898,0.9657,0.962132826384713,0.969267173615287,0.9772,0.974744584150006,0.979655415849994,9772,9657,9233
"SmoothFixed_6_asymp","ghEqual",6874815,10000,10,100,2,3,1,3,0,0,0.9111,0.903768720744924,0.918431279255076,0.9617,0.957938377007514,0.965461622992486,0.9755,0.97295690501566,0.97804309498434,9755,9617,9111
"SmoothFixed_6_asymp","ghEqual",37350,10000,10,100,2,3,-1,1,0,0,0.9396,0.933463286727996,0.945736713272003,0.9669,0.963393604919237,0.970406395080763,0.9758,0.973272134328747,0.978327865671253,9758,9669,9396
"SmoothFixed_6_asymp","ghEqual",372768,10000,10,100,2,3,-3,3,0,0,0.3769,0.364416458681734,0.389383541318266,0.6839,0.674786931785266,0.693013068214734,0.7839,0.777129455171408,0.790670544828592,7839,6839,3769
"SmoothFixed_6_asymp","ghEqual",23240442,10000,10,100,2,3,-1,3,0,0,0.9005,0.892789203214609,0.908210796785391,0.9629,0.959195465706138,0.966604534293862,0.9768,0.974323646045009,0.979276353954991,9768,9629,9005
"SmoothFixed_6_asymp","ghEqual",53841,10000,10,100,2,3,1,-3,0,0,0.4521,0.439279240236289,0.464920759763711,0.578,0.568319980859523,0.587680019140477,0.6428,0.634917580186491,0.650682419813509,6428,5780,4521
"SmoothFixed_6_asymp","ghEqual",44517,10000,10,100,2.5,3,1,1,0,0,0.941,0.934930307687007,0.947069692312992,0.9717,0.968449760301516,0.974950239698484,0.9785,0.976114026876854,0.980885973123146,9785,9717,9410
"SmoothFixed_6_asymp","ghEqual",198565,10000,10,100,2.5,3,3,3,0,0,0.9393,0.933149047611258,0.945450952388742,0.976,0.97300023936955,0.97899976063045,0.9846,0.982574388385919,0.986625611614081,9846,9760,9393
"SmoothFixed_6_asymp","ghEqual",1781138,10000,10,100,2.5,3,1,3,0,0,0.9299,0.923323073453518,0.936476926546482,0.9748,0.971728050287912,0.977871949712088,0.9841,0.982042290416027,0.986157709583973,9841,9748,9299
"SmoothFixed_6_asymp","ghEqual",372181,10000,10,100,2.5,3,-1,1,0,0,0.9893,0.986649659018055,0.991950340981945,0.9952,0.993845335113912,0.996554664886088,0.9969,0.995985523504963,0.997814476495037,9969,9952,9893
"SmoothFixed_6_asymp","ghEqual",190908,10000,10,100,2.5,3,-3,3,0,0,0.8211,0.811227001863633,0.830972998136367,0.9678,0.964339994285323,0.971260005714677,0.9848,0.982787380314515,0.986812619685485,9848,9678,8211
"SmoothFixed_6_asymp","ghEqual",90104,10000,10,100,2.5,3,-1,3,0,0,0.9509,0.94533386124444,0.95646613875556,0.9885,0.986410254838503,0.990589745161497,0.9943,0.993061596844814,0.995538403155186,9943,9885,9509
"SmoothFixed_6_asymp","ghEqual",44083,10000,10,100,2.5,3,1,-3,0,0,0.5162,0.503326762229546,0.529073237770454,0.6247,0.615209674535318,0.634190325464682,0.6809,0.673232196559511,0.688567803440489,6809,6247,5162
