"method","distribution","seed","N","n1","n2","delta","sd","g1","g2","h","null","power0.01","l_CI","u_CI","power0.05","l_CI","u_CI","power0.10","l_CI","u_CI","ct_0.10","ct_0.05","ct_0.01"
"KS","ghEqualK",123379,10000,10,10,0,3,1,1,0.2,1,0.0022,0.000993078708276302,0.0034069212917237,0.0139,0.0116053103812498,0.0161946896187502,0.0533,0.0496048191771207,0.0569951808228793,533,139,22
"KS","ghEqualK",45409,10000,10,10,0,3,3,3,0.2,1,0.0027,0.00136327937126114,0.00403672062873885,0.012,0.00986584889007362,0.0141341511099264,0.0517,0.0480576300937748,0.0553423699062252,517,120,27
"KS","ghEqualK",118216421,10000,10,10,0,3,-3,-3,0.2,1,0.0023,0.00106601533457826,0.00353398466542174,0.0118,0.0096834940204195,0.0139165059795805,0.048,0.0444835455583784,0.0515164544416216,480,118,23
"KS","ghEqualK",1242075,10000,10,10,0,3,-1,-1,0.2,1,0.0013,0.000371813901280567,0.00222818609871943,0.0115,0.00941025483850303,0.013589745161497,0.0505,0.0468978725419032,0.0541021274580968,505,115,13
"KS","ghEqualK",283402,10000,10,10,0.5,3,1,1,0.2,0,0.0026,0.00128820124431222,0.00391179875568778,0.0171,0.0145589758414372,0.0196410241585628,0.0677,0.063567260047163,0.071832739952837,677,171,26
"KS","ghEqualK",18566,10000,10,10,0.5,3,3,3,0.2,0,0.0126,0.00972672170157083,0.0154732782984292,0.0519,0.0475522273768745,0.0562477726231255,0.1569,0.15091702871142,0.16288297128858,1569,519,126
"KS","ghEqualK",98784,10000,10,10,0.5,3,1,3,0.2,0,0.0137,0.0107055941757577,0.0166944058242423,0.0618,0.0570804779096184,0.0665195220903816,0.1899,0.183447950349775,0.196352049650226,1899,618,137
"KS","ghEqualK",73727,10000,10,10,0.5,3,-1,1,0.2,0,0.0063,0.00426181416817406,0.00833818583182594,0.0317,0.0282660760844771,0.0351339239155229,0.1194,0.11406594602173,0.12473405397827,1194,317,63
"KS","ghEqualK",1676620,10000,10,10,0.5,3,-3,3,0.2,0,0.0406,0.0355159626489114,0.0456840373510886,0.1452,0.13829487354543,0.15210512645457,0.3657,0.357777253903174,0.373622746096826,3657,1452,406
"KS","ghEqualK",733172,10000,10,10,0.5,3,-1,3,0.2,0,0.0198,0.0162113111701213,0.0233886888298787,0.0887,0.0831275193845469,0.0942724806154531,0.2579,0.25070347581655,0.26509652418345,2579,887,198
"KS","ghEqualK",1312402,10000,10,10,0.5,3,1,-3,0.2,0,0.0065,0.00442992313031617,0.00857007686968383,0.0302,0.0268457098048022,0.0335542901951978,0.1211,0.115733295213916,0.126466704786084,1211,302,65
"KS","ghEqualK",267260274,10000,10,10,1,3,1,1,0.2,0,0.0082,0.00587691641085044,0.0105230835891496,0.0361,0.0324438360476587,0.0397561639523413,0.1162,0.110928357326231,0.121471642673769,1162,361,82
"KS","ghEqualK",223360,10000,10,10,1,3,3,3,0.2,0,0.0372,0.0323248793354404,0.0420751206645596,0.1296,0.123017088548795,0.136182911451205,0.3058,0.298220737520583,0.313379262479417,3058,1296,372
"KS","ghEqualK",391225,10000,10,10,1,3,1,3,0.2,0,0.0404,0.0353279717839523,0.0454720282160477,0.1336,0.126931647915234,0.140268352084766,0.3229,0.315208229251793,0.330591770748207,3229,1336,404
"KS","ghEqualK",1351998,10000,10,10,1,3,-1,1,0.2,0,0.0133,0.0103490337449683,0.0162509662550317,0.0653,0.0604577324334977,0.0701422675665023,0.1934,0.186902844725951,0.199897155274049,1934,653,133
"KS","ghEqualK",52882,10000,10,10,1,3,-3,3,0.2,0,0.0805,0.0734915873368073,0.0875084126631927,0.2546,0.24606153180164,0.26313846819836,0.5132,0.504977866747589,0.521422133252411,5132,2546,805
"KS","ghEqualK",171231985,10000,10,10,1,3,-1,3,0.2,0,0.0428,0.0375860232749641,0.0480139767250359,0.1553,0.148201067506618,0.162398932493382,0.3817,0.373708531250216,0.389691468749784,3817,1553,428
"KS","ghEqualK",11350640,10000,10,10,1,3,1,-3,0.2,0,0.0055,0.00359484814841441,0.00740515185158559,0.0289,0.0256165003842851,0.0321834996157149,0.1077,0.102600481162132,0.112799518837868,1077,289,55
"KS","ghEqualK",242929,10000,10,10,1.5,3,1,1,0.2,0,0.0182,0.0147565556668103,0.0216434443331897,0.0712,0.0661596908894791,0.0762403091105209,0.1973,0.19075354666573,0.20384645333427,1973,712,182
"KS","ghEqualK",40346287,10000,10,10,1.5,3,3,3,0.2,0,0.0791,0.0721475105755892,0.0860524894244108,0.2273,0.219085876176146,0.235514123823854,0.4534,0.445210800073566,0.461589199926434,4534,2273,791
"KS","ghEqualK",252922,10000,10,10,1.5,3,1,3,0.2,0,0.0874,0.0801248524267735,0.0946751475732266,0.2374,0.229060407518446,0.245739592481554,0.4667,0.458493261513014,0.474906738486986,4667,2374,874
"KS","ghEqualK",94809,10000,10,10,1.5,3,-1,1,0.2,0,0.0324,0.0278389346618773,0.0369610653381227,0.1195,0.113142231589622,0.125857768410378,0.3068,0.299213824999356,0.314386175000644,3068,1195,324
"KS","ghEqualK",68131,10000,10,10,1.5,3,-3,3,0.2,0,0.2077,0.197250176987331,0.218149823012668,0.4732,0.463414087629577,0.482985912370423,0.7436,0.736417186284498,0.750782813715502,7436,4732,2077
"KS","ghEqualK",67960740,10000,10,10,1.5,3,-1,3,0.2,0,0.1027,0.0948801231380989,0.110519876861901,0.283,0.274171053870365,0.291828946129635,0.5439,0.535706763938713,0.552093236061287,5439,2830,1027
"KS","ghEqualK",279762,10000,10,10,1.5,3,1,-3,0.2,0,0.0091,0.00665385910075809,0.0115461408992419,0.0354,0.0317781427341211,0.0390218572658789,0.1215,0.116125662646021,0.126874337353979,1215,354,91
"KS","ghEqualK",24590251,10000,10,10,2,3,1,1,0.2,0,0.0396,0.0345763482295462,0.0446236517704538,0.1285,0.121940944119768,0.135059055880232,0.2987,0.291171032316328,0.306228967683672,2987,1285,396
"KS","ghEqualK",5615677,10000,10,10,2,3,3,3,0.2,0,0.1321,0.123377678074435,0.140822321925565,0.3244,0.315224255446973,0.333575744553027,0.5797,0.57158016419096,0.58781983580904,5797,3244,1321
"KS","ghEqualK",264920882,10000,10,10,2,3,1,3,0.2,0,0.1611,0.151630027320213,0.170569972679787,0.3666,0.357155231200797,0.376044768799203,0.6167,0.608702167836296,0.624697832163704,6167,3666,1611
"KS","ghEqualK",285544287,10000,10,10,2,3,-1,1,0.2,0,0.0705,0.0639057544606225,0.0770942455393775,0.2133,0.205271099531218,0.221328900468782,0.4507,0.442515079210538,0.458884920789462,4507,2133,705
"KS","ghEqualK",20598711,10000,10,10,2,3,-3,3,0.2,0,0.7613,0.750318795405956,0.772281204594044,0.9172,0.911798638273028,0.922601361726972,0.9797,0.977380146951685,0.982019853048315,9797,9172,7613
"KS","ghEqualK",178391173,10000,10,10,2,3,-1,3,0.2,0,0.2224,0.211687486651237,0.233112513348763,0.471,0.461216497486074,0.480783502513926,0.7301,0.722797719374813,0.737402280625187,7301,4710,2224
"KS","ghEqualK",21427,10000,10,10,2,3,1,-3,0.2,0,0.0116,0.00884170176410454,0.0143582982358955,0.0466,0.0424687012320095,0.0507312987679905,0.1461,0.140289754044709,0.151910245955291,1461,466,116
"KS","ghEqualK",94726,10000,10,10,2.5,3,1,1,0.2,0,0.0811,0.0740678129907188,0.0881321870092813,0.2207,0.212571515609808,0.228828484390192,0.4359,0.427742869944522,0.444057130055478,4359,2207,811
"KS","ghEqualK",330754909,10000,10,10,2.5,3,3,3,0.2,0,0.193,0.182833738406986,0.203166261593014,0.4146,0.404944003953273,0.424255996046727,0.6639,0.656129454767137,0.671670545232863,6639,4146,1930
"KS","ghEqualK",113737,10000,10,10,2.5,3,1,3,0.2,0,0.238,0.227029868768989,0.248970131231011,0.4829,0.473105732912852,0.492694267087148,0.7249,0.717554011445423,0.732245988554577,7249,4829,2380
"KS","ghEqualK",217299205,10000,10,10,2.5,3,-1,1,0.2,0,0.1412,0.132229653377118,0.150170346622882,0.3488,0.339458825062681,0.358141174937319,0.6167,0.608702167836296,0.624697832163704,6167,3488,1412
"KS","ghEqualK",17389203,10000,10,10,2.5,3,-3,3,0.2,0,0.9598,0.954740014666494,0.964859985333506,0.9951,0.993731365527834,0.996468634472166,0.9994,0.998997179837769,0.999802820162231,9994,9951,9598
"KS","ghEqualK",1914807,10000,10,10,2.5,3,-1,3,0.2,0,0.4257,0.412963001668565,0.438436998331435,0.6941,0.685068563514568,0.703131436485433,0.8858,0.880568011361643,0.891031988638357,8858,6941,4257
"KS","ghEqualK",11106636,10000,10,10,2.5,3,1,-3,0.2,0,0.0193,0.015756009077357,0.022843990922643,0.0739,0.0687724815391458,0.0790275184608541,0.1915,0.185027228088417,0.197972771911583,1915,739,193
"KS","ghEqualK",34238,10000,20,20,0,3,1,1,0.2,1,0.0042,0.0025340707064416,0.0058659292935584,0.0345,0.0309228120597318,0.0380771879402682,0.0844,0.0798271177605803,0.0889728822394197,844,345,42
"KS","ghEqualK",45662688,10000,20,20,0,3,3,3,0.2,1,0.0029,0.00151479447287271,0.00428520552712729,0.0339,0.0303529528497072,0.0374470471502928,0.0785,0.0740756609539531,0.0829243390460469,785,339,29
"KS","ghEqualK",266706,10000,20,20,0,3,-3,-3,0.2,1,0.0036,0.00205718458838914,0.00514281541161086,0.0328,0.0293089896440142,0.0362910103559858,0.0826,0.0780716989292782,0.0871283010707218,826,328,36
"KS","ghEqualK",122051,10000,20,20,0,3,-1,-1,0.2,1,0.0044,0.00269503824744835,0.00610496175255165,0.0346,0.0310178170043394,0.0381821829956606,0.078,0.0735885773961227,0.0824114226038773,780,346,44
"KS","ghEqualK",810382,10000,20,20,0.5,3,1,1,0.2,0,0.0083,0.00596291202152422,0.0106370879784758,0.0552,0.0507239435756908,0.0596760564243092,0.121,0.115635206313613,0.126364793686387,1210,552,83
"KS","ghEqualK",163070,10000,20,20,0.5,3,3,3,0.2,0,0.0681,0.0616106070818247,0.0745893929181753,0.2517,0.243193800744304,0.260206199255696,0.4121,0.404003096941548,0.420196903058452,4121,2517,681
"KS","ghEqualK",359720,10000,20,20,0.5,3,1,3,0.2,0,0.1038,0.095943176351511,0.111656823648489,0.3424,0.333099552369998,0.351700447630001,0.5142,0.505978317647105,0.522421682352895,5142,3424,1038
"KS","ghEqualK",362008,10000,20,20,0.5,3,-1,1,0.2,0,0.0263,0.0221777310992785,0.0304222689007215,0.1617,0.154483762563662,0.168916237436338,0.3086,0.301001488051,0.316198511949,3086,1617,263
"KS","ghEqualK",1097731,10000,20,20,0.5,3,-3,3,0.2,0,0.2626,0.251264392857009,0.273935607142991,0.6522,0.642865065877811,0.661534934122189,0.8238,0.817532710616231,0.830067289383769,8238,6522,2626
"KS","ghEqualK",34621,10000,20,20,0.5,3,-1,3,0.2,0,0.1495,0.140314482815562,0.158685517184438,0.4772,0.467410194166093,0.486989805833907,0.6766,0.668905119020082,0.684294880979918,6766,4772,1495
"KS","ghEqualK",676310,10000,20,20,0.5,3,1,-3,0.2,0,0.0304,0.0259773868397537,0.0348226131602463,0.182,0.174437447245804,0.189562552754196,0.3615,0.353596844921528,0.369403155078472,3615,1820,304
"KS","ghEqualK",77229348,10000,20,20,1,3,1,1,0.2,0,0.0282,0.0239355909120517,0.0324644090879483,0.1345,0.127812700877036,0.141187299122964,0.2441,0.237033864443561,0.251166135556439,2441,1345,282
"KS","ghEqualK",822161,10000,20,20,1,3,3,3,0.2,0,0.2465,0.235398134824526,0.257601865175474,0.5714,0.561700434665079,0.581099565334921,0.7266,0.7192681621066,0.7339318378934,7266,5714,2465
"KS","ghEqualK",119371,10000,20,20,1,3,1,3,0.2,0,0.2534,0.242195482564477,0.264604517435523,0.574,0.564307923863279,0.583692076136721,0.7438,0.73661902273086,0.75098097726914,7438,5740,2534
"KS","ghEqualK",829877,10000,20,20,1,3,-1,1,0.2,0,0.0675,0.0610371784366269,0.0739628215633731,0.2859,0.277043896864286,0.294756103135714,0.4764,0.468184167100555,0.484615832899445,4764,2859,675
"KS","ghEqualK",2589269,10000,20,20,1,3,-3,3,0.2,0,0.453,0.440177030099014,0.465822969900986,0.8151,0.807490958136638,0.822709041863362,0.9252,0.920872525541566,0.929527474458434,9252,8151,4530
"KS","ghEqualK",116586290,10000,20,20,1,3,-1,3,0.2,0,0.2973,0.285525884546545,0.309074115453455,0.6609,0.65162128485455,0.67017871514545,0.8305,0.824328075966575,0.836671924033425,8305,6609,2973
"KS","ghEqualK",135666931,10000,20,20,1,3,1,-3,0.2,0,0.0208,0.0171236806630631,0.0244763193369369,0.1367,0.129966804893841,0.143433195106159,0.2886,0.281146315669476,0.296053684330524,2886,1367,208
"KS","ghEqualK",15802367,10000,20,20,1.5,3,1,1,0.2,0,0.0814,0.07435596862546,0.08844403137454,0.2845,0.275656951116272,0.293343048883728,0.4419,0.433730717504274,0.450069282495726,4419,2845,814
"KS","ghEqualK",12333387,10000,20,20,1.5,3,3,3,0.2,0,0.4396,0.426814321967812,0.452385678032188,0.7648,0.756487174391725,0.773112825608275,0.88,0.874654382729749,0.885345617270251,8800,7648,4396
"KS","ghEqualK",111788389,10000,20,20,1.5,3,1,3,0.2,0,0.4621,0.449257055224771,0.474942944775229,0.7767,0.768537426865406,0.784862573134594,0.8857,0.880466016613059,0.890933983386941,8857,7767,4621
"KS","ghEqualK",976792,10000,20,20,1.5,3,-1,1,0.2,0,0.1641,0.154559364326768,0.173640635673232,0.4815,0.47170671039742,0.49129328960258,0.6793,0.671622033912892,0.686977966087108,6793,4815,1641
"KS","ghEqualK",89285085,10000,20,20,1.5,3,-3,3,0.2,0,0.7489,0.73772928092059,0.76007071907941,0.9517,0.947497771427254,0.955902228572746,0.9869,0.985029584363043,0.988770415636957,9869,9517,7489
"KS","ghEqualK",90554,10000,20,20,1.5,3,-1,3,0.2,0,0.5224,0.509532931829534,0.535267068170466,0.8406,0.833425445768384,0.847774554231616,0.9325,0.928372926447303,0.936627073552697,9325,8406,5224
"KS","ghEqualK",958301,10000,20,20,1.5,3,1,-3,0.2,0,0.0344,0.0297051285160013,0.0390948714839987,0.1593,0.152127270003576,0.166472729996424,0.3019,0.294348099178023,0.309451900821977,3019,1593,344
"KS","ghEqualK",11608548,10000,20,20,2,3,1,1,0.2,0,0.192,0.181853829562165,0.202146170437835,0.4851,0.475304352362483,0.494895647637517,0.653,0.645169540813113,0.660830459186887,6530,4851,1920
"KS","ghEqualK",241336,10000,20,20,2,3,3,3,0.2,0,0.6291,0.616656741655798,0.641543258344202,0.8809,0.874551439581259,0.887248560418741,0.9488,0.945174330436678,0.952425669563322,9488,8809,6291
"KS","ghEqualK",1873281,10000,20,20,2,3,1,3,0.2,0,0.6623,0.650117434178265,0.674482565821735,0.9001,0.894222614241144,0.905977385758856,0.9578,0.95449280696906,0.96110719303094,9578,9001,6623
"KS","ghEqualK",271635249,10000,20,20,2,3,-1,1,0.2,0,0.3188,0.306795548130587,0.330804451869413,0.6929,0.683858692080545,0.701941307919455,0.841,0.834984628382427,0.847015371617573,8410,6929,3188
"KS","ghEqualK",1412139,10000,20,20,2,3,-3,3,0.2,0,0.9974,0.996088201244312,0.998711798755688,1,1,1,1,1,1,10000,10000,9974
"KS","ghEqualK",95018117,10000,20,20,2,3,-1,3,0.2,0,0.7734,0.762616049261549,0.784183950738451,0.9545,0.950415398090389,0.958584601909611,0.9827,0.980555137620318,0.984844862379682,9827,9545,7734
"KS","ghEqualK",40552345,10000,20,20,2,3,1,-3,0.2,0,0.0517,0.0459962037213154,0.0574037962786846,0.1995,0.191667359579299,0.207332640420701,0.3532,0.345337489193623,0.361062510806377,3532,1995,517
"KS","ghEqualK",49699,10000,20,20,2.5,3,1,1,0.2,0,0.3601,0.347734448957809,0.372465551042191,0.6902,0.681136743826108,0.699263256173893,0.8213,0.814997989971305,0.827602010028695,8213,6902,3601
"KS","ghEqualK",174811,10000,20,20,2.5,3,3,3,0.2,0,0.7599,0.748896770763116,0.770903229236884,0.9447,0.940220128110582,0.949179871889418,0.9781,0.975692426307467,0.980507573692533,9781,9447,7599
"KS","ghEqualK",367097616,10000,20,20,2.5,3,1,3,0.2,0,0.8034,0.793162273360802,0.813637726639198,0.9582,0.954277415611921,0.962122584388079,0.983,0.980873491505425,0.985126508494575,9830,9582,8034
"KS","ghEqualK",33794,10000,20,20,2.5,3,-1,1,0.2,0,0.5584,0.54560815772531,0.57119184227469,0.8659,0.859221109395236,0.872578890604764,0.9459,0.942178764567113,0.949621235432887,9459,8659,5584
"KS","ghEqualK",129094687,10000,20,20,2.5,3,-3,3,0.2,0,1,1,1,1,1,1,1,1,1,10000,10000,10000
"KS","ghEqualK",56258,10000,20,20,2.5,3,-1,3,0.2,0,0.9369,0.930636643124325,0.943163356875675,0.9948,0.993390303467551,0.99620969653245,0.9993,0.998864926265128,0.999735073734871,9993,9948,9369
"KS","ghEqualK",949269,10000,20,20,2.5,3,1,-3,0.2,0,0.0975,0.0898586204491597,0.10514137955084,0.2945,0.285565973631111,0.303434026368889,0.4448,0.436625277475143,0.452974722524857,4448,2945,975
"KS","ghEqualK",4232088,10000,100,100,0,3,1,1,0.2,1,0.0054,0.00351215225264748,0.00728784774735252,0.0359,0.0322535997544976,0.0395464002455024,0.0773,0.0729067500824816,0.0816932499175183,773,359,54
"KS","ghEqualK",134162,10000,100,100,0,3,3,3,0.2,1,0.0066,0.00451416522232848,0.00868583477767152,0.0365,0.0328243989824792,0.0401756010175208,0.0772,0.0728093547858658,0.0815906452141343,772,365,66
"KS","ghEqualK",879138,10000,100,100,0,3,-3,-3,0.2,1,0.0046,0.00285689482302874,0.00634310517697126,0.0334,0.0298782972200369,0.0369217027799631,0.0752,0.0708619082491953,0.0795380917508047,752,334,46
"KS","ghEqualK",90236338,10000,100,100,0,3,-1,-1,0.2,1,0.0051,0.00326506509471753,0.00693493490528247,0.0377,0.0339667937059948,0.0414332062940052,0.0805,0.0760245190873634,0.0849754809126367,805,377,51
"KS","ghEqualK",229657320,10000,100,100,0.5,3,1,1,0.2,0,0.0536,0.0477981617173258,0.0594018382826742,0.1845,0.176897328261723,0.192102671738277,0.2913,0.283825754459695,0.298774245540305,2913,1845,536
"KS","ghEqualK",25838,10000,100,100,0.5,3,3,3,0.2,0,0.9285,0.921862724669384,0.935137275330616,0.9866,0.984346388624807,0.988853611375193,0.995,0.993839720965673,0.996160279034327,9950,9866,9285
"KS","ghEqualK",17759,10000,100,100,0.5,3,1,3,0.2,0,0.9836,0.980328273115203,0.986871726884797,0.9983,0.997492558498961,0.999107441501039,0.9995,0.999132258787495,0.999867741212506,9995,9983,9836
"KS","ghEqualK",45650,10000,100,100,0.5,3,-1,1,0.2,0,0.739,0.727686725323303,0.750313274676697,0.9573,0.953337274055199,0.961262725944801,0.9894,0.987715369000908,0.991084630999091,9894,9573,7390
"KS","ghEqualK",361302296,10000,100,100,0.5,3,-3,3,0.2,0,1,1,1,1,1,1,1,1,1,10000,10000,10000
"KS","ghEqualK",3797473,10000,100,100,0.5,3,-1,3,0.2,0,0.9986,0.997636823989136,0.999563176010864,1,1,1,1,1,1,10000,10000,9986
"KS","ghEqualK",35044,10000,100,100,0.5,3,1,-3,0.2,0,0.8736,0.865039961690045,0.882160038309955,0.9915,0.989700665556379,0.993299334443621,0.9993,0.998864926265128,0.999735073734871,9993,9915,8736
"KS","ghEqualK",37061,10000,100,100,1,3,1,1,0.2,0,0.3921,0.379523483888056,0.404676516111944,0.6779,0.668741291203756,0.687058708796244,0.7949,0.788257906559,0.801542093441,7949,6779,3921
"KS","ghEqualK",88915549,10000,100,100,1,3,3,3,0.2,0,0.9994,0.998769200767229,1.00003079923277,0.9999,0.999704009800245,1.00009599019976,1,1,1,10000,9999,9994
"KS","ghEqualK",2442054,10000,100,100,1,3,1,3,0.2,0,0.9999,0.999642412880322,1.00015758711968,1,1,1,1,1,1,10000,10000,9999
"KS","ghEqualK",38830764,10000,100,100,1,3,-1,1,0.2,0,0.944,0.938077216343103,0.949922783656896,0.9958,0.994532445102727,0.997067554897273,0.9995,0.999132258787495,0.999867741212506,9995,9958,9440
"KS","ghEqualK",9957511,10000,100,100,1,3,-3,3,0.2,0,1,1,1,1,1,1,1,1,1,10000,10000,10000
"KS","ghEqualK",147093,10000,100,100,1,3,-1,3,0.2,0,1,1,1,1,1,1,1,1,1,10000,10000,10000
"KS","ghEqualK",7532817,10000,100,100,1,3,1,-3,0.2,0,0.7058,0.694061623910543,0.717538376089457,0.9766,0.973637063390756,0.979562936609244,0.998,0.997265069669969,0.998734930330031,9980,9766,7058
"KS","ghEqualK",3820374,10000,100,100,1.5,3,1,1,0.2,0,0.8671,0.858355339720608,0.875844660279392,0.9704,0.967078170628344,0.973721829371657,0.9887,0.986961249006679,0.990438750993321,9887,9704,8671
"KS","ghEqualK",875439,10000,100,100,1.5,3,3,3,0.2,0,1,1,1,1,1,1,1,1,1,10000,10000,10000
"KS","ghEqualK",281505,10000,100,100,1.5,3,1,3,0.2,0,1,1,1,1,1,1,1,1,1,10000,10000,10000
"KS","ghEqualK",17923,10000,100,100,1.5,3,-1,1,0.2,0,0.9962,0.994615066935339,0.997784933064661,0.9999,0.999704009800245,1.00009599019976,1,1,1,10000,9999,9962
"KS","ghEqualK",3889318,10000,100,100,1.5,3,-3,3,0.2,0,1,1,1,1,1,1,1,1,1,10000,10000,10000
"KS","ghEqualK",218687948,10000,100,100,1.5,3,-1,3,0.2,0,1,1,1,1,1,1,1,1,1,10000,10000,10000
"KS","ghEqualK",6646427,10000,100,100,1.5,3,1,-3,0.2,0,0.6142,0.601660452168091,0.626739547831909,0.9583,0.954381906073408,0.962218093926592,0.9957,0.994623623063339,0.996776376936661,9957,9583,6142
"KS","ghEqualK",205682541,10000,100,100,2,3,1,1,0.2,0,0.9936,0.991545805145196,0.995654194854804,0.9993,0.998781614273345,0.999818385726655,0.9998,0.999567385133966,1.00003261486603,9998,9993,9936
"KS","ghEqualK",78652,10000,100,100,2,3,3,3,0.2,0,1,1,1,1,1,1,1,1,1,10000,10000,10000
"KS","ghEqualK",106162,10000,100,100,2,3,1,3,0.2,0,1,1,1,1,1,1,1,1,1,10000,10000,10000
"KS","ghEqualK",4773678,10000,100,100,2,3,-1,1,0.2,0,1,1,1,1,1,1,1,1,1,10000,10000,10000
"KS","ghEqualK",30814911,10000,100,100,2,3,-3,3,0.2,0,1,1,1,1,1,1,1,1,1,10000,10000,10000
"KS","ghEqualK",95570,10000,100,100,2,3,-1,3,0.2,0,1,1,1,1,1,1,1,1,1,10000,10000,10000
"KS","ghEqualK",161630214,10000,100,100,2,3,1,-3,0.2,0,0.7095,0.69780513731412,0.721194862685881,0.9644,0.960768302465458,0.968031697534542,0.9969,0.995985523504963,0.997814476495037,9969,9644,7095
"KS","ghEqualK",821133,10000,100,100,2.5,3,1,1,0.2,0,0.9999,0.999642412880322,1.00015758711968,1,1,1,1,1,1,10000,10000,9999
"KS","ghEqualK",1557407,10000,100,100,2.5,3,3,3,0.2,0,1,1,1,1,1,1,1,1,1,10000,10000,10000
"KS","ghEqualK",773258,10000,100,100,2.5,3,1,3,0.2,0,1,1,1,1,1,1,1,1,1,10000,10000,10000
"KS","ghEqualK",7177926,10000,100,100,2.5,3,-1,1,0.2,0,1,1,1,1,1,1,1,1,1,10000,10000,10000
"KS","ghEqualK",22779049,10000,100,100,2.5,3,-3,3,0.2,0,1,1,1,1,1,1,1,1,1,10000,10000,10000
"KS","ghEqualK",42266,10000,100,100,2.5,3,-1,3,0.2,0,1,1,1,1,1,1,1,1,1,10000,10000,10000
"KS","ghEqualK",1832929,10000,100,100,2.5,3,1,-3,0.2,0,0.855,0.845929882417521,0.864070117582479,0.9844,0.981971130546448,0.986828869453552,0.9976,0.996795085514107,0.998404914485893,9976,9844,8550
"KS","ghEqualK",2358505,10000,10,100,0,3,1,1,0.2,1,0.0084,0.00604899387398841,0.0107510061260116,0.0434,0.039406385648263,0.047393614351737,0.0949,0.090078887220882,0.099721112779118,949,434,84
"KS","ghEqualK",934095,10000,10,100,0,3,3,3,0.2,1,0.0105,0.00787428002833509,0.0131257199716649,0.0428,0.0388328437961683,0.0467671562038317,0.1016,0.0966301002567859,0.106569899743214,1016,428,105
"KS","ghEqualK",3624683,10000,10,100,0,3,-3,-3,0.2,1,0.0083,0.00596291202152422,0.0106370879784758,0.046,0.0418940923731774,0.0501059076268226,0.1008,0.0958475019016258,0.105752498098374,1008,460,83
"KS","ghEqualK",483182,10000,10,100,0,3,-1,-1,0.2,1,0.0103,0.00769914430765258,0.0129008556923474,0.047,0.0428518786710126,0.0511481213289874,0.1005,0.0955540523305058,0.105445947669494,1005,470,103
"KS","ghEqualK",16774711,10000,10,100,0.5,3,1,1,0.2,0,0.0221,0.0183130530734662,0.0258869469265338,0.0813,0.0759434125145201,0.0866565874854799,0.1563,0.150326354918329,0.162273645081671,1563,813,221
"KS","ghEqualK",12326889,10000,10,100,0.5,3,3,3,0.2,0,0.1537,0.144409374315653,0.162990625684347,0.3103,0.301232719058858,0.319367280941142,0.4394,0.43123563381498,0.44756436618502,4394,3103,1537
"KS","ghEqualK",251086293,10000,10,100,0.5,3,1,3,0.2,0,0.1936,0.183421734043684,0.203778265956316,0.382,0.372476820060505,0.391523179939495,0.5128,0.504577695609721,0.521022304390279,5128,3820,1936
"KS","ghEqualK",5235037,10000,10,100,0.5,3,-1,1,0.2,0,0.0546,0.0487473846904154,0.0604526153095846,0.169,0.161654862408368,0.176345137591632,0.3128,0.305173226482555,0.320426773517445,3128,1690,546
"KS","ghEqualK",97415114,10000,10,100,0.5,3,-3,3,0.2,0,0.268,0.256590442635334,0.279409557364666,0.6182,0.608677772926379,0.627722227073621,0.8429,0.836913926821114,0.848886073178886,8429,6182,2680
"KS","ghEqualK",8976166,10000,10,100,0.5,3,-1,3,0.2,0,0.2179,0.207265780586936,0.228534219413064,0.4258,0.416108511294048,0.435491488705952,0.6039,0.595854540772213,0.611945459227787,6039,4258,2179
"KS","ghEqualK",2751381,10000,10,100,0.5,3,1,-3,0.2,0,0.0803,0.0732995376443255,0.0873004623556745,0.2228,0.214643946599881,0.230956053400119,0.3765,0.368529847679036,0.384470152320964,3765,2228,803
"KS","ghEqualK",8464134,10000,10,100,1,3,1,1,0.2,0,0.0653,0.058935876912597,0.071664123087403,0.1754,0.167945946060404,0.182854053939596,0.2842,0.276780514573645,0.291619485426355,2842,1754,653
"KS","ghEqualK",83825,10000,10,100,1,3,3,3,0.2,0,0.3364,0.324228978182621,0.348571021817378,0.5584,0.548667076530127,0.568132923469873,0.6535,0.645672189243193,0.661327810756806,6535,5584,3364
"KS","ghEqualK",225532172,10000,10,100,1,3,1,3,0.2,0,0.3385,0.326310381337285,0.350689618662715,0.5581,0.548366386813603,0.567833613186397,0.6841,0.676452834127471,0.691747165872529,6841,5581,3385
"KS","ghEqualK",441246,10000,10,100,1,3,-1,1,0.2,0,0.1124,0.104263499394689,0.120536500605311,0.2898,0.280908078993063,0.298691921006937,0.4778,0.469583111217505,0.486016888782495,4778,2898,1124
"KS","ghEqualK",337852,10000,10,100,1,3,-3,3,0.2,0,0.4717,0.458840647476022,0.484559352523978,0.829,0.82162042430488,0.83637957569512,0.9469,0.94321136892127,0.95058863107873,9469,8290,4717
"KS","ghEqualK",5974144,10000,10,100,1,3,-1,3,0.2,0,0.3453,0.33305199603385,0.35754800396615,0.5896,0.579958635882076,0.599241364117924,0.7542,0.747117279472413,0.761282720527587,7542,5896,3453
"KS","ghEqualK",352609341,10000,10,100,1,3,1,-3,0.2,0,0.057,0.0510277341337144,0.0629722658662856,0.1867,0.179062457912548,0.194337542087452,0.3398,0.332008602717362,0.347591397282638,3398,1867,570
"KS","ghEqualK",2531662,10000,10,100,1.5,3,1,1,0.2,0,0.1605,0.151044299077826,0.169955700922174,0.3353,0.326046933412884,0.344553066587116,0.4617,0.453499165841283,0.469900834158717,4617,3353,1605
"KS","ghEqualK",118289185,10000,10,100,1.5,3,3,3,0.2,0,0.4875,0.474624025629103,0.500375974370897,0.7091,0.700198121248276,0.718001878751724,0.7991,0.792508922230623,0.805691077769377,7991,7091,4875
"KS","ghEqualK",154034284,10000,10,100,1.5,3,1,3,0.2,0,0.5009,0.488020020865617,0.513779979134383,0.7154,0.70655601520725,0.72424398479275,0.8174,0.811044735860163,0.823755264139837,8174,7154,5009
"KS","ghEqualK",12188554,10000,10,100,1.5,3,-1,1,0.2,0,0.2146,0.204024372000927,0.225175627999073,0.4764,0.466610922502789,0.486189077497211,0.6815,0.673836034329776,0.689163965670224,6815,4764,2146
"KS","ghEqualK",94782,10000,10,100,1.5,3,-3,3,0.2,0,0.803,0.792754415384098,0.813245584615902,0.9631,0.959405080798935,0.966794919201065,0.9905,0.988904286405906,0.992095713594094,9905,9631,8030
"KS","ghEqualK",297020472,10000,10,100,1.5,3,-1,3,0.2,0,0.5327,0.519847574427055,0.545552425572945,0.7681,0.759827908526715,0.776372091473285,0.8873,0.882098086801688,0.892501913198312,8873,7681,5327
"KS","ghEqualK",204948,10000,10,100,1.5,3,1,-3,0.2,0,0.0577,0.0516934048536549,0.0637065951463451,0.1893,0.181621763853488,0.196978236146512,0.3519,0.344044089148929,0.359755910851071,3519,1893,577
"KS","ghEqualK",188198922,10000,10,100,2,3,1,1,0.2,0,0.2871,0.275445953079055,0.298754046920945,0.4954,0.485600414744776,0.505199585255224,0.6251,0.617136602912766,0.633063397087234,6251,4954,2871
"KS","ghEqualK",50053898,10000,10,100,2,3,3,3,0.2,0,0.6175,0.604980699629772,0.630019300370228,0.8073,0.799569378594602,0.815030621405398,0.8853,0.880058050371687,0.890541949628313,8853,8073,6175
"KS","ghEqualK",80115231,10000,10,100,2,3,1,3,0.2,0,0.6526,0.640334527009225,0.664865472990775,0.8309,0.823553131701847,0.838246868298153,0.9023,0.897415853717099,0.907184146282901,9023,8309,6526
"KS","ghEqualK",2378252,10000,10,100,2,3,-1,1,0.2,0,0.3785,0.36600606140665,0.39099393859335,0.683,0.673879974464948,0.692120025535052,0.8432,0.837218580938406,0.849181419061594,8432,6830,3785
"KS","ghEqualK",360551959,10000,10,100,2,3,-3,3,0.2,0,0.9966,0.995100502456506,0.998099497543494,0.9998,0.999522841861747,1.00007715813825,1,1,1,10000,9998,9966
"KS","ghEqualK",7001877,10000,10,100,2,3,-1,3,0.2,0,0.736,0.72464501070056,0.74735498929944,0.909,0.903362861449281,0.914637138550719,0.9685,0.965626766034696,0.971373233965304,9685,9090,7360
"KS","ghEqualK",6034368,10000,10,100,2,3,1,-3,0.2,0,0.0893,0.0819538590576701,0.0966461409423299,0.2469,0.238448322046931,0.255351677953069,0.426,0.41786557895668,0.43413442104332,4260,2469,893
"KS","ghEqualK",130493,10000,10,100,2.5,3,1,1,0.2,0,0.4479,0.435090114039275,0.460709885960725,0.6658,0.65655448325416,0.67504551674584,0.7758,0.768939455367691,0.782660544632309,7758,6658,4479
"KS","ghEqualK",456819,10000,10,100,2.5,3,3,3,0.2,0,0.7108,0.699120648944537,0.722479351055463,0.8763,0.869846915871492,0.882753084128508,0.938,0.934032991178482,0.941967008821518,9380,8763,7108
"KS","ghEqualK",241005208,10000,10,100,2.5,3,1,3,0.2,0,0.756,0.744936267428829,0.767063732571171,0.8969,0.890939846896061,0.90286015310394,0.947,0.943314649259907,0.950685350740092,9470,8969,7560
"KS","ghEqualK",651875,10000,10,100,2.5,3,-1,1,0.2,0,0.6109,0.598340812718279,0.623459187281721,0.8685,0.861876251118891,0.87512374888111,0.9539,0.95045040754422,0.95734959245578,9539,8685,6109
"KS","ghEqualK",31069,10000,10,100,2.5,3,-3,3,0.2,0,1,1,1,1,1,1,1,1,1,10000,10000,10000
"KS","ghEqualK",1131081,10000,10,100,2.5,3,-1,3,0.2,0,0.904,0.896411329600095,0.911588670399905,0.9779,0.975018627338507,0.980781372661493,0.9931,0.991738282751459,0.994461717248541,9931,9779,9040
"KS","ghEqualK",192048878,10000,10,100,2.5,3,1,-3,0.2,0,0.1348,0.126002706929555,0.143597293070445,0.3178,0.308673823256938,0.326926176743062,0.4901,0.481876612422549,0.498323387577451,4901,3178,1348
