"method","distribution","seed","N","n1","n2","delta","sd","g1","g2","h","null","power0.01","l_CI","u_CI","power0.05","l_CI","u_CI","power0.10","l_CI","u_CI","ct_0.10","ct_0.05","ct_0.01"
"Yuen","ghEqual",488701,10000,10,10,0,3,1,1,0,1,0.0073,0.00510711276402639,0.00949288723597361,0.0363,0.0326341025369495,0.0399658974630505,0.0845,0.0799246593843327,0.0890753406156673,845,363,73
"Yuen","ghEqual",1039046,10000,10,10,0,3,3,3,0,1,0.0043,0.0026144395204633,0.0059855604795367,0.0229,0.0199681393869421,0.0258318606130579,0.0589,0.0550270540475014,0.0627729459524986,589,229,43
"Yuen","ghEqual",17147,10000,10,10,0,3,-3,-3,0,1,0.0041,0.00245394003130384,0.00574605996869616,0.0219,0.0190314015578335,0.0247685984421665,0.0585,0.0546394071900322,0.0623605928099678,585,219,41
"Yuen","ghEqual",76938359,10000,10,10,0,3,-1,-1,0,1,0.0077,0.00544828864991625,0.00995171135008375,0.0403,0.0364454264067734,0.0441545735932266,0.0855,0.0809001802400121,0.0900998197599879,855,403,77
"Yuen","ghEqual",24494,10000,10,10,0.5,3,1,1,0,0,0.0117,0.00892997819822009,0.0144700218017799,0.0504,0.0461121291840355,0.0546878708159645,0.1073,0.102208819076798,0.112391180923202,1073,504,117
"Yuen","ghEqual",7614000,10000,10,10,0.5,3,3,3,0,0,0.0061,0.0040942254270472,0.0081057745729528,0.0354,0.0317781427341211,0.0390218572658789,0.0904,0.0856828971737305,0.0951171028262695,904,354,61
"Yuen","ghEqual",2179608,10000,10,10,0.5,3,1,3,0,0,0.0117,0.00892997819822009,0.0144700218017799,0.071,0.0659662330765122,0.0760337669234878,0.1394,0.133702321235529,0.145097678764471,1394,710,117
"Yuen","ghEqual",6489535,10000,10,10,0.5,3,-1,1,0,0,0.013,0.0100820616549351,0.0159179383450649,0.0678,0.0628725132221791,0.0727274867778209,0.1441,0.138322906375004,0.149877093624996,1441,678,130
"Yuen","ghEqual",6612662,10000,10,10,0.5,3,-3,3,0,0,0.0215,0.0177636676199246,0.0252363323800754,0.1127,0.106501975763713,0.118898024236287,0.2424,0.235350599369478,0.249449400630522,2424,1127,215
"Yuen","ghEqual",173438523,10000,10,10,0.5,3,-1,3,0,0,0.0135,0.0105272301497761,0.0164727698502239,0.0843,0.0788543908695537,0.0897456091304463,0.1842,0.17782320338321,0.19057679661679,1842,843,135
"Yuen","ghEqual",42473254,10000,10,10,0.5,3,1,-3,0,0,0.0151,0.0119585481968644,0.0182414518031356,0.0508,0.0464960542129808,0.0551039457870192,0.1004,0.0954562388302427,0.105343761169757,1004,508,151
"Yuen","ghEqual",196057,10000,10,10,1,3,1,1,0,0,0.0199,0.0163024437635217,0.0234975562364783,0.0876,0.0820588390784602,0.0931411609215398,0.1668,0.16066748589073,0.17293251410927,1668,876,199
"Yuen","ghEqual",61566,10000,10,10,1,3,3,3,0,0,0.0176,0.0142127568787251,0.0209872431212749,0.0895,0.083904903722008,0.095095096277992,0.1691,0.162933878392622,0.175266121607378,1691,895,176
"Yuen","ghEqual",10247153,10000,10,10,1,3,1,3,0,0,0.0238,0.0198735168427388,0.0277264831572612,0.1206,0.114217027756413,0.126982972243587,0.2261,0.219218888315034,0.232981111684966,2261,1206,238
"Yuen","ghEqual",42261775,10000,10,10,1,3,-1,1,0,0,0.0239,0.0199654781130226,0.0278345218869774,0.1203,0.113923884418739,0.126676115581261,0.2273,0.220406003219266,0.234193996780734,2273,1203,239
"Yuen","ghEqual",72335924,10000,10,10,1,3,-3,3,0,0,0.0279,0.0236576799271644,0.0321423200728356,0.1838,0.176208508325131,0.191391491674869,0.3796,0.371617022619123,0.387582977380877,3796,1838,279
"Yuen","ghEqual",40255,10000,10,10,1,3,-1,3,0,0,0.0235,0.0195977425930111,0.0274022574069889,0.1446,0.137706737122784,0.151493262877216,0.2902,0.28273409251759,0.29766590748241,2902,1446,235
"Yuen","ghEqual",15383308,10000,10,10,1,3,1,-3,0,0,0.0252,0.0211625803783981,0.0292374196216019,0.0699,0.0649024231473243,0.0748975768526757,0.117,0.111712636301757,0.122287363698243,1170,699,252
"Yuen","ghEqual",135312765,10000,10,10,1.5,3,1,1,0,0,0.0381,0.0331685650485823,0.0430314349514177,0.1437,0.136824608586444,0.150575391413556,0.2504,0.243273146139172,0.257526853860828,2504,1437,381
"Yuen","ghEqual",310037098,10000,10,10,1.5,3,3,3,0,0,0.0411,0.0359860858980323,0.0462139141019677,0.161,0.153796393358879,0.168203606641121,0.2733,0.265968998671138,0.280631001328862,2733,1610,411
"Yuen","ghEqual",27517,10000,10,10,1.5,3,1,3,0,0,0.0505,0.0448592216826399,0.0561407783173601,0.202,0.194130752554405,0.209869247445595,0.3331,0.32534675375762,0.34085324624238,3331,2020,505
"Yuen","ghEqual",3605351,10000,10,10,1.5,3,-1,1,0,0,0.0402,0.035140014666494,0.045259985333506,0.1964,0.188613419512623,0.204186580487377,0.355,0.347128455841609,0.362871544158391,3550,1964,402
"Yuen","ghEqual",2193223,10000,10,10,1.5,3,-3,3,0,0,0.0535,0.0477032701792821,0.0592967298207179,0.3314,0.322173956253821,0.340626043746178,0.6016,0.593546596094967,0.609653403905033,6016,3314,535
"Yuen","ghEqual",24918582,10000,10,10,1.5,3,-1,3,0,0,0.0466,0.0411702930477839,0.0520297069522161,0.2528,0.244281501764654,0.261318498235346,0.4527,0.444511886130935,0.460888113869065,4527,2528,466
"Yuen","ghEqual",79041,10000,10,10,1.5,3,1,-3,0,0,0.0418,0.0366446033756678,0.0469553966243322,0.0994,0.0935357127541022,0.105264287245898,0.1545,0.148554519622068,0.160445480377932,1545,994,418
"Yuen","ghEqual",4756876,10000,10,10,2,3,1,1,0,0,0.0721,0.0654370879843432,0.0787629120156568,0.2369,0.22856646375766,0.24523353624234,0.3681,0.360166350887519,0.376033649112481,3681,2369,721
"Yuen","ghEqual",17550234,10000,10,10,2,3,3,3,0,0,0.0758,0.0689818987923076,0.0826181012076924,0.2465,0.238052928670835,0.254947071329165,0.3753,0.36733490541357,0.38326509458643,3753,2465,758
"Yuen","ghEqual",44009,10000,10,10,2,3,1,3,0,0,0.0966,0.0889901785848192,0.104209821415181,0.3058,0.296769389386226,0.314830610613774,0.4577,0.449504486675456,0.465895513324544,4577,3058,966
"Yuen","ghEqual",11720847,10000,10,10,2,3,-1,1,0,0,0.0775,0.0706122100032013,0.0843877899967987,0.3153,0.306193149216903,0.324406850783097,0.5129,0.50467773790019,0.52112226209981,5129,3153,775
"Yuen","ghEqual",81400264,10000,10,10,2,3,-3,3,0,0,0.1176,0.10930183111701,0.12589816888299,0.5574,0.547664791476378,0.567135208523622,0.8291,0.822907865356198,0.835292134643802,8291,5574,1176
"Yuen","ghEqual",340683,10000,10,10,2,3,-1,3,0,0,0.0873,0.0800286172461563,0.0945713827538437,0.4016,0.391991652184147,0.411208347815853,0.6461,0.638233961746154,0.653966038253846,6461,4016,873
"Yuen","ghEqual",1814008,10000,10,10,2,3,1,-3,0,0,0.063,0.0567412741467931,0.0692587258532069,0.1416,0.134766667513548,0.148433332486452,0.2047,0.198062717314987,0.211337282685013,2047,1416,630
"Yuen","ghEqual",4460830,10000,10,10,2.5,3,1,1,0,0,0.1318,0.123086082285689,0.140513917714311,0.3608,0.351387440838029,0.370212559161971,0.4962,0.48797523754143,0.50442476245857,4962,3608,1318
"Yuen","ghEqual",65169215,10000,10,10,2.5,3,3,3,0,0,0.1349,0.12609995304334,0.14370004695666,0.3589,0.349498315157037,0.368301684842963,0.5001,0.4918750001645,0.5083249998355,5001,3589,1349
"Yuen","ghEqual",35572,10000,10,10,2.5,3,1,3,0,0,0.1624,0.152899264982317,0.171900735017683,0.433,0.423288382948242,0.442711617051758,0.5892,0.581106945056136,0.597293054943864,5892,4330,1624
"Yuen","ghEqual",188087,10000,10,10,2.5,3,-1,1,0,0,0.1306,0.121919849302779,0.139280150697221,0.4657,0.455923086396945,0.475476913603055,0.6812,0.673534113616,0.688865886384,6812,4657,1306
"Yuen","ghEqual",213151535,10000,10,10,2.5,3,-3,3,0,0,0.2273,0.216504294402935,0.238095705597065,0.7624,0.754057989477446,0.770742010522554,0.9419,0.938051811238391,0.945748188761609,9419,7624,2273
"Yuen","ghEqual",152457914,10000,10,10,2.5,3,-1,3,0,0,0.1696,0.159932761061131,0.179267238938869,0.5957,0.586081181232521,0.605318818767479,0.8271,0.820879254854282,0.833320745145718,8271,5957,1696
"Yuen","ghEqual",31650,10000,10,10,2.5,3,1,-3,0,0,0.095,0.0874467831912489,0.102553216808751,0.1977,0.18989401338756,0.20550598661244,0.2722,0.2648782315822,0.2795217684178,2722,1977,950
"Yuen","ghEqual",16970,10000,20,20,0,3,1,1,0,1,0.008,0.00570519024021598,0.010294809759784,0.0419,0.0379729312633467,0.0458270687366533,0.0895,0.0848041156238281,0.0941958843761719,895,419,80
"Yuen","ghEqual",48470,10000,20,20,0,3,3,3,0,1,0.0032,0.00174512774259181,0.00465487225740819,0.033,0.0294987245523952,0.0365012754476048,0.0797,0.0752448762289051,0.0841551237710949,797,330,32
"Yuen","ghEqual",137152397,10000,20,20,0,3,-3,-3,0,1,0.0032,0.00174512774259181,0.00465487225740819,0.0329,0.0294038527813606,0.0363961472186394,0.0835,0.0789493296681286,0.0880506703318715,835,329,32
"Yuen","ghEqual",127014159,10000,20,20,0,3,-1,-1,0,1,0.0076,0.00536284521817913,0.00983715478182087,0.0462,0.0420856075139093,0.0503143924860907,0.0952,0.090372073248443,0.100027926751557,952,462,76
"Yuen","ghEqual",3470445,10000,20,20,0.5,3,1,1,0,0,0.0146,0.0115102128295328,0.0176897871704672,0.0701,0.0650958167581113,0.0751041832418887,0.1336,0.128003347357429,0.139196652642571,1336,701,146
"Yuen","ghEqual",27060688,10000,20,20,0.5,3,3,3,0,0,0.0093,0.00682737409756834,0.0117726259024317,0.064,0.0592028424416119,0.0687971575583881,0.1287,0.12319142796845,0.13420857203155,1287,640,93
"Yuen","ghEqual",32517,10000,20,20,0.5,3,1,3,0,0,0.0259,0.0218083590883187,0.0299916409116813,0.1153,0.109040080640647,0.121559919359353,0.2049,0.198260310686186,0.211539689313814,2049,1153,259
"Yuen","ghEqual",3459794,10000,20,20,0.5,3,-1,1,0,0,0.026,0.0219006782094595,0.0300993217905405,0.1258,0.119300173068643,0.132299826931357,0.2362,0.229212920641649,0.243187079358351,2362,1258,260
"Yuen","ghEqual",36705,10000,20,20,0.5,3,-3,3,0,0,0.0671,0.0606549741243356,0.0735450258756644,0.3142,0.305101749246278,0.323298250753722,0.5122,0.503977448782531,0.520422551217469,5122,3142,671
"Yuen","ghEqual",86453,10000,20,20,0.5,3,-1,3,0,0,0.043,0.0377744012957748,0.0482255987042252,0.1986,0.190780655229087,0.206419344770913,0.3439,0.336086115111164,0.351713884888836,3439,1986,430
"Yuen","ghEqual",28407837,10000,20,20,0.5,3,1,-3,0,0,0.0102,0.00761166986137858,0.0127883301386214,0.0502,0.0459201946967648,0.0544798053032352,0.1062,0.101131863119459,0.111268136880541,1062,502,102
"Yuen","ghEqual",18925259,10000,20,20,1,3,1,1,0,0,0.0465,0.0410758376006613,0.0519241623993387,0.1587,0.15153823643719,0.16586176356281,0.2524,0.245254292681644,0.259545707318356,2524,1587,465
"Yuen","ghEqual",1358923,10000,20,20,1,3,3,3,0,0,0.0402,0.035140014666494,0.045259985333506,0.1541,0.147023526197999,0.161176473802001,0.2475,0.240400843405067,0.254599156594933,2475,1541,402
"Yuen","ghEqual",347046,10000,20,20,1,3,1,3,0,0,0.071,0.064384192043416,0.077615807956584,0.2405,0.23212321245584,0.24887678754416,0.3678,0.359867702198991,0.37573229780101,3678,2405,710
"Yuen","ghEqual",64165,10000,20,20,1,3,-1,1,0,0,0.0717,0.0650541641254139,0.0783458358745861,0.2734,0.264664193148289,0.282135806851711,0.4339,0.42574719030941,0.44205280969059,4339,2734,717
"Yuen","ghEqual",288049,10000,20,20,1,3,-3,3,0,0,0.177,0.167168214171901,0.186831785828099,0.5745,0.564809395480157,0.584190604519843,0.7778,0.770961326037608,0.784638673962392,7778,5745,1770
"Yuen","ghEqual",257663,10000,20,20,1,3,-1,3,0,0,0.1151,0.106878886992662,0.123321113007338,0.4063,0.396673619876111,0.415926380123889,0.5965,0.58842964022677,0.60457035977323,5965,4063,1151
"Yuen","ghEqual",170829386,10000,20,20,1,3,1,-3,0,0,0.0251,0.0210703924215596,0.0291296075784404,0.0642,0.0593958660741399,0.0690041339258601,0.1118,0.106616272199671,0.116983727800329,1118,642,251
"Yuen","ghEqual",199874,10000,20,20,1.5,3,1,1,0,0,0.1098,0.101746385755992,0.117853614244008,0.2998,0.29081986348469,0.30878013651531,0.4179,0.409786637367714,0.426013362632286,4179,2998,1098
"Yuen","ghEqual",679425,10000,20,20,1.5,3,3,3,0,0,0.1115,0.103392032327247,0.119607967672753,0.291,0.282097219140066,0.299902780859934,0.4137,0.405598440800267,0.421801559199733,4137,2910,1115
"Yuen","ghEqual",252268,10000,20,20,1.5,3,1,3,0,0,0.1707,0.161007887378999,0.180392112621001,0.4194,0.409728166753795,0.429071833246205,0.5576,0.549429759437471,0.565770240562529,5576,4194,1707
"Yuen","ghEqual",294689,10000,20,20,1.5,3,-1,1,0,0,0.179,0.169124844278777,0.188875155721223,0.4873,0.477503161794048,0.497096838205952,0.6634,0.655626605804727,0.671173394195273,6634,4873,1790
"Yuen","ghEqual",33892447,10000,20,20,1.5,3,-3,3,0,0,0.4072,0.394543785088692,0.419856214911308,0.8547,0.847792900210247,0.861607099789753,0.9591,0.955841936820444,0.962358063179555,9591,8547,4072
"Yuen","ghEqual",194049519,10000,20,20,1.5,3,-1,3,0,0,0.2659,0.254518941926739,0.277281058073261,0.6589,0.649608053837522,0.668191946162479,0.827,0.820777832348972,0.833222167651028,8270,6589,2659
"Yuen","ghEqual",237855828,10000,20,20,1.5,3,1,-3,0,0,0.0492,0.0436284889447892,0.0547715110552108,0.114,0.107770899210962,0.120229100789038,0.1737,0.167467896060978,0.179932103939022,1737,1140,492
"Yuen","ghEqual",30265648,10000,20,20,2,3,1,1,0,0,0.233,0.222110159942699,0.243889840057301,0.4798,0.47000800085,0.48959199915,0.6067,0.598664463595766,0.614735536404234,6067,4798,2330
"Yuen","ghEqual",296080,10000,20,20,2,3,3,3,0,0,0.2255,0.214734608137852,0.236265391862148,0.4561,0.446337846395062,0.465862153604938,0.5774,0.569274145560798,0.585525854439202,5774,4561,2255
"Yuen","ghEqual",12480258,10000,20,20,2,3,1,3,0,0,0.3249,0.312835626657459,0.336964373342541,0.6026,0.593008543391205,0.612191456608795,0.7306,0.723301988692589,0.737898011307411,7306,6026,3249
"Yuen","ghEqual",25674,10000,20,20,2,3,-1,1,0,0,0.3534,0.341086061466982,0.365713938533018,0.7258,0.717056238993568,0.734543761006432,0.8593,0.853580140555505,0.865019859444495,8593,7258,3534
"Yuen","ghEqual",13909370,10000,20,20,2,3,-3,3,0,0,0.719,0.707421202362663,0.730578797637337,0.9791,0.976296227707106,0.981903772292894,0.9979,0.997146958239554,0.998653041760446,9979,9791,7190
"Yuen","ghEqual",459966,10000,20,20,2,3,-1,3,0,0,0.511,0.498123117337243,0.523876882662757,0.881,0.874653745180029,0.887346254819971,0.9616,0.958438969095754,0.964761030904246,9616,8810,5110
"Yuen","ghEqual",9695096,10000,20,20,2,3,1,-3,0,0,0.095,0.0874467831912489,0.102553216808751,0.2001,0.192258530382741,0.207941469617259,0.2834,0.275986825432037,0.290813174567963,2834,2001,950
"Yuen","ghEqual",109276,10000,20,20,2.5,3,1,1,0,0,0.3859,0.373359848114742,0.398440151885258,0.6392,0.629787440838029,0.648612559161971,0.7565,0.749439753710431,0.763560246289569,7565,6392,3859
"Yuen","ghEqual",1348964,10000,20,20,2.5,3,3,3,0,0,0.3579,0.345551106566417,0.370248893433583,0.6137,0.604156745910875,0.623243254089125,0.7164,0.70898524502417,0.72381475497583,7164,6137,3579
"Yuen","ghEqual",499313,10000,20,20,2.5,3,1,3,0,0,0.4929,0.480021298627067,0.505778701372933,0.7566,0.748188963322491,0.765011036677509,0.8513,0.845447213214478,0.857152786785521,8513,7566,4929
"Yuen","ghEqual",139036,10000,20,20,2.5,3,-1,1,0,0,0.6017,0.589089247053537,0.614310752946463,0.9029,0.897096559812111,0.908703440187889,0.9637,0.960623264629226,0.966776735370774,9637,9029,6017
"Yuen","ghEqual",24083,10000,20,20,2.5,3,-3,3,0,0,0.9155,0.90833521129121,0.92266478870879,0.9984,0.997616627451081,0.999183372548919,1,1,1,10000,9984,9155
"Yuen","ghEqual",27574,10000,20,20,2.5,3,-1,3,0,0,0.7758,0.765056679043874,0.786543320956126,0.9773,0.97438067161943,0.98021932838057,0.9967,0.995756579951042,0.997643420048958,9967,9773,7758
"Yuen","ghEqual",31313,10000,20,20,2.5,3,1,-3,0,0,0.1757,0.1658966526811,0.1855033473189,0.3267,0.317507472329245,0.335892527670755,0.4253,0.417167310488173,0.433432689511827,4253,3267,1757
"Yuen","ghEqual",10808922,10000,100,100,0,3,1,1,0,1,0.0108,0.00813743762725904,0.013462562372741,0.0526,0.0482246214474174,0.0569753785525826,0.1046,0.099565686119132,0.109634313880868,1046,526,108
"Yuen","ghEqual",192759,10000,100,100,0,3,3,3,0,1,0.0083,0.00596291202152422,0.0106370879784758,0.0478,0.0436184806749699,0.0519815193250301,0.0967,0.0918382217719465,0.101561778228053,967,478,83
"Yuen","ghEqual",317848843,10000,100,100,0,3,-3,-3,0,1,0.0081,0.00579100861117587,0.0104089913888241,0.0477,0.0435226376032717,0.0518773623967283,0.0986,0.0936958568720825,0.103504143127917,986,477,81
"Yuen","ghEqual",7024776,10000,100,100,0,3,-1,-1,0,1,0.0102,0.00761166986137858,0.0127883301386214,0.0484,0.0441936445525372,0.0526063554474628,0.0988,0.0938914302559299,0.10370856974407,988,484,102
"Yuen","ghEqual",50903,10000,100,100,0.5,3,1,1,0,0,0.0659,0.0595087581486112,0.0722912418513888,0.1852,0.177586189338209,0.192813810661791,0.288,0.280550928498128,0.295449071501872,2880,1852,659
"Yuen","ghEqual",40049217,10000,100,100,0.5,3,3,3,0,0,0.0658,0.0594132673486409,0.0721867326513591,0.1861,0.178471928025615,0.193728071974385,0.2782,0.270828550341493,0.285571449658507,2782,1861,658
"Yuen","ghEqual",34521,10000,100,100,0.5,3,1,3,0,0,0.2104,0.199900411071343,0.220899588928657,0.4474,0.437654379369255,0.457145620630745,0.5773,0.569173887978389,0.585426112021611,5773,4474,2104
"Yuen","ghEqual",31154954,10000,100,100,0.5,3,-1,1,0,0,0.3306,0.318481743594788,0.342718256405212,0.6042,0.59461517193594,0.61378482806406,0.7347,0.727437443113078,0.741962556886922,7347,6042,3306
"Yuen","ghEqual",765496,10000,100,100,0.5,3,-3,3,0,0,0.9194,0.912387616982618,0.926412383017382,0.9891,0.987064882816543,0.991135117183456,0.997,0.996100348913467,0.997899651086533,9970,9891,9194
"Yuen","ghEqual",7376292,10000,100,100,0.5,3,-1,3,0,0,0.6512,0.638923027225238,0.663476972774762,0.8785,0.872096534216536,0.884903465783464,0.9378,0.933827021555067,0.941772978444933,9378,8785,6512
"Yuen","ghEqual",320689,10000,100,100,0.5,3,1,-3,0,0,0.0263,0.0221777310992785,0.0304222689007215,0.1052,0.0991865053493331,0.111213494650667,0.1871,0.180684635186681,0.193515364813319,1871,1052,263
"Yuen","ghEqual",39762702,10000,100,100,1,3,1,1,0,0,0.3379,0.325715667317592,0.350084332682408,0.5786,0.568921845481374,0.588278154518626,0.6974,0.689843140710116,0.704956859289884,6974,5786,3379
"Yuen","ghEqual",209022617,10000,100,100,1,3,3,3,0,0,0.3102,0.298284058828842,0.322115941171158,0.5392,0.529430164567527,0.548969835432473,0.6542,0.646375913077432,0.662024086922568,6542,5392,3102
"Yuen","ghEqual",59717,10000,100,100,1,3,1,3,0,0,0.621,0.608502841908722,0.633497158091278,0.8281,0.820705047273822,0.835494952726177,0.8975,0.89251063744208,0.90248936255792,8975,8281,6210
"Yuen","ghEqual",474743,10000,100,100,1,3,-1,1,0,0,0.8014,0.791123146872515,0.811676853127485,0.9435,0.938974659654788,0.948025340345212,0.9748,0.97222175649164,0.97737824350836,9748,9435,8014
"Yuen","ghEqual",43021903,10000,100,100,1,3,-3,3,0,0,0.9995,0.998924132909779,1.00007586709022,1,1,1,1,1,1,10000,10000,9995
"Yuen","ghEqual",37386,10000,100,100,1,3,-1,3,0,0,0.964,0.959201167117892,0.968798832882108,0.9961,0.994878369562265,0.997321630437735,0.9991,0.998606722124989,0.999593277875011,9991,9961,9640
"Yuen","ghEqual",12118846,10000,100,100,1,3,1,-3,0,0,0.0205,0.0168497298300537,0.0241502701699463,0.0737,0.068578871806955,0.078821128193045,0.1267,0.121228127872129,0.132171872127871,1267,737,205
"Yuen","ghEqual",410861,10000,100,100,1.5,3,1,1,0,0,0.7206,0.709041374615221,0.732158625384779,0.8879,0.881716406875093,0.894083593124907,0.9385,0.934547966669627,0.942452033330373,9385,8879,7206
"Yuen","ghEqual",588590,10000,100,100,1.5,3,3,3,0,0,0.6868,0.674852641967072,0.698747358032928,0.8629,0.856158523371367,0.869641476628633,0.9202,0.915742324377447,0.924657675622553,9202,8629,6868
"Yuen","ghEqual",24918,10000,100,100,1.5,3,1,3,0,0,0.9179,0.910828441765128,0.924971558234872,0.9776,0.974699581430483,0.980500418569517,0.9905,0.988904286405906,0.992095713594094,9905,9776,9179
"Yuen","ghEqual",316838967,10000,100,100,1.5,3,-1,1,0,0,0.987,0.984082061654935,0.989917938345065,0.9983,0.997492558498961,0.999107441501039,0.9994,0.998997179837769,0.999802820162231,9994,9983,9870
"Yuen","ghEqual",42354738,10000,100,100,1.5,3,-3,3,0,0,1,1,1,1,1,1,1,1,1,10000,10000,10000
"Yuen","ghEqual",10010402,10000,100,100,1.5,3,-1,3,0,0,0.9998,0.999435735018296,1.0001642649817,1,1,1,1,1,1,10000,10000,9998
"Yuen","ghEqual",23805,10000,100,100,1.5,3,1,-3,0,0,0.131,0.122308566838179,0.139691433161821,0.277,0.268228676989188,0.285771323010812,0.3734,0.365443020221522,0.381356979778478,3734,2770,1310
"Yuen","ghEqual",187783,10000,100,100,2,3,1,1,0,0,0.9494,0.943753936856883,0.955046063143117,0.9891,0.987064882816543,0.991135117183456,0.9962,0.995187882417947,0.997212117582053,9962,9891,9494
"Yuen","ghEqual",32283,10000,100,100,2,3,3,3,0,0,0.9273,0.920611585280016,0.933988414719984,0.9798,0.97704259554044,0.98255740445956,0.9907,0.989121013350349,0.992278986649651,9907,9798,9273
"Yuen","ghEqual",2965110,10000,100,100,2,3,1,3,0,0,0.9905,0.988001180414356,0.992998819585644,0.9985,0.997741464806354,0.999258535193646,0.9995,0.999132258787495,0.999867741212506,9995,9985,9905
"Yuen","ghEqual",69579366,10000,100,100,2,3,-1,1,0,0,0.9997,0.999253890643434,1.00014610935657,1,1,1,1,1,1,10000,10000,9997
"Yuen","ghEqual",17109605,10000,100,100,2,3,-3,3,0,0,1,1,1,1,1,1,1,1,1,10000,10000,10000
"Yuen","ghEqual",50078442,10000,100,100,2,3,-1,3,0,0,1,1,1,1,1,1,1,1,1,10000,10000,10000
"Yuen","ghEqual",86670989,10000,100,100,2,3,1,-3,0,0,0.4193,0.406588868755466,0.432011131244534,0.6278,0.618325530295283,0.637274469704717,0.7263,0.718965655199217,0.733634344800783,7263,6278,4193
"Yuen","ghEqual",2196772,10000,100,100,2.5,3,1,1,0,0,0.9953,0.993538138401912,0.997061861598088,0.9991,0.998512264659562,0.999687735340438,0.9995,0.999132258787495,0.999867741212506,9995,9991,9953
"Yuen","ghEqual",17109343,10000,100,100,2.5,3,3,3,0,0,0.9898,0.987211669861379,0.992388330138621,0.999,0.998380503559332,0.999619496440668,0.9993,0.998864926265128,0.999735073734871,9993,9990,9898
"Yuen","ghEqual",47064,10000,100,100,2.5,3,1,3,0,0,0.9994,0.998769200767229,1.00003079923277,1,1,1,1,1,1,10000,10000,9994
"Yuen","ghEqual",154942,10000,100,100,2.5,3,-1,1,0,0,1,1,1,1,1,1,1,1,1,10000,10000,10000
"Yuen","ghEqual",11643337,10000,100,100,2.5,3,-3,3,0,0,1,1,1,1,1,1,1,1,1,10000,10000,10000
"Yuen","ghEqual",67083,10000,100,100,2.5,3,-1,3,0,0,1,1,1,1,1,1,1,1,1,10000,10000,10000
"Yuen","ghEqual",21545900,10000,100,100,2.5,3,1,-3,0,0,0.7501,0.738947080450204,0.761252919549796,0.8871,0.8808971778089,0.8933028221911,0.9327,0.928578603264332,0.936821396735668,9327,8871,7501
"Yuen","ghEqual",26347,10000,10,100,0,3,1,1,0,1,0.0347,0.0299854336819156,0.0394145663180844,0.0794,0.0741009037504118,0.0846990962495882,0.1243,0.118872758570897,0.129727241429103,1243,794,347
"Yuen","ghEqual",1864970,10000,10,100,0,3,3,3,0,1,0.0665,0.0600817911876911,0.0729182088123089,0.1178,0.111481525409911,0.124118474590089,0.1569,0.15091702871142,0.16288297128858,1569,1178,665
"Yuen","ghEqual",43839173,10000,10,100,0,3,-3,-3,0,1,0.0699,0.0633317561364834,0.0764682438635166,0.1223,0.11587841332118,0.12872158667882,0.164,0.157908966823272,0.170091033176728,1640,1223,699
"Yuen","ghEqual",313094,10000,10,100,0,3,-1,-1,0,1,0.0312,0.0267214211918226,0.0356785788081774,0.0792,0.0739070070264925,0.0844929929735075,0.1227,0.117302877837423,0.128097122162577,1227,792,312
"Yuen","ghEqual",66955,10000,10,100,0.5,3,1,1,0,0,0.0639,0.0575997554057081,0.0702002445942919,0.1328,0.1261485743103,0.1394514256897,0.1929,0.186409237927795,0.199390762072205,1929,1328,639
"Yuen","ghEqual",21864721,10000,10,100,0.5,3,3,3,0,0,0.1207,0.112307950626326,0.129092049373674,0.1836,0.1760117102107,0.1911882897893,0.2307,0.223769930887807,0.237630069112193,2307,1836,1207
"Yuen","ghEqual",16347893,10000,10,100,0.5,3,1,3,0,0,0.0994,0.0916926510482486,0.107107348951751,0.1874,0.179751447119984,0.195048552880016,0.2587,0.25149620879524,0.26590379120476,2587,1874,994
"Yuen","ghEqual",175377,10000,10,100,0.5,3,-1,1,0,0,0.0234,0.0195058547421361,0.0272941452578639,0.089,0.0834190226088972,0.0945809773911027,0.1813,0.174962365349614,0.187637634650386,1813,890,234
"Yuen","ghEqual",938459,10000,10,100,0.5,3,-3,3,0,0,0.0377,0.0327935002993075,0.0426064997006925,0.2067,0.198763207306626,0.214636792693374,0.4255,0.417366814063703,0.433633185936297,4255,2067,377
"Yuen","ghEqual",7012672,10000,10,100,0.5,3,-1,3,0,0,0.0377,0.0327935002993075,0.0426064997006925,0.1532,0.146140468528181,0.160259531471819,0.2788,0.271423673257481,0.286176326742519,2788,1532,377
"Yuen","ghEqual",10285674,10000,10,100,0.5,3,1,-3,0,0,0.023,0.0191384909362271,0.0268615090637729,0.0658,0.0609405295044007,0.0706594704955993,0.1189,0.113575615257988,0.124224384742012,1189,658,230
"Yuen","ghEqual",2301167,10000,10,100,1,3,1,1,0,0,0.1063,0.0983602218098327,0.114239778190167,0.2068,0.19886178803246,0.21473821196754,0.2846,0.277177369906085,0.292022630093915,2846,2068,1063
"Yuen","ghEqual",92984,10000,10,100,1,3,3,3,0,0,0.1774,0.167559503323052,0.187240496676948,0.2522,0.243688201326065,0.260711798673935,0.3158,0.308153485788158,0.323446514211842,3158,2522,1774
"Yuen","ghEqual",260272,10000,10,100,1,3,1,3,0,0,0.158,0.148604271736922,0.167395728263078,0.2813,0.27248718284034,0.29011281715966,0.374,0.366040443497908,0.381959556502092,3740,2813,1580
"Yuen","ghEqual",360630584,10000,10,100,1,3,-1,1,0,0,0.052,0.0462805838261585,0.0577194161738415,0.1883,0.180637349731483,0.195962650268517,0.3324,0.324650840966944,0.340149159033056,3324,1883,520
"Yuen","ghEqual",186588,10000,10,100,1,3,-3,3,0,0,0.1481,0.13895007156985,0.15724992843015,0.4906,0.480801732009054,0.500398267990946,0.7445,0.737325465875796,0.751674534124205,7445,4906,1481
"Yuen","ghEqual",11206818,10000,10,100,1,3,-1,3,0,0,0.0852,0.0780083468396692,0.0923916531603308,0.294,0.285070398315714,0.302929601684286,0.4885,0.480277175800288,0.496722824199712,4885,2940,852
"Yuen","ghEqual",777878,10000,10,100,1,3,1,-3,0,0,0.0396,0.0345763482295462,0.0446236517704538,0.0861,0.0806019715127693,0.0915980284872307,0.1298,0.124271430315543,0.135328569684457,1298,861,396
"Yuen","ghEqual",551801,10000,10,100,1.5,3,1,1,0,0,0.1697,0.160030493742015,0.179369506257985,0.3039,0.294885176289777,0.312914823710223,0.3934,0.385364104452203,0.401435895547797,3934,3039,1697
"Yuen","ghEqual",105917039,10000,10,100,1.5,3,3,3,0,0,0.2395,0.228506190006663,0.250493809993337,0.338,0.328728640608843,0.347271359391157,0.4063,0.398220716681736,0.414379283318264,4063,3380,2395
"Yuen","ghEqual",11276642,10000,10,100,1.5,3,1,3,0,0,0.2213,0.210606456190455,0.231993543809545,0.3825,0.372974445370478,0.392025554629522,0.4806,0.472381193453846,0.488818806546154,4806,3825,2213
"Yuen","ghEqual",998899,10000,10,100,1.5,3,-1,1,0,0,0.1053,0.0973932362417222,0.113206763758278,0.3493,0.339955721635054,0.358644278364946,0.5492,0.54101491638623,0.55738508361377,5492,3493,1053
"Yuen","ghEqual",16550474,10000,10,100,1.5,3,-3,3,0,0,0.3186,0.306597552664664,0.330602447335336,0.7235,0.714733567222638,0.732266432777362,0.9083,0.903552497225512,0.913047502774488,9083,7235,3186
"Yuen","ghEqual",18714116,10000,10,100,1.5,3,-1,3,0,0,0.1681,0.158466917547614,0.177733082452386,0.4969,0.48710018835781,0.50669981164219,0.7227,0.715335896827327,0.730064103172673,7227,4969,1681
"Yuen","ghEqual",5416020,10000,10,100,1.5,3,1,-3,0,0,0.074,0.0672567818170847,0.0807432181829153,0.1518,0.144766992327489,0.158833007672511,0.2121,0.205375317461919,0.218824682538081,2121,1518,740
"Yuen","ghEqual",413744,10000,10,100,2,3,1,1,0,0,0.2372,0.226242574079374,0.248157425920626,0.4029,0.393286572826801,0.412513427173199,0.5065,0.498275695041867,0.514724304958133,5065,4029,2372
"Yuen","ghEqual",250088,10000,10,100,2,3,3,3,0,0,0.2911,0.279398017357631,0.302801982642369,0.4178,0.408133341200518,0.427466658799482,0.4993,0.491075008060504,0.507524991939496,4993,4178,2911
"Yuen","ghEqual",3383418,10000,10,100,2,3,1,3,0,0,0.3016,0.289777382400443,0.313422617599557,0.4827,0.472905867840712,0.492494132159288,0.5861,0.577997864982551,0.594202135017449,5861,4827,3016
"Yuen","ghEqual",30226088,10000,10,100,2,3,-1,1,0,0,0.2018,0.19146138646546,0.21213861353454,0.5591,0.549368699875638,0.568831300124362,0.7777,0.770860227084707,0.784539772915293,7777,5591,2018
"Yuen","ghEqual",221058270,10000,10,100,2,3,-3,3,0,0,0.4641,0.451253242644412,0.476946757355588,0.8578,0.850954599054431,0.864645400945569,0.9705,0.96771660604219,0.97328339395781,9705,8578,4641
"Yuen","ghEqual",324686828,10000,10,100,2,3,-1,3,0,0,0.3114,0.299471422075071,0.323328577924929,0.7157,0.706858824535075,0.724541175464925,0.8944,0.889344504168175,0.899455495831825,8944,7157,3114
"Yuen","ghEqual",10902283,10000,10,100,2,3,1,-3,0,0,0.1265,0.117937066405116,0.135062933594884,0.2334,0.225109305646063,0.241690694353937,0.3146,0.306961337684444,0.322238662315556,3146,2334,1265
"Yuen","ghEqual",103772,10000,10,100,2.5,3,1,1,0,0,0.3211,0.309072678620711,0.333127321379289,0.5179,0.508106282049477,0.527693717950523,0.6214,0.613421121872149,0.629378878127851,6214,5179,3211
"Yuen","ghEqual",172386672,10000,10,100,2.5,3,3,3,0,0,0.3469,0.334638662395511,0.359161337604489,0.4944,0.484600614675277,0.504199385324723,0.5847,0.576593872792093,0.592806127207907,5847,4944,3469
"Yuen","ghEqual",324509,10000,10,100,2.5,3,1,3,0,0,0.3787,0.366204771914741,0.391195228085259,0.5845,0.574840962700145,0.594159037299856,0.688,0.680378553271196,0.695621446728804,6880,5845,3787
"Yuen","ghEqual",3321836,10000,10,100,2.5,3,-1,1,0,0,0.3515,0.339201178069815,0.363798821930185,0.7726,0.764384601139421,0.780815398860579,0.9305,0.926316724247151,0.934683275752849,9305,7726,3515
"Yuen","ghEqual",100732,10000,10,100,2.5,3,-3,3,0,0,0.5883,0.575622438781598,0.600977561218402,0.9351,0.930271553227134,0.939928446772866,0.9917,0.990207566100702,0.993192433899298,9917,9351,5883
"Yuen","ghEqual",207500,10000,10,100,2.5,3,-1,3,0,0,0.471,0.458141682410268,0.483858317589732,0.8657,0.859016902664064,0.872383097335936,0.9693,0.966462314922375,0.972137685077625,9693,8657,4710
"Yuen","ghEqual",129087148,10000,10,100,2.5,3,1,-3,0,0,0.1827,0.172745811013845,0.192654188986155,0.3294,0.320188090911087,0.338611909088913,0.42,0.411880962557051,0.428119037442948,4200,3294,1827
