"method","distribution","seed","N","n1","n2","delta","sd1","sd2","null","power0.01","l_CI","u_CI","power0.05","l_CI","u_CI","power0.10","l_CI","u_CI","ct_0.10","ct_0.05","ct_0.01"
"KS","Normal2Var",4106039,10000,10,10,0.5,1,3,0,0.0153,0.0121381333994591,0.0184618666005409,0.0722,0.0671271519453467,0.0772728480546533,0.2183,0.211504634419049,0.225095365580951,2183,722,153
"KS","Normal2Var",2983763,10000,10,10,1.5,1,3,0,0.0862,0.0789702202261856,0.0934297797738144,0.2273,0.219085876176146,0.235514123823854,0.4567,0.448505899983599,0.464894100016401,4567,2273,862
"KS","Normal2Var",80700793,10000,10,10,2,1,3,0,0.1639,0.154364039418081,0.173435960581919,0.3752,0.365710179525744,0.384689820474256,0.6209,0.612919067744181,0.628880932255819,6209,3752,1639
"KS","Normal2Var",65714,10000,10,10,2.5,1,3,0,0.274,0.262510808970933,0.285489191029067,0.5263,0.516513566514322,0.536086433485678,0.7596,0.752570480953607,0.766629519046393,7596,5263,2740
"KS","Normal2Var",296358,10000,10,10,0.5,3,5,0,0.0046,0.00285689482302874,0.00634310517697126,0.0209,0.018096227707106,0.023703772292894,0.0836,0.0790468539501132,0.0881531460498868,836,209,46
"KS","Normal2Var",298870560,10000,10,10,1.5,3,5,0,0.0103,0.00769914430765258,0.0129008556923474,0.0474,0.043235138816431,0.051564861183569,0.1457,0.139896354440115,0.151503645559885,1457,474,103
"KS","Normal2Var",148219766,10000,10,10,2,3,5,0,0.0171,0.013760368248746,0.020439631751254,0.0688,0.0638389709041772,0.0737610290958228,0.1957,0.189173650169522,0.202226349830478,1957,688,171
"KS","Normal2Var",35539,10000,10,10,2.5,3,5,0,0.0317,0.0271868428538842,0.0362131571461158,0.1125,0.106306779916715,0.118693220083285,0.2742,0.266861486298173,0.281538513701827,2742,1125,317
"KS","Normal2Var",1105006,10000,10,10,0.5,1,5,0,0.0277,0.0234724779050493,0.0319275220949507,0.1117,0.10552605880028,0.11787394119972,0.3299,0.322165595720485,0.337634404279515,3299,1117,277
"KS","Normal2Var",9214306,10000,10,10,1.5,1,5,0,0.0613,0.0551206968056053,0.0674793031943947,0.1992,0.191371784536844,0.207028215463156,0.4346,0.426445662822087,0.442754337177913,4346,1992,613
"KS","Normal2Var",80673213,10000,10,10,2,1,5,0,0.1058,0.0978767013615833,0.113723298638417,0.2775,0.268723800423874,0.286276199576126,0.5335,0.525293481777003,0.541706518222997,5335,2775,1058
"KS","Normal2Var",47825767,10000,10,10,2.5,1,5,0,0.1569,0.147530921556606,0.166269078443394,0.3641,0.354668933148874,0.373531066851126,0.6196,0.61161376912783,0.62758623087217,6196,3641,1569
"KS","Normal2Var",4056877,10000,10,10,1,1,3,0,0.0387,0.0337314368692492,0.0436685631307508,0.1286,0.122038768919905,0.135161231080095,0.3158,0.308153485788158,0.323446514211842,3158,1286,387
"KS","Normal2Var",3033225,10000,10,10,1,3,5,0,0.0062,0.0041779532159082,0.0082220467840918,0.0332,0.0296884938442885,0.0367115061557115,0.1088,0.103677665459734,0.113922334540266,1088,332,62
"KS","Normal2Var",2476664,10000,10,10,1,1,5,0,0.0434,0.0381512497091456,0.0486487502908544,0.1503,0.14329564142654,0.15730435857346,0.38,0.372015392996521,0.387984607003479,3800,1503,434
"KS","Normal2Var",238418,10000,10,10,5,1,3,0,0.8931,0.885140518897412,0.901059481102588,0.9752,0.972151903178441,0.978248096821559,0.9972,0.996330767305953,0.998069232694047,9972,9752,8931
"KS","Normal2Var",341776,10000,10,10,5,3,5,0,0.2058,0.195385618439027,0.216214381560973,0.4362,0.426480108037144,0.445919891962856,0.6862,0.678566605128785,0.693833394871216,6862,4362,2058
"KS","Normal2Var",2025824,10000,10,10,5,1,5,0,0.5622,0.549420049904713,0.574979950095287,0.8,0.79216,0.80784,0.9366,0.932591447204402,0.940608552795598,9366,8000,5622
"KS","Normal2Var",241712,10000,20,20,0.5,1,3,0,0.0939,0.0863860773500452,0.101413922649955,0.3646,0.35516617080638,0.37403382919362,0.58,0.571880962557051,0.588119037442948,5800,3646,939
"KS","Normal2Var",101079591,10000,20,20,1.5,1,3,0,0.4111,0.39842522162419,0.42377477837581,0.7343,0.725642577496645,0.742957422503355,0.8637,0.858055892329892,0.869344107670108,8637,7343,4111
"KS","Normal2Var",332211,10000,20,20,2,1,3,0,0.6428,0.630456465994165,0.655143534005835,0.8911,0.884994331331754,0.897205668668246,0.9513,0.947759299997631,0.954840700002369,9513,8911,6428
"KS","Normal2Var",20435566,10000,20,20,2.5,1,3,0,0.8234,0.813576943553794,0.833223056446206,0.9631,0.959405080798935,0.966794919201065,0.9872,0.985350844385564,0.989049155614436,9872,9631,8234
"KS","Normal2Var",616346,10000,20,20,0.5,3,5,0,0.0152,0.012048323215922,0.018351676784078,0.0914,0.0857517288727966,0.0970482711272034,0.1907,0.184237567513716,0.197162432486284,1907,914,152
"KS","Normal2Var",78781374,10000,20,20,1.5,3,5,0,0.0479,0.0423988321277401,0.0534011678722598,0.2013,0.193440954538266,0.209159045461734,0.3338,0.32604268579469,0.34155731420531,3338,2013,479
"KS","Normal2Var",23086458,10000,20,20,2,3,5,0,0.0933,0.0858076425562086,0.100792357443791,0.2956,0.286656284828864,0.304543715171135,0.4506,0.442415242368701,0.458784757631299,4506,2956,933
"KS","Normal2Var",2274988,10000,20,20,2.5,3,5,0,0.146,0.136903983867736,0.155096016132264,0.4089,0.399264037386623,0.418535962613377,0.5738,0.565665087294881,0.581934912705119,5738,4089,1460
"KS","Normal2Var",39218,10000,20,20,0.5,1,5,0,0.1958,0.18557803859628,0.20602196140372,0.6264,0.616918318131977,0.635881681868023,0.8475,0.841586144924047,0.853413855075953,8475,6264,1958
"KS","Normal2Var",109552403,10000,20,20,1.5,1,5,0,0.3824,0.369881322711619,0.394918677288381,0.7653,0.756993301017516,0.773606698982484,0.914,0.909388011393119,0.918611988606881,9140,7653,3824
"KS","Normal2Var",12566716,10000,20,20,2,1,5,0,0.5244,0.511535345615211,0.537264654384789,0.8467,0.839638581863563,0.853761418136437,0.9496,0.946001251279458,0.953198748720542,9496,8467,5244
"KS","Normal2Var",5733774,10000,20,20,2.5,1,5,0,0.6548,0.64255283447372,0.66704716552628,0.9081,0.902437859197936,0.913762140802064,0.9721,0.969390909736097,0.974809090263903,9721,9081,6548
"KS","Normal2Var",200527,10000,20,20,1,1,3,0,0.2252,0.214439688155407,0.235960311844593,0.5543,0.544557961810709,0.564042038189291,0.7352,0.727941821545429,0.742458178454571,7352,5543,2252
"KS","Normal2Var",2630112,10000,20,20,1,3,5,0,0.0252,0.0211625803783981,0.0292374196216019,0.1273,0.120767148877129,0.133832851122871,0.242,0.23495455890735,0.24904544109265,2420,1273,252
"KS","Normal2Var",43891294,10000,20,20,1,1,5,0,0.2767,0.2651758296123,0.2882241703877,0.6837,0.674585382304803,0.692814617695197,0.8772,0.871800986701591,0.882599013298409,8772,6837,2767
"KS","Normal2Var",4701347,10000,20,20,5,1,3,0,1,1,1,1,1,1,1,1,1,10000,10000,10000
"KS","Normal2Var",382583,10000,20,20,5,3,5,0,0.6958,0.683948654048626,0.707651345951373,0.9148,0.909328089986705,0.920271910013295,0.9656,0.962601916307773,0.968598083692227,9656,9148,6958
"KS","Normal2Var",439031,10000,20,20,5,1,5,0,0.9853,0.982199806742086,0.988400193257914,0.9991,0.998512264659562,0.999687735340438,0.9996,0.999271065806581,0.999928934193419,9996,9991,9853
"KS","Normal2Var",62903214,10000,100,100,0.5,1,3,0,0.9891,0.986425274558886,0.991774725441114,1,1,1,1,1,1,10000,10000,9891
"KS","Normal2Var",279052,10000,100,100,1.5,1,3,0,1,1,1,1,1,1,1,1,1,10000,10000,10000
"KS","Normal2Var",1804166,10000,100,100,2,1,3,0,1,1,1,1,1,1,1,1,1,10000,10000,10000
"KS","Normal2Var",55421,10000,100,100,2.5,1,3,0,1,1,1,1,1,1,1,1,1,10000,10000,10000
"KS","Normal2Var",2503404,10000,100,100,0.5,3,5,0,0.2152,0.204613644123529,0.225786355876471,0.525,0.515212257665835,0.534787742334165,0.7099,0.702434853159584,0.717365146840416,7099,5250,2152
"KS","Normal2Var",333679799,10000,100,100,1.5,3,5,0,0.6943,0.682432283568783,0.706167716431217,0.897,0.891042405975564,0.902957594024436,0.9545,0.951071851968719,0.957928148031281,9545,8970,6943
"KS","Normal2Var",2198394,10000,100,100,2,3,5,0,0.8821,0.873792665991235,0.890407334008765,0.9761,0.973106342042517,0.979093657957483,0.9904,0.988795990874839,0.992004009125161,9904,9761,8821
"KS","Normal2Var",32482,10000,100,100,2.5,3,5,0,0.9702,0.965819893947848,0.974580106052152,0.9968,0.995693031978059,0.997906968021941,0.9993,0.998864926265128,0.999735073734871,9993,9968,9702
"KS","Normal2Var",562676,10000,100,100,0.5,1,5,0,1,1,1,1,1,1,1,1,1,10000,10000,10000
"KS","Normal2Var",44352,10000,100,100,1.5,1,5,0,1,1,1,1,1,1,1,1,1,10000,10000,10000
"KS","Normal2Var",101205,10000,100,100,2,1,5,0,1,1,1,1,1,1,1,1,1,10000,10000,10000
"KS","Normal2Var",71748,10000,100,100,2.5,1,5,0,1,1,1,1,1,1,1,1,1,10000,10000,10000
"KS","Normal2Var",12765915,10000,100,100,1,1,3,0,0.9992,0.998471688672108,0.999928311327892,1,1,1,1,1,1,10000,10000,9992
"KS","Normal2Var",35792,10000,100,100,1,3,5,0,0.4278,0.415054990147371,0.440545009852629,0.7232,0.714430631441113,0.731969368558887,0.8503,0.844431016453356,0.856168983546644,8503,7232,4278
"KS","Normal2Var",2920566,10000,100,100,1,1,5,0,1,1,1,1,1,1,1,1,1,10000,10000,10000
"KS","Normal2Var",27310,10000,100,100,5,1,3,0,1,1,1,1,1,1,1,1,1,10000,10000,10000
"KS","Normal2Var",1569618,10000,100,100,5,3,5,0,1,1,1,1,1,1,1,1,1,10000,10000,10000
"KS","Normal2Var",77242,10000,100,100,5,1,5,0,1,1,1,1,1,1,1,1,1,10000,10000,10000
"KS","Normal2Var",108220594,10000,10,100,0.5,1,3,0,0.0425,0.0373035145569337,0.0476964854430663,0.2546,0.24606153180164,0.26313846819836,0.5161,0.507879265110346,0.524320734889654,5161,2546,425
"KS","Normal2Var",318650612,10000,10,100,1.5,1,3,0,0.4916,0.47872181775387,0.50447818224613,0.8356,0.828335492213343,0.842864507786657,0.9478,0.944141024462517,0.951458975537483,9478,8356,4916
"KS","Normal2Var",29418274,10000,10,100,2,1,3,0,0.7887,0.778183976992025,0.799216023007975,0.9652,0.961607850939396,0.968792149060604,0.9935,0.992178075912023,0.994821924087978,9935,9652,7887
"KS","Normal2Var",162399201,10000,10,100,2.5,1,3,0,0.9493,0.943648658147398,0.954951341852602,0.9969,0.995810410984637,0.997989589015363,0.9998,0.999567385133966,1.00003261486603,9998,9969,9493
"KS","Normal2Var",40412,10000,10,100,0.5,3,5,0,0.0083,0.00596291202152422,0.0106370879784758,0.0545,0.0500507676212632,0.0589492323787368,0.1353,0.129673380719226,0.140926619280774,1353,545,83
"KS","Normal2Var",354708,10000,10,100,1.5,3,5,0,0.0403,0.0352339889917593,0.0453660110082407,0.1657,0.158412502020474,0.172987497979526,0.3161,0.308451532034062,0.323748467965938,3161,1657,403
"KS","Normal2Var",898186,10000,10,100,2,3,5,0,0.0914,0.083976557947104,0.0988234420528959,0.2867,0.277836484064571,0.295563515935429,0.4654,0.457194716914627,0.473605283085372,4654,2867,914
"KS","Normal2Var",8694525,10000,10,100,2.5,3,5,0,0.1569,0.147530921556606,0.166269078443394,0.4087,0.399064764593971,0.418335235406029,0.5969,0.588830937287394,0.604969062712606,5969,4087,1569
"KS","Normal2Var",6413358,10000,10,100,0.5,1,5,0,0.0789,0.0719555516613122,0.0858444483386878,0.4893,0.479502244260975,0.499097755739025,0.8411,0.835086162797267,0.847113837202733,8411,4893,789
"KS","Normal2Var",2528089,10000,10,100,1.5,1,5,0,0.4148,0.402108370330864,0.427491629669136,0.8515,0.844530339488899,0.858469660511101,0.9697,0.966880280457071,0.972519719542929,9697,8515,4148
"KS","Normal2Var",20231,10000,10,100,2,1,5,0,0.6515,0.639225481637539,0.663774518362461,0.9469,0.942505035310449,0.951294964689551,0.9926,0.991190163021091,0.994009836978909,9926,9469,6515
"KS","Normal2Var",45159907,10000,10,100,2.5,1,5,0,0.8381,0.828611070862101,0.847588929137899,0.9864,0.98412986305118,0.988670136948821,0.998,0.997265069669969,0.998734930330031,9980,9864,8381
"KS","Normal2Var",344754899,10000,10,100,1,1,3,0,0.1939,0.183715745964406,0.204084254035594,0.5573,0.5475645651708,0.5670354348292,0.7831,0.776320396577234,0.789879603422766,7831,5573,1939
"KS","Normal2Var",254623,10000,10,100,1,3,5,0,0.0171,0.013760368248746,0.020439631751254,0.0971,0.0912965598121114,0.102903440187889,0.2104,0.203695099461319,0.217104900538681,2104,971,171
"KS","Normal2Var",26862,10000,10,100,1,1,5,0,0.1973,0.187048532651015,0.207551467348985,0.6612,0.651923285421573,0.670476714578427,0.9043,0.899460749132379,0.909139250867621,9043,6612,1973
"KS","Normal2Var",16399675,10000,10,100,5,1,3,0,1,1,1,1,1,1,1,1,1,10000,10000,10000
"KS","Normal2Var",518010,10000,10,100,5,3,5,0,0.7996,0.78928828004397,0.80991171995603,0.9521,0.947914328792846,0.956285671207154,0.9866,0.984708576167249,0.988491423832751,9866,9521,7996
"KS","Normal2Var",64118,10000,10,100,5,1,5,0,0.9999,0.999642412880322,1.00015758711968,1,1,1,1,1,1,10000,10000,9999
