"method","distribution","seed","N","n1","n2","delta","scale1","scale2","null","power0.01","l_CI","u_CI","power0.05","l_CI","u_CI","power0.10","l_CI","u_CI","ct_0.10","ct_0.05","ct_0.01"
"BWS","Cauchy",17100,10000,10,10,0,1,1,1,0.0124,0.00954932805320851,0.0152506719467915,0.0586,0.0539964594140597,0.0632035405859403,0.1068,0.101719272695726,0.111880727304274,1068,586,124
"BWS","Cauchy",7780977,10000,10,10,0,0.5,0.5,1,0.0144,0.011331137346041,0.017468862653959,0.0528,0.0484167738610015,0.0571832261389985,0.101,0.0960431424876743,0.105956857512326,1010,528,144
"BWS","Cauchy",3799024,10000,10,10,0,2,2,1,0.0145,0.011420656237183,0.017579343762817,0.056,0.0514935341741005,0.0605064658258995,0.1042,0.099174198972114,0.109225801027886,1042,560,145
"BWS","Cauchy",744828,10000,10,10,0.5,1,1,0,0.0348,0.030078889806063,0.039521110193937,0.1044,0.0984067366266449,0.110393263373355,0.1711,0.164904990497507,0.177295009502493,1711,1044,348
"BWS","Cauchy",75243956,10000,10,10,0.5,0.5,0.5,0,0.0975,0.0898586204491597,0.10514137955084,0.24,0.231629170650407,0.248370829349593,0.3414,0.33359974996945,0.34920025003055,3414,2400,975
"BWS","Cauchy",360499280,10000,10,10,0.5,2,2,0,0.0165,0.0132184803218021,0.0197815196781979,0.0637,0.0589133320765276,0.0684866679234725,0.1174,0.112104805557196,0.122695194442804,1174,637,165
"BWS","Cauchy",7655926,10000,10,10,0.5,0.5,2,0,0.0529,0.0471340401624375,0.0586659598375625,0.1985,0.190682136376221,0.206317863623779,0.3225,0.314810724677554,0.330189275322446,3225,1985,529
"BWS","Cauchy",1153811,10000,10,10,0.5,1,2,0,0.0265,0.0223625117486088,0.0306374882513912,0.0994,0.0935357127541022,0.105264287245898,0.1719,0.165693521819101,0.178106478180899,1719,994,265
"BWS","Cauchy",34517,10000,10,10,1,1,1,0,0.0948,0.0872539044502673,0.102346095549733,0.2343,0.225998213902924,0.242601786097076,0.3388,0.33101418597882,0.34658581402118,3388,2343,948
"BWS","Cauchy",17387,10000,10,10,1,0.5,0.5,0,0.329,0.316896664616793,0.341103335383207,0.5651,0.555383420042093,0.574816579957907,0.6821,0.674439886740199,0.689760113259801,6821,5651,3290
"BWS","Cauchy",724195,10000,10,10,1,2,2,0,0.0321,0.0275593960792441,0.0366406039207559,0.0968,0.0910045693342427,0.102595430665757,0.1594,0.153378499127036,0.165421500872963,1594,968,321
"BWS","Cauchy",582784,10000,10,10,1,0.5,2,0,0.1047,0.0968131516214133,0.112586848378587,0.2959,0.286953653266813,0.304846346733187,0.4363,0.42814202206783,0.44445797793217,4363,2959,1047
"BWS","Cauchy",2546451,10000,10,10,1,1,2,0,0.0573,0.0513129908316676,0.0632870091683324,0.1622,0.15497477003649,0.16942522996351,0.2521,0.244957107867399,0.259242892132601,2521,1622,573
"BWS","Cauchy",61649,10000,10,10,1.5,1,1,0,0.2,0.189696,0.210304,0.4056,0.39597624751241,0.41522375248759,0.526,0.517786127727436,0.534213872272564,5260,4056,2000
"BWS","Cauchy",24596,10000,10,10,1.5,0.5,0.5,0,0.5689,0.556142874235099,0.581657125764901,0.7842,0.776137026907052,0.792262973092948,0.8621,0.856428122298306,0.867771877701694,8621,7842,5689
"BWS","Cauchy",1477603,10000,10,10,1.5,2,2,0,0.0572,0.0512179001190873,0.0631820998809127,0.1587,0.15153823643719,0.16586176356281,0.2422,0.235152578092387,0.249247421907613,2422,1587,572
"BWS","Cauchy",126575489,10000,10,10,1.5,0.5,2,0,0.1925,0.182343770849375,0.202656229150625,0.4253,0.415609986964632,0.434990013035368,0.5688,0.560653237188772,0.576946762811227,5688,4253,1925
"BWS","Cauchy",179979,10000,10,10,1.5,1,2,0,0.1138,0.105619443234971,0.121980556765029,0.2665,0.257834278308185,0.275165721691815,0.3775,0.369525672678252,0.385474327321748,3775,2665,1138
"BWS","Cauchy",9923426,10000,10,10,2,1,1,0,0.3385,0.326310381337285,0.350689618662715,0.5692,0.559494311149764,0.578905688850236,0.6839,0.676251532034062,0.691548467965938,6839,5692,3385
"BWS","Cauchy",8181081,10000,10,10,2,0.5,0.5,0,0.7245,0.712991310975372,0.736008689024628,0.8931,0.887043873074117,0.899156126925883,0.9407,0.936814751325234,0.944585248674766,9407,8931,7245
"BWS","Cauchy",58364,10000,10,10,2,2,2,0,0.0931,0.08561485185728,0.10058514814272,0.225,0.21681538638664,0.23318461361336,0.3263,0.318587277377166,0.334012722622834,3263,2250,931
"BWS","Cauchy",34031841,10000,10,10,2,0.5,2,0,0.3057,0.293832283568783,0.317567716431217,0.5669,0.557188118119417,0.576611881880583,0.6961,0.688533987243206,0.703666012756794,6961,5669,3057
"BWS","Cauchy",1043942,10000,10,10,2,1,2,0,0.1826,0.172647926793787,0.192552073206213,0.3841,0.374566918037151,0.393633081962849,0.5009,0.492675013324511,0.509124986675489,5009,3841,1826
"BWS","Cauchy",82272580,10000,10,10,2.5,1,1,0,0.4574,0.444566833363716,0.470233166636284,0.6905,0.681439164632331,0.699560835367669,0.7898,0.783097438264671,0.796502561735329,7898,6905,4574
"BWS","Cauchy",2633923,10000,10,10,2.5,0.5,0.5,0,0.831,0.821346390593856,0.840653609406144,0.9481,0.943752227376874,0.952447772623126,0.9742,0.971592046654578,0.976807953345422,9742,9481,8310
"BWS","Cauchy",187750602,10000,10,10,2.5,2,2,0,0.14,0.131061614069643,0.148938385930357,0.3065,0.297463618797328,0.315536381202672,0.4159,0.407792182480348,0.424007817519652,4159,3065,1400
"BWS","Cauchy",123009,10000,10,10,2.5,0.5,2,0,0.4146,0.401909262338588,0.427290737661412,0.6832,0.674081517128294,0.692318482871706,0.7929,0.78623400228188,0.79956599771812,7929,6832,4146
"BWS","Cauchy",99389,10000,10,10,2.5,1,2,0,0.2697,0.258267611293819,0.281132388706181,0.4976,0.48780011289665,0.50739988710335,0.6194,0.611412959350103,0.627387040649896,6194,4976,2697
"BWS","Cauchy",2289565,10000,10,10,5,1,1,0,0.828,0.81827867974596,0.83772132025404,0.946,0.941570053110928,0.950429946889072,0.9726,0.969914604132144,0.975285395867856,9726,9460,8280
"BWS","Cauchy",3737315,10000,10,10,5,0.5,0.5,0,0.9726,0.968394784343102,0.976805215656898,0.9956,0.994302746492624,0.996897253507376,0.9983,0.997622325883057,0.998977674116943,9983,9956,9726
"BWS","Cauchy",254390266,10000,10,10,5,2,2,0,0.4525,0.439678252730614,0.465321747269386,0.6814,0.672267703114419,0.690532296885581,0.785,0.778241972407758,0.791758027592242,7850,6814,4525
"BWS","Cauchy",377661,10000,10,10,5,0.5,2,0,0.7904,0.779915083802701,0.800884916197299,0.934,0.929133670886592,0.938866329113408,0.9684,0.965522357533049,0.971277642466951,9684,9340,7904
"BWS","Cauchy",46354002,10000,10,10,5,1,2,0,0.6524,0.640132877031633,0.664667122968366,0.8475,0.840453704590354,0.854546295409646,0.9102,0.905497026991796,0.914902973008204,9102,8475,6524
"BWS","Cauchy",238140,10000,10,10,5,0.5,1,0,0.9231,0.916236693340025,0.929963306659976,0.9828,0.980251686419296,0.985348313580704,0.9923,0.990862086501984,0.993737913498015,9923,9828,9231
"BWS","Cauchy",27821,10000,10,10,0.5,0.5,1,0,0.0559,0.0499821934874699,0.0618178065125301,0.1619,0.154680162612468,0.169119837387532,0.2529,0.245749610737311,0.260050389262689,2529,1619,559
"BWS","Cauchy",15171457,10000,10,10,1,0.5,1,0,0.1832,0.173235248841533,0.193164751158467,0.3776,0.368098178749398,0.387101821250602,0.497,0.488775148051332,0.505224851948668,4970,3776,1832
"BWS","Cauchy",27545,10000,10,10,1.5,0.5,1,0,0.356,0.343665720333704,0.368334279666296,0.6036,0.594012673673729,0.613187326326271,0.71,0.702535614241614,0.717464385758386,7100,6036,3560
"BWS","Cauchy",40453,10000,10,10,2,0.5,1,0,0.5238,0.510934599768983,0.536665400231017,0.747,0.73847927335493,0.75552072664507,0.8381,0.832040493621179,0.844159506378821,8381,7470,5238
"BWS","Cauchy",37581,10000,10,10,2.5,0.5,1,0,0.6569,0.644670580331084,0.669129419668916,0.8526,0.845651717343228,0.859548282656772,0.9125,0.907851783314068,0.917148216685932,9125,8526,6569
"BWS","Cauchy",214264834,10000,20,20,0,1,1,1,0.0107,0.00804965901805522,0.0133503409819448,0.0505,0.0462081034541825,0.0547918965458175,0.0977,0.0928158537170991,0.102584146282901,977,505,107
"BWS","Cauchy",3126826,10000,20,20,0,0.5,0.5,1,0.0162,0.012947953288365,0.019452046711635,0.0599,0.0552488910915353,0.0645511089084647,0.1038,0.0987827348983834,0.108817265101617,1038,599,162
"BWS","Cauchy",350758,10000,20,20,0,2,2,1,0.0137,0.0107055941757577,0.0166944058242423,0.0541,0.0496661875693259,0.0585338124306741,0.1018,0.09682576479769,0.10677423520231,1018,541,137
"BWS","Cauchy",4268053,10000,20,20,0.5,1,1,0,0.0561,0.0501722444971554,0.0620277555028446,0.1528,0.145748025681726,0.159851974318274,0.2361,0.229113942580684,0.243086057419316,2361,1528,561
"BWS","Cauchy",626764,10000,20,20,0.5,0.5,0.5,0,0.1987,0.188421201236241,0.208978798763759,0.3966,0.3870118442696,0.4061881557304,0.5212,0.51298239661383,0.52941760338617,5212,3966,1987
"BWS","Cauchy",77336,10000,20,20,0.5,2,2,0,0.0198,0.0162113111701213,0.0233886888298787,0.0788,0.0735192434699562,0.0840807565300438,0.1423,0.136553068013907,0.148046931986093,1423,788,198
"BWS","Cauchy",5415130,10000,20,20,0.5,0.5,2,0,0.1652,0.155633741760997,0.174766258239003,0.4525,0.442744322729815,0.462255677270185,0.6279,0.619948648016974,0.635851351983026,6279,4525,1652
"BWS","Cauchy",87007911,10000,20,20,0.5,1,2,0,0.0514,0.0457118770087221,0.0570881229912779,0.159,0.151832748710977,0.166167251289023,0.2721,0.264779073732923,0.279420926267077,2721,1590,514
"BWS","Cauchy",182045,10000,20,20,1,1,1,0,0.2082,0.197740908316963,0.218659091683037,0.4094,0.39976222658378,0.41903777341622,0.5284,0.520188278630665,0.536611721369335,5284,4094,2082
"BWS","Cauchy",55536756,10000,20,20,1,0.5,0.5,0,0.6771,0.665055014317701,0.689144985682299,0.8599,0.853097021264299,0.866702978735701,0.9167,0.912154286935059,0.921245713064941,9167,8599,6771
"BWS","Cauchy",25933,10000,20,20,1,2,2,0,0.053,0.047228897564451,0.058771102435549,0.1503,0.14329564142654,0.15730435857346,0.2314,0.224462583488135,0.238337416511865,2314,1503,530
"BWS","Cauchy",129004,10000,20,20,1,0.5,2,0,0.3224,0.310359900556913,0.334440099443087,0.619,0.609481601487645,0.628518398512355,0.7648,0.757823164221626,0.771776835778374,7648,6190,3224
"BWS","Cauchy",49160,10000,20,20,1,1,2,0,0.1295,0.120851015264576,0.138148984735424,0.316,0.306887707256678,0.325112292743322,0.4403,0.432133839743443,0.448466160256557,4403,3160,1295
"BWS","Cauchy",1634315,10000,20,20,1.5,1,1,0,0.4447,0.431899018788498,0.457500981211502,0.6785,0.669345777037891,0.687654222962109,0.783,0.7762192668997,0.7897807331003,7830,6785,4447
"BWS","Cauchy",41237,10000,20,20,1.5,0.5,0.5,0,0.9138,0.906570220226185,0.921029779773814,0.9768,0.973849450606819,0.979750549393181,0.9904,0.988795990874839,0.992004009125161,9904,9768,9138
"BWS","Cauchy",23545,10000,20,20,1.5,2,2,0,0.111,0.102907956130223,0.119092043869777,0.2592,0.250611366773601,0.267788633226399,0.3643,0.356383711856572,0.372216288143428,3643,2592,1110
"BWS","Cauchy",403136,10000,20,20,1.5,0.5,2,0,0.5248,0.511935853186748,0.537664146813252,0.7808,0.772691393063072,0.788908606936928,0.881,0.875673678990382,0.886326321009618,8810,7808,5248
"BWS","Cauchy",351108,10000,20,20,1.5,1,2,0,0.2678,0.256393142732846,0.279206857267154,0.4965,0.486700240102941,0.506299759897059,0.6285,0.62055126620968,0.63644873379032,6285,4965,2678
"BWS","Cauchy",1793609,10000,20,20,2,1,1,0,0.6784,0.666367751344867,0.690432248655133,0.8579,0.851056607582902,0.864743392417098,0.9185,0.913999256250976,0.923000743749024,9185,8579,6784
"BWS","Cauchy",2869459,10000,20,20,2,0.5,0.5,0,0.9802,0.976611311170121,0.983788688829879,0.9968,0.995693031978059,0.997906968021941,0.9991,0.998606722124989,0.999593277875011,9991,9968,9802
"BWS","Cauchy",240909,10000,20,20,2,2,2,0,0.2056,0.195189369522336,0.216010630477664,0.4042,0.394581563650073,0.413818436349927,0.527,0.518787000804974,0.535212999195026,5270,4042,2056
"BWS","Cauchy",17939,10000,20,20,2,0.5,2,0,0.7099,0.698209897713731,0.721590102286269,0.9041,0.898328700538839,0.909871299461161,0.9534,0.949932659962579,0.956867340037421,9534,9041,7099
"BWS","Cauchy",31161127,10000,20,20,2,1,2,0,0.4331,0.420335812385519,0.445864187614481,0.6714,0.662193797586062,0.680606202413938,0.7834,0.776623789135874,0.790176210864126,7834,6714,4331
"BWS","Cauchy",3021731,10000,20,20,2.5,1,1,0,0.8298,0.820119175393589,0.839480824606411,0.9446,0.9401163167491,0.9490836832509,0.9737,0.971067572848724,0.976332427151276,9737,9446,8298
"BWS","Cauchy",4979042,10000,20,20,2.5,0.5,0.5,0,0.9948,0.992947255985924,0.996652744014076,0.9994,0.998920044062022,0.999879955937978,0.9999,0.999735508225206,1.00006449177479,9999,9994,9948
"BWS","Cauchy",9656705,10000,20,20,2.5,2,2,0,0.3173,0.305310644268682,0.329289355731318,0.5447,0.534939241128601,0.554460758871399,0.6589,0.65110140232792,0.66669859767208,6589,5447,3173
"BWS","Cauchy",38835,10000,20,20,2.5,0.5,2,0,0.8363,0.826768719587366,0.845831280412634,0.9567,0.95271078074586,0.96068921925414,0.9836,0.981510717886067,0.985689282113933,9836,9567,8363
"BWS","Cauchy",55683,10000,20,20,2.5,1,2,0,0.5844,0.571704823834729,0.597095176165271,0.7984,0.790536577707486,0.806263422292514,0.8802,0.874858232352872,0.885541767647128,8802,7984,5844
"BWS","Cauchy",27285634,10000,20,20,5,1,1,0,0.9949,0.993065065094717,0.996734934905283,0.9992,0.998645850076604,0.999754149923396,0.9997,0.999415120383714,0.999984879616286,9997,9992,9949
"BWS","Cauchy",191255478,10000,20,20,5,0.5,0.5,0,1,1,1,1,1,1,1,1,1,10000,10000,10000
"BWS","Cauchy",4582662,10000,20,20,5,2,2,0,0.8309,0.821244115950999,0.840555884049001,0.9444,0.939908706295242,0.948891293704758,0.9724,0.969705098361795,0.975094901638205,9724,9444,8309
"BWS","Cauchy",107367,10000,20,20,5,0.5,2,0,0.9929,0.990737143089989,0.995062856910011,0.9994,0.998920044062022,0.999879955937978,0.9998,0.999567385133966,1.00003261486603,9998,9994,9929
"BWS","Cauchy",14067992,10000,20,20,5,1,2,0,0.9625,0.95760602370255,0.96739397629745,0.9933,0.991701054391919,0.99489894560808,0.998,0.997265069669969,0.998734930330031,9980,9933,9625
"BWS","Cauchy",84270653,10000,20,20,5,0.5,1,0,0.9996,0.999084903050306,1.00011509694969,0.9999,0.999704009800245,1.00009599019976,1,1,1,10000,9999,9996
"BWS","Cauchy",144041,10000,20,20,0.5,0.5,1,0,0.1229,0.114442415303245,0.131357584696755,0.2973,0.28834143389411,0.30625856610589,0.4205,0.412379633656701,0.428620366343298,4205,2973,1229
"BWS","Cauchy",4993477,10000,20,20,1,0.5,1,0,0.4247,0.411966899227367,0.437433100772633,0.6636,0.65433943992156,0.67286056007844,0.7743,0.767423201304039,0.781176798695961,7743,6636,4247
"BWS","Cauchy",66452,10000,20,20,1.5,0.5,1,0,0.7391,0.72778812755264,0.75041187244736,0.8992,0.893299151201937,0.905100848798063,0.9451,0.941352937335862,0.948847062664138,9451,8992,7391
"BWS","Cauchy",70154889,10000,20,20,2,0.5,1,0,0.8917,0.883694850069915,0.899705149930085,0.9718,0.968555340911344,0.975044659088656,0.987,0.985136642632907,0.988863357367093,9870,9718,8917
"BWS","Cauchy",2111839,10000,20,20,2.5,0.5,1,0,0.9599,0.954846048838441,0.964953951161559,0.9932,0.991589247243802,0.994810752756198,0.9981,0.997383642634591,0.998816357365409,9981,9932,9599
"BWS","Cauchy",204570,10000,100,100,0,1,1,1,0.0114,0.00866530694682127,0.0141346930531787,0.0527,0.0483206954577696,0.0570793045422304,0.1028,0.0978041764366223,0.107795823563378,1028,527,114
"BWS","Cauchy",21788,10000,100,100,0,0.5,0.5,1,0.0129,0.00999315891531993,0.0158068410846801,0.0547,0.0502430828249114,0.0591569171750886,0.1034,0.0983912940159059,0.108408705984094,1034,547,129
"BWS","Cauchy",324311077,10000,100,100,0,2,2,1,0.0104,0.00778668132697445,0.0130133186730255,0.0521,0.0477443177050662,0.0564556822949338,0.1022,0.0972171117126811,0.107182888287319,1022,521,104
"BWS","Cauchy",709079,10000,100,100,0.5,1,1,0,0.2709,0.259451623320813,0.282348376679187,0.5144,0.504604065099114,0.524195934900886,0.6381,0.630194951002367,0.646005048997633,6381,5144,2709
"BWS","Cauchy",4775753,10000,100,100,0.5,0.5,0.5,0,0.9117,0.90439109717356,0.91900890282644,0.9774,0.974486959931892,0.980313040068108,0.9899,0.988255165330808,0.991544834669192,9899,9774,9117
"BWS","Cauchy",179228132,10000,100,100,0.5,2,2,0,0.0576,0.0515982936974704,0.0636017063025296,0.1698,0.162441042769957,0.177158957230043,0.2681,0.260813144073747,0.275386855926253,2681,1698,576
"BWS","Cauchy",2363241,10000,100,100,0.5,0.5,2,0,0.994,0.992010634069257,0.995989365930743,0.9997,0.99936056896783,1.00003943103217,1,1,1,10000,9997,9940
"BWS","Cauchy",343462642,10000,100,100,0.5,1,2,0,0.412,0.399321054654838,0.424678945345162,0.7342,0.725541538110172,0.742858461889828,0.8598,0.854088651916062,0.865511348083938,8598,7342,4120
"BWS","Cauchy",55849869,10000,100,100,1,1,1,0,0.9089,0.901487527436388,0.916312472563612,0.9751,0.972045920603782,0.978154079396217,0.9893,0.987607526818595,0.990992473181405,9893,9751,9089
"BWS","Cauchy",19533637,10000,100,100,1,0.5,0.5,0,1,1,1,1,1,1,1,1,1,10000,10000,10000
"BWS","Cauchy",4378980,10000,100,100,1,2,2,0,0.2877,0.276038692116538,0.299361307883462,0.5166,0.506805402465114,0.526394597534886,0.6391,0.631199696927207,0.647000303072793,6391,5166,2877
"BWS","Cauchy",2129363,10000,100,100,1,0.5,2,0,0.9993,0.998618693044967,0.999981306955033,1,1,1,1,1,1,10000,10000,9993
"BWS","Cauchy",275778,10000,100,100,1,1,2,0,0.8089,0.798772001696569,0.819027998303431,0.955,0.950936839161441,0.959063160838559,0.9816,0.979389237503123,0.983810762496877,9816,9550,8089
"BWS","Cauchy",23983,10000,100,100,1.5,1,1,0,0.9995,0.998924132909779,1.00007586709022,1,1,1,1,1,1,10000,10000,9995
"BWS","Cauchy",27842,10000,100,100,1.5,0.5,0.5,0,1,1,1,1,1,1,1,1,1,10000,10000,10000
"BWS","Cauchy",105451112,10000,100,100,1.5,2,2,0,0.6486,0.636301979591011,0.660898020408989,0.8446,0.837499202671925,0.851700797328075,0.915,0.910412396111531,0.919587603888469,9150,8446,6486
"BWS","Cauchy",321793,10000,100,100,1.5,0.5,2,0,1,1,1,1,1,1,1,1,1,10000,10000,10000
"BWS","Cauchy",34677462,10000,100,100,1.5,1,2,0,0.9798,0.976175982710293,0.983424017289707,0.9977,0.996761098624136,0.998638901375864,0.9992,0.998734909885721,0.999665090114279,9992,9977,9798
"BWS","Cauchy",58811570,10000,100,100,2,1,1,0,1,1,1,1,1,1,1,1,1,10000,10000,10000
"BWS","Cauchy",23704,10000,100,100,2,0.5,0.5,0,1,1,1,1,1,1,1,1,1,10000,10000,10000
"BWS","Cauchy",668489,10000,100,100,2,2,2,0,0.9078,0.900347424088624,0.915252575911376,0.9782,0.975337812060398,0.981062187939601,0.9916,0.990098678153226,0.993101321846774,9916,9782,9078
"BWS","Cauchy",69008556,10000,100,100,2,0.5,2,0,1,1,1,1,1,1,1,1,1,10000,10000,10000
"BWS","Cauchy",79993857,10000,100,100,2,1,2,0,0.9987,0.997771813901281,0.99962818609872,1,1,1,1,1,1,10000,10000,9987
"BWS","Cauchy",20318,10000,100,100,2.5,1,1,0,1,1,1,1,1,1,1,1,1,10000,10000,10000
"BWS","Cauchy",31935860,10000,100,100,2.5,0.5,0.5,0,1,1,1,1,1,1,1,1,1,10000,10000,10000
"BWS","Cauchy",37747,10000,100,100,2.5,2,2,0,0.9881,0.98530668580069,0.990893314199309,0.9984,0.997616627451081,0.999183372548919,0.9998,0.999567385133966,1.00003261486603,9998,9984,9881
"BWS","Cauchy",2703001,10000,100,100,2.5,0.5,2,0,1,1,1,1,1,1,1,1,1,10000,10000,10000
"BWS","Cauchy",2777443,10000,100,100,2.5,1,2,0,1,1,1,1,1,1,1,1,1,10000,10000,10000
"BWS","Cauchy",23060696,10000,100,100,5,1,1,0,1,1,1,1,1,1,1,1,1,10000,10000,10000
"BWS","Cauchy",510505,10000,100,100,5,0.5,0.5,0,1,1,1,1,1,1,1,1,1,10000,10000,10000
"BWS","Cauchy",857649,10000,100,100,5,2,2,0,1,1,1,1,1,1,1,1,1,10000,10000,10000
"BWS","Cauchy",52701296,10000,100,100,5,0.5,2,0,1,1,1,1,1,1,1,1,1,10000,10000,10000
"BWS","Cauchy",71737,10000,100,100,5,1,2,0,1,1,1,1,1,1,1,1,1,10000,10000,10000
"BWS","Cauchy",11017668,10000,100,100,5,0.5,1,0,1,1,1,1,1,1,1,1,1,10000,10000,10000
"BWS","Cauchy",309065603,10000,100,100,0.5,0.5,1,0,0.7999,0.789594068503031,0.810205931496969,0.9495,0.945208103454182,0.953791896545818,0.9786,0.976219460485709,0.980980539514291,9786,9495,7999
"BWS","Cauchy",11583641,10000,100,100,1,0.5,1,0,0.9991,0.998327547838281,0.999872452161719,0.9999,0.999704009800245,1.00009599019976,1,1,1,10000,9999,9991
"BWS","Cauchy",7077382,10000,100,100,1.5,0.5,1,0,1,1,1,1,1,1,1,1,1,10000,10000,10000
"BWS","Cauchy",1235243,10000,100,100,2,0.5,1,0,1,1,1,1,1,1,1,1,1,10000,10000,10000
"BWS","Cauchy",2408245,10000,100,100,2.5,0.5,1,0,1,1,1,1,1,1,1,1,1,10000,10000,10000
"BWS","Cauchy",2388429,10000,10,100,0,1,1,1,0.013,0.0100820616549351,0.0159179383450649,0.0545,0.0500507676212632,0.0589492323787368,0.1072,0.102110907019281,0.112289092980719,1072,545,130
"BWS","Cauchy",14877248,10000,10,100,0,0.5,0.5,1,0.0122,0.00937212450238417,0.0150278754976158,0.0585,0.0539001447370597,0.0630998552629403,0.1097,0.104559120755087,0.114840879244913,1097,585,122
"BWS","Cauchy",1931140,10000,10,100,0,2,2,1,0.0125,0.00963800139762438,0.0153619986023756,0.0581,0.053514924028721,0.062685075971279,0.1094,0.104265290138372,0.114534709861628,1094,581,125
"BWS","Cauchy",12061348,10000,10,100,0.5,1,1,0,0.0696,0.0630448093167945,0.0761551906832055,0.1825,0.174929381068895,0.190070618931105,0.2732,0.265869835700313,0.280530164299687,2732,1825,696
"BWS","Cauchy",84208049,10000,10,100,0.5,0.5,0.5,0,0.2269,0.216111006206468,0.237688993793532,0.4416,0.431867076530127,0.451332923469873,0.5626,0.554439718218891,0.570760281781109,5626,4416,2269
"BWS","Cauchy",12874580,10000,10,100,0.5,2,2,0,0.0283,0.0240282563962784,0.0325717436037216,0.0951,0.08935028095309,0.10084971904691,0.1625,0.156431449185813,0.168568550814187,1625,951,283
"BWS","Cauchy",40266,10000,10,100,0.5,0.5,2,0,0.0973,0.0896656160102274,0.104934383989773,0.3819,0.372377296279816,0.391422703720184,0.5592,0.551032854803887,0.567367145196114,5592,3819,973
"BWS","Cauchy",168014245,10000,10,100,0.5,1,2,0,0.0358,0.0310140193810739,0.0405859806189261,0.151,0.143982241964844,0.158017758035156,0.2547,0.247532859216133,0.261867140783867,2547,1510,358
"BWS","Cauchy",111453,10000,10,100,1,1,1,0,0.2367,0.225750542081074,0.247649457918926,0.4415,0.431767307235919,0.451232692764081,0.564,0.555842657469494,0.572157342530506,5640,4415,2367
"BWS","Cauchy",130149,10000,10,100,1,0.5,0.5,0,0.6937,0.681825776903011,0.705574223096988,0.8664,0.859731647915234,0.873068352084766,0.9228,0.918409354785866,0.927190645214134,9228,8664,6937
"BWS","Cauchy",6957997,10000,10,100,1,2,2,0,0.0668,0.0603683640362521,0.0732316359637479,0.1821,0.174535832306565,0.189664167693435,0.2677,0.260416592568188,0.274983407431812,2677,1821,668
"BWS","Cauchy",19269422,10000,10,100,1,0.5,2,0,0.2871,0.275445953079055,0.298754046920945,0.603,0.593410190483644,0.612589809516356,0.7401,0.732885366996584,0.747314633003416,7401,6030,2871
"BWS","Cauchy",1226760,10000,10,100,1,1,2,0,0.1196,0.111241055042819,0.127958944957181,0.314,0.304903319251507,0.323096680748493,0.4496,0.441416892316876,0.457783107683124,4496,3140,1196
"BWS","Cauchy",54019,10000,10,100,1.5,1,1,0,0.4743,0.461437025474993,0.487162974525007,0.7022,0.693237094228678,0.711162905771322,0.7969,0.790282060731619,0.803517939268381,7969,7022,4743
"BWS","Cauchy",245082,10000,10,100,1.5,0.5,0.5,0,0.9128,0.905532384928877,0.920067615071123,0.9791,0.976296227707106,0.981903772292894,0.9917,0.990207566100702,0.993192433899298,9917,9791,9128
"BWS","Cauchy",105024,10000,10,100,1.5,2,2,0,0.1373,0.128434340932288,0.146165659067712,0.3043,0.295281837654954,0.313318162345046,0.4166,0.408490226077436,0.424709773922564,4166,3043,1373
"BWS","Cauchy",17308171,10000,10,100,1.5,0.5,2,0,0.5138,0.500924906669004,0.526675093330996,0.7806,0.772488733764547,0.788711266235453,0.8736,0.868133671187936,0.879066328812064,8736,7806,5138
"BWS","Cauchy",375331,10000,10,100,1.5,1,2,0,0.2692,0.257774304235035,0.280625695764965,0.5207,0.510908402005719,0.530491597994281,0.6491,0.641249209451464,0.656950790548536,6491,5207,2692
"BWS","Cauchy",78178,10000,10,100,2,1,1,0,0.6889,0.67697457249622,0.70082542750378,0.8662,0.859527428782725,0.872872571217274,0.924,0.919640781037846,0.928359218962154,9240,8662,6889
"BWS","Cauchy",6432542,10000,10,100,2,0.5,0.5,0,0.977,0.973138490936227,0.980861509063773,0.997,0.995928075301152,0.998071924698848,0.9988,0.998230497293773,0.999369502706227,9988,9970,9770
"BWS","Cauchy",2861026,10000,10,100,2,2,2,0,0.2442,0.233133198194169,0.255266801805831,0.4406,0.430869401599984,0.450330598400016,0.5661,0.55794719030941,0.57425280969059,5661,4406,2442
"BWS","Cauchy",98186426,10000,10,100,2,0.5,2,0,0.7105,0.698817058989724,0.722182941010276,0.8998,0.893914776959741,0.905685223040259,0.9497,0.946104633944815,0.953295366055185,9497,8998,7105
"BWS","Cauchy",22699,10000,10,100,2,1,2,0,0.4443,0.431500169644414,0.457099830355586,0.6949,0.685875184522751,0.703924815477249,0.7944,0.787751907167796,0.801048092832204,7944,6949,4443
"BWS","Cauchy",1457213,10000,10,100,2.5,1,1,0,0.8309,0.821244115950999,0.840555884049001,0.9432,0.938663382797546,0.947736617202454,0.9723,0.969600359531757,0.974999640468243,9723,9432,8309
"BWS","Cauchy",12087523,10000,10,100,2.5,0.5,0.5,0,0.9938,0.991777953215908,0.995822046784092,0.9996,0.999208078407842,0.999991921592158,0.9997,0.999415120383714,0.999984879616286,9997,9996,9938
"BWS","Cauchy",7393249,10000,10,100,2.5,2,2,0,0.3526,0.340292400366301,0.364907599633699,0.5778,0.568119362573384,0.587480637426616,0.6903,0.682694015401621,0.697905984598379,6903,5778,3526
"BWS","Cauchy",4301673,10000,10,100,2.5,0.5,2,0,0.8394,0.829941917202051,0.848858082797949,0.9552,0.951145453969481,0.959254546030519,0.9802,0.977908310122224,0.982491689877776,9802,9552,8394
"BWS","Cauchy",44551,10000,10,100,2.5,1,2,0,0.6127,0.600151449945715,0.625248550054285,0.8256,0.818162719629972,0.833037280370028,0.8977,0.892714952145388,0.902685047854612,8977,8256,6127
"BWS","Cauchy",320600891,10000,10,100,5,1,1,0,0.9933,0.99119852862938,0.99540147137062,0.999,0.998380503559332,0.999619496440668,0.9999,0.999735508225206,1.00006449177479,9999,9990,9933
"BWS","Cauchy",3468228,10000,10,100,5,0.5,0.5,0,0.9999,0.999642412880322,1.00015758711968,1,1,1,1,1,1,10000,10000,9999
"BWS","Cauchy",3047099,10000,10,100,5,2,2,0,0.8361,0.826564039418081,0.845635960581918,0.9453,0.940843082824911,0.949756917175089,0.9734,0.970753009445597,0.976046990554403,9734,9453,8361
"BWS","Cauchy",949017,10000,10,100,5,0.5,2,0,0.9924,0.990162845218179,0.994637154781821,0.9987,0.997993771446627,0.999406228553373,0.9997,0.999415120383714,0.999984879616286,9997,9987,9924
"BWS","Cauchy",241523,10000,10,100,5,1,2,0,0.9622,0.957287252595338,0.967112747404662,0.9929,0.991254348003252,0.994545651996748,0.9981,0.997383642634591,0.998816357365409,9981,9929,9622
"BWS","Cauchy",3104273,10000,10,100,5,0.5,1,0,0.9995,0.998924132909779,1.00007586709022,1,1,1,1,1,1,10000,10000,9995
"BWS","Cauchy",2585652,10000,10,100,0.5,0.5,1,0,0.1209,0.112501955933639,0.129298044066361,0.3156,0.306490814019771,0.324709185980229,0.4485,0.440318745846793,0.456681254153207,4485,3156,1209
"BWS","Cauchy",107028728,10000,10,100,1,0.5,1,0,0.4489,0.43608744133535,0.46171255866465,0.696,0.686984340876009,0.705015659123991,0.8035,0.796963577441033,0.810036422558967,8035,6960,4489
"BWS","Cauchy",40250392,10000,10,100,1.5,0.5,1,0,0.7408,0.729512082045305,0.752087917954695,0.8991,0.893196553207625,0.905003446792375,0.9452,0.941456153466233,0.948943846533767,9452,8991,7408
"BWS","Cauchy",346901670,10000,10,100,2,0.5,1,0,0.8867,0.878535132002149,0.894864867997851,0.9677,0.96423480480873,0.97116519519127,0.9852,0.983213635424098,0.987186364575902,9852,9677,8867
"BWS","Cauchy",71233787,10000,10,100,2.5,0.5,1,0,0.9597,0.954633988991759,0.964766011008241,0.9936,0.992037025653953,0.995162974346047,0.9974,0.996562302425036,0.998237697574964,9974,9936,9597
