"method","distribution","seed","N","n1","n2","delta","scale1","scale2","null","power0.01","l_CI","u_CI","power0.05","l_CI","u_CI","power0.10","l_CI","u_CI","ct_0.10","ct_0.05","ct_0.01"
"Yuen","Cauchy",14272201,10000,10,10,0,1,1,1,0.0036,0.00205718458838914,0.00514281541161086,0.0294,0.0260890709064675,0.0327109290935325,0.0724,0.0681369978137937,0.0766630021862063,724,294,36
"Yuen","Cauchy",77247071,10000,10,10,0,0.5,0.5,1,0.004,0.00237405622532635,0.00562594377467365,0.03,0.0266564904665905,0.0333435095334095,0.0713,0.0670669988156422,0.0755330011843579,713,300,40
"Yuen","Cauchy",317328,10000,10,10,0,2,2,1,0.0044,0.00269503824744835,0.00610496175255165,0.0294,0.0260890709064675,0.0327109290935325,0.0725,0.0682342847189041,0.0767657152810959,725,294,44
"Yuen","Cauchy",361354,10000,10,10,0.5,1,1,0,0.0114,0.00866530694682127,0.0141346930531787,0.0661,0.0612302463833989,0.0709697536166012,0.1324,0.126824681702396,0.137975318297604,1324,661,114
"Yuen","Cauchy",327580,10000,10,10,0.5,0.5,0.5,0,0.0538,0.0479879616887484,0.0596120383112516,0.1863,0.178668768001849,0.193931231998151,0.3005,0.292958078636755,0.308041921363245,3005,1863,538
"Yuen","Cauchy",298359,10000,10,10,0.5,2,2,0,0.0054,0.00351215225264748,0.00728784774735252,0.0428,0.0388328437961683,0.0467671562038317,0.0904,0.0856828971737305,0.0951171028262695,904,428,54
"Yuen","Cauchy",244582497,10000,10,10,0.5,0.5,2,0,0.0104,0.00778668132697445,0.0130133186730255,0.0557,0.0512049071820929,0.0601950928179071,0.1127,0.107498086801688,0.117901913198312,1127,557,104
"Yuen","Cauchy",192808,10000,10,10,0.5,1,2,0,0.0081,0.00579100861117587,0.0104089913888241,0.0463,0.0421813730383051,0.0504186269616949,0.0983,0.0934025084421946,0.103197491557805,983,463,81
"Yuen","Cauchy",58385548,10000,10,10,1,1,1,0,0.0533,0.0475135040731081,0.0590864959268919,0.1904,0.182704713506672,0.198095286493328,0.3044,0.296830485713363,0.311969514286637,3044,1904,533
"Yuen","Cauchy",41077690,10000,10,10,1,0.5,0.5,0,0.2821,0.270507439304227,0.293692560695773,0.5466,0.536842655406803,0.556357344593197,0.6706,0.662868576300376,0.678331423699624,6706,5466,2821
"Yuen","Cauchy",33061106,10000,10,10,1,2,2,0,0.0139,0.0108841222153569,0.0169158777846431,0.0714,0.0663531602277861,0.0764468397722139,0.1369,0.131245448229083,0.142554551770916,1369,714,139
"Yuen","Cauchy",5596496,10000,10,10,1,0.5,2,0,0.0265,0.0223625117486088,0.0306374882513912,0.1124,0.106209184322046,0.118590815677954,0.1995,0.192926176789769,0.206073823210231,1995,1124,265
"Yuen","Cauchy",817632,10000,10,10,1,1,2,0,0.0232,0.019322135083248,0.027077864916752,0.0947,0.0889611176571043,0.100438882342896,0.1744,0.168157996832298,0.180642003167702,1744,947,232
"Yuen","Cauchy",98270712,10000,10,10,1.5,1,1,0,0.1455,0.13641691478001,0.15458308521999,0.3624,0.35297840741921,0.37182159258079,0.502,0.493775065800263,0.510224934199737,5020,3624,1455
"Yuen","Cauchy",741180,10000,10,10,1.5,0.5,0.5,0,0.5835,0.570800875184549,0.596199124815451,0.7965,0.788609015901676,0.804390984098324,0.8689,0.863347965620065,0.874452034379935,8689,7965,5835
"Yuen","Cauchy",73952297,10000,10,10,1.5,2,2,0,0.0255,0.0214392442248271,0.0295607557751729,0.1159,0.109625942643679,0.122174057356321,0.2089,0.20221269987768,0.21558730012232,2089,1159,255
"Yuen","Cauchy",645498,10000,10,10,1.5,0.5,2,0,0.071,0.064384192043416,0.077615807956584,0.2125,0.204482096595743,0.220517903404257,0.3291,0.321370369401001,0.336829630598999,3291,2125,710
"Yuen","Cauchy",27540039,10000,10,10,1.5,1,2,0,0.0498,0.0441963881746773,0.0554036118253227,0.1801,0.172568293792347,0.187631706207653,0.292,0.284520476055256,0.299479523944744,2920,1801,498
"Yuen","Cauchy",2615625,10000,10,10,2,1,1,0,0.2725,0.261030470286886,0.283969529713114,0.5385,0.528729095290609,0.548270904709391,0.6613,0.653514746436899,0.669085253563101,6613,5385,2725
"Yuen","Cauchy",148766,10000,10,10,2,0.5,0.5,0,0.7548,0.743717900698329,0.765882099301671,0.8994,0.893504352579877,0.905295647420123,0.9388,0.93485698750035,0.94274301249965,9388,8994,7548
"Yuen","Cauchy",73542,10000,10,10,2,2,2,0,0.0484,0.0428716471261917,0.0539283528738083,0.1852,0.177586189338209,0.192813810661791,0.304,0.296433286092365,0.311566713907635,3040,1852,484
"Yuen","Cauchy",154283625,10000,10,10,2,0.5,2,0,0.1322,0.12347487999067,0.14092512000933,0.3463,0.336974512170959,0.355625487829041,0.4794,0.471181983686856,0.487618016313144,4794,3463,1322
"Yuen","Cauchy",1254068,10000,10,10,2,1,2,0,0.1084,0.100391604190817,0.116408395809183,0.2901,0.2812053569561,0.2989946430439,0.419,0.410883646015759,0.427116353984241,4190,2901,1084
"Yuen","Cauchy",33319,10000,10,10,2.5,1,1,0,0.4351,0.422328962277363,0.447871037722637,0.6887,0.679624706626803,0.697775293373197,0.7905,0.783805643244166,0.797194356755834,7905,6887,4351
"Yuen","Cauchy",3723240,10000,10,10,2.5,0.5,0.5,0,0.8667,0.857944210104215,0.875455789895785,0.9496,0.945312129184036,0.953887870815964,0.9705,0.96771660604219,0.97328339395781,9705,9496,8667
"Yuen","Cauchy",59412,10000,10,10,2.5,2,2,0,0.0906,0.0832058640307833,0.0979941359692167,0.2738,0.265060211649611,0.282539788350389,0.4004,0.392339838407104,0.408460161592896,4004,2738,906
"Yuen","Cauchy",144388401,10000,10,10,2.5,0.5,2,0,0.2204,0.209722057718362,0.231077942281638,0.4658,0.456022951820841,0.475577048179159,0.6091,0.601073188998302,0.617126811001698,6091,4658,2204
"Yuen","Cauchy",280810353,10000,10,10,2.5,1,2,0,0.1785,0.168635643649259,0.188364356350741,0.4123,0.402651926926396,0.421948073073604,0.5431,0.534905614660637,0.551294385339363,5431,4123,1785
"Yuen","Cauchy",31520020,10000,10,10,5,1,1,0,0.8673,0.858560914400002,0.876039085599998,0.9523,0.948122637603272,0.956477362396728,0.9726,0.969914604132144,0.975285395867856,9726,9523,8673
"Yuen","Cauchy",880996,10000,10,10,5,0.5,0.5,0,0.9825,0.979122221534795,0.985877778465205,0.9942,0.992711643571721,0.995688356428279,0.9963,0.99530123841595,0.99729876158405,9963,9942,9825
"Yuen","Cauchy",11182071,10000,10,10,5,2,2,0,0.4337,0.420933735135935,0.446466264864065,0.6827,0.673577664117475,0.691822335882525,0.7901,0.78340095103026,0.79679904896974,7901,6827,4337
"Yuen","Cauchy",1142577,10000,10,10,5,0.5,2,0,0.6387,0.626325481834016,0.651074518165984,0.8373,0.830065801963341,0.844534198036659,0.8998,0.894860616376925,0.904739383623075,8998,8373,6387
"Yuen","Cauchy",42121441,10000,10,10,5,1,2,0,0.6026,0.589994085599869,0.615205914400131,0.8123,0.804646740587593,0.819953259412407,0.8787,0.873329476566314,0.884070523433686,8787,8123,6026
"Yuen","Cauchy",2590425,10000,10,10,5,0.5,1,0,0.9247,0.917902585155663,0.931497414844337,0.9716,0.968344190437019,0.974855809562981,0.9837,0.981616991509433,0.985783008490567,9837,9716,9247
"Yuen","Cauchy",65753362,10000,10,10,0.5,0.5,1,0,0.0225,0.0186797173088893,0.0263202826911107,0.0985,0.0926594055405293,0.104340594459471,0.1791,0.172792477287241,0.185407522712759,1791,985,225
"Yuen","Cauchy",33422085,10000,10,10,1,0.5,1,0,0.1039,0.096039831229757,0.111760168770243,0.2947,0.285764207380115,0.303635792619885,0.4237,0.415571330912642,0.431828669087358,4237,2947,1039
"Yuen","Cauchy",11835581,10000,10,10,1.5,0.5,1,0,0.2579,0.24663054936379,0.26916945063621,0.5266,0.516813878002477,0.536386121997523,0.6497,0.641852299787787,0.657547700212214,6497,5266,2579
"Yuen","Cauchy",388659,10000,10,10,2,0.5,1,0,0.4393,0.426515264767365,0.452084735232635,0.6918,0.682749706420143,0.700850293579857,0.794,0.787347118871496,0.800652881128504,7940,6918,4393
"Yuen","Cauchy",103007031,10000,10,10,2.5,0.5,1,0,0.6001,0.587480754942857,0.612719245057143,0.8127,0.805053017612574,0.820346982387426,0.8818,0.876489203164505,0.887110796835495,8818,8127,6001
"Yuen","Cauchy",701268,10000,20,20,0,1,1,1,0.0048,0.00301958329256997,0.00658041670743003,0.0359,0.0322535997544976,0.0395464002455024,0.0858,0.0811928733128011,0.0904071266871989,858,359,48
"Yuen","Cauchy",1817881,10000,20,20,0,0.5,0.5,1,0.0048,0.00301958329256997,0.00658041670743003,0.0331,0.0295936049192368,0.0366063950807631,0.0816,0.0770967410670049,0.0861032589329951,816,331,48
"Yuen","Cauchy",410403,10000,20,20,0,2,2,1,0.0048,0.00301958329256997,0.00658041670743003,0.0379,0.0341572933945606,0.0416427066054394,0.0844,0.0798271177605803,0.0889728822394197,844,379,48
"Yuen","Cauchy",2390730,10000,20,20,0.5,1,1,0,0.0304,0.0259773868397537,0.0348226131602463,0.1294,0.122821414235385,0.135978585764615,0.2187,0.21190015198245,0.22549984801755,2187,1294,304
"Yuen","Cauchy",285596,10000,20,20,0.5,0.5,0.5,0,0.1794,0.169516225363068,0.189283774636932,0.4002,0.390597200875078,0.409802799124922,0.5286,0.520388466466055,0.536811533533945,5286,4002,1794
"Yuen","Cauchy",257729,10000,20,20,0.5,2,2,0,0.0106,0.00796193954184822,0.0132380604581518,0.0576,0.0530334843350318,0.0621665156649682,0.1149,0.109654074882447,0.120145925117553,1149,576,106
"Yuen","Cauchy",308271,10000,20,20,0.5,0.5,2,0,0.0178,0.014393912309817,0.021206087690183,0.0766,0.0713872680722677,0.0818127319277323,0.1511,0.145208492956299,0.156991507043701,1511,766,178
"Yuen","Cauchy",12713648,10000,20,20,0.5,1,2,0,0.0149,0.0117791050358873,0.0180208949641127,0.0716,0.0665466410467492,0.0766533589532508,0.1426,0.136848019505675,0.148351980494325,1426,716,149
"Yuen","Cauchy",54900,10000,20,20,1,1,1,0,0.1789,0.169027001863633,0.188772998136367,0.3951,0.385518105640407,0.404681894359593,0.5266,0.518386647609222,0.534813352390778,5266,3951,1789
"Yuen","Cauchy",297807,10000,20,20,1,0.5,0.5,0,0.6952,0.683342088035236,0.707057911964764,0.8645,0.857791765779283,0.871208234220717,0.9155,0.910924659384333,0.920075340615667,9155,8645,6952
"Yuen","Cauchy",23586563,10000,20,20,1,2,2,0,0.0324,0.0278389346618773,0.0369610653381227,0.1278,0.121256207201813,0.134343792798187,0.2168,0.210021526842245,0.223578473157755,2168,1278,324
"Yuen","Cauchy",3193458,10000,20,20,1,0.5,2,0,0.0737,0.0669693743748552,0.0804306256251448,0.2153,0.207243806060825,0.223356193939175,0.3298,0.322066191044776,0.337533808955224,3298,2153,737
"Yuen","Cauchy",6647069,10000,20,20,1,1,2,0,0.0587,0.052644793775646,0.064755206224354,0.1886,0.180932665380564,0.196267334619436,0.2958,0.288292194769981,0.303307805230019,2958,1886,587
"Yuen","Cauchy",4049368,10000,20,20,1.5,1,1,0,0.4379,0.425119727205275,0.450680272794725,0.6806,0.671461613974974,0.689738386025026,0.7821,0.775309126190027,0.788890873809973,7821,6806,4379
"Yuen","Cauchy",1108421,10000,20,20,1.5,0.5,0.5,0,0.9312,0.924679790331204,0.937720209668796,0.9765,0.973530891103378,0.979469108896622,0.9868,0.984922554069913,0.988677445930087,9868,9765,9312
"Yuen","Cauchy",237695,10000,20,20,1.5,2,2,0,0.0878,0.080509821693949,0.095090178306051,0.2506,0.242106172258493,0.259093827741507,0.3718,0.363849955473842,0.379750044526158,3718,2506,878
"Yuen","Cauchy",2488638,10000,20,20,1.5,0.5,2,0,0.1931,0.182931735064109,0.203268264935891,0.4257,0.416008805617387,0.435391194382614,0.5586,0.550431683965523,0.566768316034477,5586,4257,1931
"Yuen","Cauchy",25661,10000,20,20,1.5,1,2,0,0.1622,0.15270398347653,0.17169601652347,0.383,0.373472081352153,0.392527918647847,0.5107,0.502476883576175,0.518923116423825,5107,3830,1622
"Yuen","Cauchy",349239057,10000,20,20,2,1,1,0,0.6971,0.685262962138762,0.708937037861238,0.8654,0.858710601834664,0.872089398165336,0.9181,0.913589207529161,0.922610792470839,9181,8654,6971
"Yuen","Cauchy",10185305,10000,20,20,2,0.5,0.5,0,0.9836,0.980328273115203,0.986871726884797,0.996,0.994762868867096,0.997237131132904,0.9982,0.997502714012833,0.998897285987167,9982,9960,9836
"Yuen","Cauchy",286740,10000,20,20,2,2,2,0,0.1758,0.165994458114804,0.185605541885196,0.3995,0.389900005835418,0.409099994164582,0.5303,0.522090116471546,0.538509883528454,5303,3995,1758
"Yuen","Cauchy",3122874,10000,20,20,2,0.5,2,0,0.379,0.366502841908722,0.391497158091278,0.6257,0.61621474387475,0.63518525612525,0.7389,0.731674595396037,0.746125404603963,7389,6257,3790
"Yuen","Cauchy",236624,10000,20,20,2,1,2,0,0.3176,0.30560761356082,0.32959238643918,0.57,0.560296515265122,0.579703484734877,0.6851,0.677459369172707,0.692740630827293,6851,5700,3176
"Yuen","Cauchy",1193404,10000,20,20,2.5,1,1,0,0.856,0.846955928500592,0.865044071499408,0.944,0.9394935341741,0.948506465825899,0.9672,0.964270044879798,0.970129955120202,9672,9440,8560
"Yuen","Cauchy",75155558,10000,20,20,2.5,0.5,0.5,0,0.9946,0.992712152252648,0.996487847747353,0.9979,0.997002758753512,0.998797241246488,0.999,0.998480065487297,0.999519934512703,9990,9979,9946
"Yuen","Cauchy",60918311,10000,20,20,2.5,2,2,0,0.2981,0.286316766933101,0.309883233066899,0.5446,0.534839065398518,0.554360934601482,0.667,0.659247336465608,0.674752663534393,6670,5446,2981
"Yuen","Cauchy",139130,10000,20,20,2.5,0.5,2,0,0.5567,0.543903083535104,0.569496916464896,0.7832,0.775123521343952,0.791276478656048,0.8609,0.855207463536175,0.866592536463825,8609,7832,5567
"Yuen","Cauchy",1236986,10000,20,20,2.5,1,2,0,0.4838,0.470926762229546,0.496673237770454,0.7215,0.71271408820668,0.73028591179332,0.814,0.807599195291996,0.820400804708003,8140,7215,4838
"Yuen","Cauchy",2530455,10000,20,20,5,1,1,0,0.9933,0.99119852862938,0.99540147137062,0.9979,0.997002758753512,0.998797241246488,0.9987,0.998107272464133,0.999292727535867,9987,9979,9933
"Yuen","Cauchy",22946808,10000,20,20,5,0.5,0.5,0,0.9999,0.999642412880322,1.00015758711968,0.9999,0.999704009800245,1.00009599019976,1,1,1,10000,9999,9999
"Yuen","Cauchy",95474781,10000,20,20,5,2,2,0,0.8514,0.842237329137206,0.860562670862795,0.9424,0.937833484335032,0.946966515664968,0.9689,0.966044477577399,0.971755522422601,9689,9424,8514
"Yuen","Cauchy",569062,10000,20,20,5,0.5,2,0,0.9504,0.944807063214054,0.955992936785946,0.9835,0.981003191549197,0.985996808450803,0.9919,0.990425508216376,0.993374491783624,9919,9835,9504
"Yuen","Cauchy",98197631,10000,20,20,5,1,2,0,0.9341,0.927708758148611,0.940491241851389,0.9755,0.972469929380361,0.978530070619639,0.9857,0.983746981760255,0.987653018239745,9857,9755,9341
"Yuen","Cauchy",13432391,10000,20,20,5,0.5,1,0,0.998,0.996849130376802,0.999150869623198,0.9995,0.99906184025744,0.99993815974256,0.9997,0.999415120383714,0.999984879616286,9997,9995,9980
"Yuen","Cauchy",54652,10000,20,20,0.5,0.5,1,0,0.0592,0.0531206749289139,0.0652793250710861,0.1899,0.182212451480582,0.197587548519418,0.2993,0.291766699016714,0.306833300983286,2993,1899,592
"Yuen","Cauchy",4957180,10000,20,20,1,0.5,1,0,0.3177,0.305706604601628,0.329693395398372,0.5775,0.567818438194176,0.587181561805824,0.6881,0.680479220979455,0.695720779020545,6881,5775,3177
"Yuen","Cauchy",20326,10000,20,20,1.5,0.5,1,0,0.652,0.639729584231592,0.664270415768408,0.8394,0.832203632653734,0.846596367346266,0.8988,0.89383878908608,0.90376121091392,8988,8394,6520
"Yuen","Cauchy",5669488,10000,20,20,2,0.5,1,0,0.857,0.8479821233953,0.8660178766047,0.948,0.943648270302512,0.952351729697488,0.9667,0.963748560547161,0.969651439452839,9667,9480,8570
"Yuen","Cauchy",54993947,10000,20,20,2.5,0.5,1,0,0.9382,0.931997199538356,0.944402800461644,0.9773,0.97438067161943,0.98021932838057,0.9866,0.984708576167249,0.988491423832751,9866,9773,9382
"Yuen","Cauchy",122273,10000,100,100,0,1,1,1,0.0078,0.0055338285107221,0.0100661714892779,0.0442,0.0401714318104816,0.0482285681895185,0.0939,0.0891017070034256,0.0986982929965744,939,442,78
"Yuen","Cauchy",537565,10000,100,100,0,0.5,0.5,1,0.0085,0.00613516044552701,0.010864839554473,0.0459,0.0417983427897495,0.0500016572102505,0.0979,0.0930113990300931,0.102788600969907,979,459,85
"Yuen","Cauchy",84288,10000,100,100,0,2,2,1,0.0078,0.0055338285107221,0.0100661714892779,0.0499,0.0456323282977249,0.0541676717022751,0.0972,0.0923270179687998,0.1020729820312,972,499,78
"Yuen","Cauchy",14620392,10000,100,100,0.5,1,1,0,0.2935,0.281769784397276,0.305230215602724,0.5325,0.522720724413332,0.542279275586668,0.6528,0.64496848411057,0.66063151588943,6528,5325,2935
"Yuen","Cauchy",2843934,10000,100,100,0.5,0.5,0.5,0,0.9154,0.908231364571665,0.922568635428335,0.9761,0.973106342042517,0.979093657957483,0.9893,0.987607526818595,0.990992473181405,9893,9761,9154
"Yuen","Cauchy",321237,10000,100,100,0.5,2,2,0,0.0613,0.0551206968056053,0.0674793031943947,0.1813,0.17374877573571,0.18885122426429,0.2773,0.269935896827327,0.284664103172673,2773,1813,613
"Yuen","Cauchy",32089,10000,100,100,0.5,0.5,2,0,0.1245,0.115995307618403,0.133004692381597,0.2963,0.287350151730359,0.305249848269641,0.4181,0.409986090401972,0.426213909598028,4181,2963,1245
"Yuen","Cauchy",34152537,10000,100,100,0.5,1,2,0,0.0959,0.0883148635653309,0.103485136434669,0.2586,0.250017839693504,0.267182160306496,0.3752,0.367235329244821,0.383164670755179,3752,2586,959
"Yuen","Cauchy",57411448,10000,100,100,1,1,1,0,0.9136,0.906362630008138,0.920837369991862,0.9742,0.971092651333114,0.977307348666886,0.9876,0.985779598077457,0.989420401922544,9876,9742,9136
"Yuen","Cauchy",94427761,10000,100,100,1,0.5,0.5,0,1,1,1,1,1,1,1,1,1,10000,10000,10000
"Yuen","Cauchy",2827821,10000,100,100,1,2,2,0,0.2956,0.283845402917936,0.307354597082064,0.5327,0.522920980542324,0.542479019457676,0.6536,0.645772720073895,0.661427279926105,6536,5327,2956
"Yuen","Cauchy",77279,10000,100,100,1,0.5,2,0,0.5815,0.568792256231478,0.594207743768522,0.7924,0.784450460358084,0.800349539641916,0.8714,0.865893252486349,0.876906747513651,8714,7924,5815
"Yuen","Cauchy",566182,10000,100,100,1,1,2,0,0.5058,0.492920866595553,0.518679133404447,0.7325,0.723823955336676,0.741176044663324,0.8189,0.812565088340713,0.825234911659287,8189,7325,5058
"Yuen","Cauchy",110331787,10000,100,100,1.5,1,1,0,0.998,0.996849130376802,0.999150869623198,0.9995,0.99906184025744,0.99993815974256,0.9999,0.999735508225206,1.00006449177479,9999,9995,9980
"Yuen","Cauchy",1493014,10000,100,100,1.5,0.5,0.5,0,1,1,1,1,1,1,1,1,1,10000,10000,10000
"Yuen","Cauchy",880592,10000,100,100,1.5,2,2,0,0.6724,0.660309850876378,0.684490149123622,0.8521,0.845141983712695,0.859058016287305,0.9101,0.905394667637778,0.914805332362222,9101,8521,6724
"Yuen","Cauchy",12135857,10000,100,100,1.5,0.5,2,0,0.9225,0.915612210003201,0.929387789996799,0.9763,0.973318588728538,0.979281411271462,0.9887,0.986961249006679,0.990438750993321,9887,9763,9225
"Yuen","Cauchy",544620,10000,100,100,1.5,1,2,0,0.8829,0.874617144885851,0.891182855114149,0.9615,0.957728960509356,0.965271039490645,0.9802,0.977908310122224,0.982491689877776,9802,9615,8829
"Yuen","Cauchy",1191308,10000,100,100,2,1,1,0,1,1,1,1,1,1,1,1,1,10000,10000,10000
"Yuen","Cauchy",6862842,10000,100,100,2,0.5,0.5,0,1,1,1,1,1,1,1,1,1,10000,10000,10000
"Yuen","Cauchy",2782535,10000,100,100,2,2,2,0,0.9142,0.906985435655791,0.921414564344209,0.974,0.970880950811545,0.977119049188455,0.9884,0.98663858672436,0.99016141327564,9884,9740,9142
"Yuen","Cauchy",72751,10000,100,100,2,0.5,2,0,0.9929,0.990737143089989,0.995062856910011,0.9989,0.998250299171618,0.999549700828382,0.9997,0.999415120383714,0.999984879616286,9997,9989,9929
"Yuen","Cauchy",229452,10000,100,100,2,1,2,0,0.987,0.984082061654935,0.989917938345065,0.9963,0.995109986197727,0.997490013802273,0.9983,0.997622325883057,0.998977674116943,9983,9963,9870
"Yuen","Cauchy",38763328,10000,100,100,2.5,1,1,0,1,1,1,1,1,1,1,1,1,10000,10000,10000
"Yuen","Cauchy",95718191,10000,100,100,2.5,0.5,0.5,0,1,1,1,1,1,1,1,1,1,10000,10000,10000
"Yuen","Cauchy",215763538,10000,100,100,2.5,2,2,0,0.9879,0.985083595454558,0.990716404545442,0.9975,0.996521225766584,0.998478774233416,0.9995,0.999132258787495,0.999867741212506,9995,9975,9879
"Yuen","Cauchy",19859,10000,100,100,2.5,0.5,2,0,0.9995,0.998924132909779,1.00007586709022,1,1,1,1,1,1,10000,10000,9995
"Yuen","Cauchy",10766921,10000,100,100,2.5,1,2,0,0.9993,0.998618693044967,0.999981306955033,0.9999,0.999704009800245,1.00009599019976,1,1,1,10000,9999,9993
"Yuen","Cauchy",84284183,10000,100,100,5,1,1,0,1,1,1,1,1,1,1,1,1,10000,10000,10000
"Yuen","Cauchy",72192818,10000,100,100,5,0.5,0.5,0,1,1,1,1,1,1,1,1,1,10000,10000,10000
"Yuen","Cauchy",155786514,10000,100,100,5,2,2,0,1,1,1,1,1,1,1,1,1,10000,10000,10000
"Yuen","Cauchy",995079,10000,100,100,5,0.5,2,0,1,1,1,1,1,1,1,1,1,10000,10000,10000
"Yuen","Cauchy",1006132,10000,100,100,5,1,2,0,1,1,1,1,1,1,1,1,1,10000,10000,10000
"Yuen","Cauchy",4043089,10000,100,100,5,0.5,1,0,1,1,1,1,1,1,1,1,1,10000,10000,10000
"Yuen","Cauchy",26658,10000,100,100,0.5,0.5,1,0,0.4993,0.486420012622406,0.512179987377594,0.7281,0.719379202730117,0.736820797269883,0.8173,0.810943384750689,0.823656615249311,8173,7281,4993
"Yuen","Cauchy",708453,10000,100,100,1,0.5,1,0,0.9877,0.984860702230322,0.990539297769678,0.9968,0.995693031978059,0.997906968021941,0.9988,0.998230497293773,0.999369502706227,9988,9968,9877
"Yuen","Cauchy",472570,10000,100,100,1.5,0.5,1,0,0.9999,0.999642412880322,1.00015758711968,1,1,1,1,1,1,10000,10000,9999
"Yuen","Cauchy",28050720,10000,100,100,2,0.5,1,0,1,1,1,1,1,1,1,1,1,10000,10000,10000
"Yuen","Cauchy",130392,10000,100,100,2.5,0.5,1,0,1,1,1,1,1,1,1,1,1,10000,10000,10000
"Yuen","Cauchy",151334084,10000,10,100,0,1,1,1,0.0054,0.00351215225264748,0.00728784774735252,0.0326,0.0291192894233505,0.0360807105766495,0.0722,0.0679424310969874,0.0764575689030126,722,326,54
"Yuen","Cauchy",29111,10000,10,100,0,0.5,0.5,1,0.0082,0.00587691641085044,0.0105230835891496,0.0367,0.0330147251476179,0.0403852748523821,0.0741,0.069791192933424,0.078408807066576,741,367,82
"Yuen","Cauchy",2831426,10000,10,100,0,2,2,1,0.0089,0.00648064499126234,0.0113193550087377,0.0386,0.034824262593029,0.042375737406971,0.0791,0.0746602309382159,0.0835397690617841,791,386,89
"Yuen","Cauchy",151826104,10000,10,100,0.5,1,1,0,0.0352,0.0304528184856174,0.0399471815143826,0.1204,0.114021597443372,0.126778402556628,0.2061,0.199445923352487,0.212754076647513,2061,1204,352
"Yuen","Cauchy",41112411,10000,10,100,0.5,0.5,0.5,0,0.1511,0.141874150671992,0.160325849328008,0.3495,0.340154483430008,0.358845516569992,0.4842,0.475979107603678,0.492420892396322,4842,3495,1511
"Yuen","Cauchy",128420,10000,10,100,0.5,2,2,0,0.0151,0.0119585481968644,0.0182414518031356,0.0592,0.0545744265763475,0.0638255734236525,0.1139,0.108674003282533,0.119125996717467,1139,592,151
"Yuen","Cauchy",49519,10000,10,100,0.5,0.5,2,0,0.0627,0.0564551941954216,0.0689448058045784,0.1861,0.178471928025615,0.193728071974385,0.2922,0.28471897187922,0.29968102812078,2922,1861,627
"Yuen","Cauchy",19254,10000,10,100,0.5,1,2,0,0.0269,0.0227322588788573,0.0310677411211427,0.1028,0.0968475293712946,0.108752470628705,0.1808,0.17446917822914,0.18713082177086,1808,1028,269
"Yuen","Cauchy",94724183,10000,10,100,1,1,1,0,0.15,0.140801840184037,0.159198159815963,0.3526,0.343235522017838,0.361964477982162,0.4836,0.475379425582625,0.491820574417375,4836,3526,1500
"Yuen","Cauchy",5278660,10000,10,100,1,0.5,0.5,0,0.511,0.498123117337243,0.523876882662757,0.7524,0.743940283974128,0.760859716025872,0.8409,0.834883094808627,0.846916905191373,8409,7524,5110
"Yuen","Cauchy",378276,10000,10,100,1,2,2,0,0.0361,0.0312947559483514,0.0409052440516486,0.1206,0.114217027756413,0.126982972243587,0.2083,0.201619778548298,0.214980221451702,2083,1206,361
"Yuen","Cauchy",7993809,10000,10,100,1,0.5,2,0,0.3133,0.301351604769245,0.325248395230755,0.5558,0.546061218553761,0.565538781446238,0.6734,0.665685450881931,0.681114549118069,6734,5558,3133
"Yuen","Cauchy",1258210,10000,10,100,1,1,2,0,0.1157,0.107460281957896,0.123939718042104,0.2926,0.283682856410352,0.301517143589648,0.4163,0.408191062475776,0.424408937524224,4163,2926,1157
"Yuen","Cauchy",230388720,10000,10,100,1.5,1,1,0,0.3286,0.316500419684538,0.340699580315462,0.5863,0.576647078400318,0.595952921599682,0.7093,0.701830295903466,0.716769704096534,7093,5863,3286
"Yuen","Cauchy",297103,10000,10,100,1.5,0.5,0.5,0,0.7544,0.743311804366009,0.765488195633991,0.9068,0.901102034920992,0.912497965079008,0.9452,0.941456153466233,0.948943846533767,9452,9068,7544
"Yuen","Cauchy",174948,10000,10,100,1.5,2,2,0,0.0791,0.0721475105755892,0.0860524894244108,0.2251,0.216914095959614,0.233285904040386,0.3396,0.331809716270661,0.347390283729339,3396,2251,791
"Yuen","Cauchy",60557716,10000,10,100,1.5,0.5,2,0,0.665,0.652841525595701,0.677158474404299,0.8368,0.829556858253382,0.844043141746618,0.8958,0.890774198972114,0.900825801027886,8958,8368,6650
"Yuen","Cauchy",64221977,10000,10,100,1.5,1,2,0,0.299,0.28720656108752,0.31079343891248,0.5377,0.527927896990228,0.547472103009772,0.6562,0.648386655892648,0.664013344107352,6562,5377,2990
"Yuen","Cauchy",60619,10000,10,100,2,1,1,0,0.5095,0.496622325049855,0.522377674950145,0.7537,0.745255235654585,0.762144764345415,0.8342,0.828082228412902,0.840317771587098,8342,7537,5095
"Yuen","Cauchy",57775,10000,10,100,2,0.5,0.5,0,0.8747,0.866171926053439,0.883228073946561,0.9537,0.949581373038305,0.957818626961695,0.972,0.969286198673447,0.974713801326553,9720,9537,8747
"Yuen","Cauchy",19003,10000,10,100,2,2,2,0,0.1518,0.142556618487557,0.161043381512443,0.355,0.345621138875109,0.364378861124891,0.4857,0.477478364548657,0.493921635451343,4857,3550,1518
"Yuen","Cauchy",10559402,10000,10,100,2,0.5,2,0,0.8553,0.846237680693707,0.864362319306293,0.942,0.937418628397521,0.946581371602479,0.968,0.9651048,0.9708952,9680,9420,8553
"Yuen","Cauchy",1654175,10000,10,100,2,1,2,0,0.4964,0.483520333853927,0.509279666146073,0.7239,0.715137489265833,0.732662510734167,0.8139,0.807497868164355,0.820302131835645,8139,7239,4964
"Yuen","Cauchy",148110949,10000,10,100,2.5,1,1,0,0.654,0.641746143723774,0.666253856276226,0.8529,0.845957570712323,0.859842429287677,0.9043,0.899460749132379,0.909139250867621,9043,8529,6540
"Yuen","Cauchy",812042,10000,10,100,2.5,0.5,0.5,0,0.933,0.926559433304934,0.939440566695067,0.9748,0.971728050287912,0.977871949712088,0.9843,0.982255065174688,0.986344934825312,9843,9748,9330
"Yuen","Cauchy",9735334,10000,10,100,2.5,2,2,0,0.2406,0.229588944121327,0.251611055878673,0.4749,0.465112355985305,0.484687644014695,0.6083,0.600270257909262,0.616329742090738,6083,4749,2406
"Yuen","Cauchy",403971,10000,10,100,2.5,0.5,2,0,0.9317,0.92520178227746,0.93819821772254,0.974,0.970880950811545,0.977119049188455,0.9852,0.983213635424098,0.987186364575902,9852,9740,9317
"Yuen","Cauchy",742988,10000,10,100,2.5,1,2,0,0.6583,0.646082558290905,0.670517441709095,0.8322,0.824875703696218,0.839524296303782,0.8911,0.885975599510579,0.896224400489421,8911,8322,6583
"Yuen","Cauchy",8795338,10000,10,100,5,1,1,0,0.9273,0.920611585280016,0.933988414719984,0.9775,0.974593263169807,0.980406736830193,0.9871,0.985243729198642,0.988956270801358,9871,9775,9273
"Yuen","Cauchy",916537,10000,10,100,5,0.5,0.5,0,0.9905,0.988001180414356,0.992998819585644,0.9967,0.995575925048051,0.997824074951949,0.9982,0.997502714012833,0.998897285987167,9982,9967,9905
"Yuen","Cauchy",8659685,10000,10,100,5,2,2,0,0.649,0.636705191595539,0.661294808404461,0.844,0.836888035275678,0.851111964724322,0.9024,0.897518083416362,0.907281916583638,9024,8440,6490
"Yuen","Cauchy",256029728,10000,10,100,5,0.5,2,0,0.9901,0.987549631203252,0.992650368796748,0.9969,0.995810410984637,0.997989589015363,0.9981,0.997383642634591,0.998816357365409,9981,9969,9901
"Yuen","Cauchy",110912,10000,10,100,5,1,2,0,0.9309,0.924366642884417,0.937433357115583,0.9756,0.972575964533541,0.978624035466459,0.9863,0.984387811498106,0.988212188501894,9863,9756,9309
"Yuen","Cauchy",49400,10000,10,100,5,0.5,1,0,0.9909,0.988453859100758,0.993346140899242,0.9967,0.995575925048051,0.997824074951949,0.9983,0.997622325883057,0.998977674116943,9983,9967,9909
"Yuen","Cauchy",184517313,10000,10,100,0.5,0.5,1,0,0.1294,0.120753858709363,0.138046141290637,0.3058,0.296769389386226,0.314830610613774,0.4276,0.419461683734359,0.435738316265641,4276,3058,1294
"Yuen","Cauchy",134778,10000,10,100,1,0.5,1,0,0.494,0.481120927393387,0.506879072606613,0.7195,0.710694826795571,0.728305173204429,0.8169,0.810537987435569,0.823262012564431,8169,7195,4940
"Yuen","Cauchy",271060691,10000,10,100,1.5,0.5,1,0,0.7649,0.753976180795298,0.775823819204702,0.8961,0.89011943680525,0.90208056319475,0.9368,0.932797347545639,0.940802652454361,9368,8961,7649
"Yuen","Cauchy",18419091,10000,10,100,2,0.5,1,0,0.8832,0.874926356376893,0.891473643623107,0.9564,0.952397612811534,0.960402387188466,0.9748,0.97222175649164,0.97737824350836,9748,9564,8832
"Yuen","Cauchy",110535,10000,10,100,2.5,0.5,1,0,0.9351,0.928754041384233,0.941445958615767,0.977,0.974061895277564,0.979938104722436,0.9869,0.985029584363043,0.988770415636957,9869,9770,9351
