"method","distribution","seed","N","n1","n2","delta","sd","null","power0.01","l_CI","u_CI","power0.05","l_CI","u_CI","power0.10","l_CI","u_CI","ct_0.10","ct_0.05","ct_0.01"
"Mood","Logistic",53478,10000,10,10,0,1,1,0.0011,0.000246107482698203,0.0019538925173018,0.0218,0.0189378120603985,0.0246621879396015,0.0218,0.0193978065506916,0.0242021934493084,218,218,11
"Mood","Logistic",2103192,10000,10,10,0,3,1,0.0012,0.00030818299620606,0.00209181700379394,0.0222,0.0193122634147831,0.0250877365852169,0.0222,0.0197763639374073,0.0246236360625927,222,222,12
"Mood","Logistic",18092472,10000,10,10,0,5,1,0.0013,0.000371813901280567,0.00222818609871943,0.0232,0.0202494506068191,0.0261505493931809,0.0232,0.0207236460450089,0.0256763539549911,232,232,13
"Mood","Logistic",26892257,10000,10,10,0,2,1,3e-04,-0.000146109356566302,0.000746109356566302,0.0223,0.0194059148123112,0.0251940851876888,0.0223,0.0198710356460469,0.0247289643539531,223,223,3
"Mood","Logistic",37615,10000,10,10,0.5,1,0,0.0046,0.00285689482302874,0.00634310517697126,0.0462,0.0420856075139093,0.0503143924860907,0.0462,0.0427468491634595,0.0496531508365404,462,462,46
"Mood","Logistic",2505567,10000,10,10,1.5,1,0,0.0423,0.0371152145930525,0.0474847854069475,0.2597,0.251105988690629,0.268294011309371,0.2597,0.252487169079635,0.266912830920365,2597,2597,423
"Mood","Logistic",817601,10000,10,10,2,1,0,0.109,0.100972173835066,0.117027826164934,0.4452,0.435459037411344,0.454940962588656,0.4452,0.437024549255949,0.453375450744051,4452,4452,1090
"Mood","Logistic",1036662,10000,10,10,2.5,1,0,0.2257,0.214931225871856,0.236468774128144,0.6279,0.618426048701075,0.637373951298925,0.6279,0.619948648016974,0.635851351983026,6279,6279,2257
"Mood","Logistic",302811,10000,10,10,0.5,3,0,9e-04,0.00012754783828123,0.00167245216171877,0.0257,0.0225985200046429,0.0288014799953571,0.0257,0.0230969721467539,0.0283030278532461,257,257,9
"Mood","Logistic",349838,10000,10,10,1.5,3,0,0.0033,0.00182264434886653,0.00477735565113347,0.0434,0.039406385648263,0.047393614351737,0.0434,0.0400482165262207,0.0467517834737793,434,434,33
"Mood","Logistic",463183,10000,10,10,2,3,0,0.0066,0.00451416522232848,0.00868583477767152,0.0644,0.0595889030167331,0.0692110969832669,0.0644,0.060362115031901,0.068437884968099,644,644,66
"Mood","Logistic",16005797,10000,10,10,2.5,3,0,0.008,0.00570519024021598,0.010294809759784,0.084,0.0785631988228371,0.0894368011771629,0.084,0.0794369704405954,0.0885630295594046,840,840,80
"Mood","Logistic",109169,10000,10,10,1,1,0,0.0128,0.00990430099526626,0.0156956990047337,0.1136,0.107380433570867,0.119819566429133,0.1136,0.108380006746978,0.118819993253022,1136,1136,128
"Mood","Logistic",3981785,10000,10,10,1,3,0,0.0017,0.000638791170063121,0.00276120882993688,0.0363,0.0326341025369495,0.0399658974630505,0.0363,0.0332232646292255,0.0393767353707745,363,363,17
"Mood","Logistic",325027,10000,10,10,5,1,0,0.8957,0.887826473382646,0.903573526617354,0.9935,0.991924941512197,0.995075058487803,0.9935,0.992178075912023,0.994821924087978,9935,9935,8957
"Mood","Logistic",411105,10000,10,10,5,3,0,0.0635,0.0572181637380142,0.0697818362619858,0.3215,0.312345777037891,0.330654222962109,0.3215,0.313816991442516,0.329183008557484,3215,3215,635
"Mood","Logistic",747967,10000,10,10,0.5,5,0,7e-04,1.86930449672482e-05,0.00138130695503275,0.0229,0.0199681393869421,0.0258318606130579,0.0229,0.0204393312711836,0.0253606687288164,229,229,7
"Mood","Logistic",215490,10000,10,10,1,5,0,0.0014,0.000436823989135942,0.00236317601086406,0.0284,0.0251441904370188,0.0316558095629812,0.0284,0.025667445545355,0.031132554454645,284,284,14
"Mood","Logistic",30252,10000,10,10,1.5,5,0,0.0022,0.000993078708276302,0.0034069212917237,0.0324,0.0289296241992545,0.0358703758007455,0.0324,0.0294873631672314,0.0353126368327685,324,324,22
"Mood","Logistic",42455,10000,10,10,2,5,0,0.0018,0.000708079815840004,0.00289192018416,0.0354,0.0317781427341211,0.0390218572658789,0.0354,0.0323602269375659,0.0384397730624341,354,354,18
"Mood","Logistic",583296,10000,10,10,2.5,5,0,0.0038,0.00221506693533891,0.00538493306466109,0.0442,0.0401714318104816,0.0482285681895185,0.0442,0.0408188802695113,0.0475811197304887,442,442,38
"Mood","Logistic",188990,10000,10,10,5,5,0,0.0118,0.00901830642683706,0.0145816935731629,0.1128,0.106599576012433,0.119000423987567,0.1128,0.10759607272472,0.11800392727528,1128,1128,118
"Mood","Logistic",5898089,10000,10,10,3,1,0,0.3791,0.366602199701526,0.391597800298474,0.7918,0.783841995458559,0.799758004541441,0.7918,0.785120960474147,0.798479039525852,7918,7918,3791
"Mood","Logistic",83028007,10000,10,10,3,3,0,0.0138,0.0107948379142123,0.0168051620857877,0.1243,0.117833499573834,0.130766500426166,0.1243,0.118872758570897,0.129727241429103,1243,1243,138
"Mood","Logistic",211851,10000,10,10,3,5,0,0.005,0.00318305240581903,0.00681694759418097,0.0547,0.0502430828249114,0.0591569171750886,0.0547,0.0509593730851935,0.0584406269148065,547,547,50
"Mood","Logistic",248966851,10000,10,10,0.5,2,0,0.0024,0.00113953816677219,0.0036604618332278,0.0294,0.0260890709064675,0.0327109290935325,0.0294,0.0266211845107852,0.0321788154892148,294,294,24
"Mood","Logistic",33220,10000,10,10,1,2,0,0.0033,0.00182264434886653,0.00477735565113347,0.046,0.0418940923731774,0.0501059076268226,0.046,0.042553970384631,0.049446029615369,460,460,33
"Mood","Logistic",145168047,10000,10,10,1.5,2,0,0.007,0.00485232034567536,0.00914767965432464,0.0736,0.0684820710588755,0.0787179289411245,0.0736,0.0693045953529848,0.0778954046470152,736,736,70
"Mood","Logistic",68019174,10000,10,10,2,2,0,0.0123,0.00946070223032243,0.0151392977696776,0.1151,0.108844805320504,0.121355194679496,0.1151,0.109850104465423,0.120349895534577,1151,1151,123
"Mood","Logistic",10407535,10000,10,10,2.5,2,0,0.0242,0.0202414699275696,0.0281585300724304,0.1854,0.177783014319667,0.193016985680333,0.1854,0.179007172732578,0.191792827267422,1854,1854,242
"Mood","Logistic",5530147,10000,10,10,3,2,0,0.0455,0.0401316660616538,0.0508683339383462,0.2569,0.248336293901447,0.265463706098553,0.2569,0.249712603810143,0.264087396189857,2569,2569,455
"Mood","Logistic",2289827,10000,10,10,5,2,0,0.2276,0.216799269738419,0.238400730261581,0.6342,0.624759585989079,0.643640414010921,0.6342,0.626276795383691,0.642123204616309,6342,6342,2276
"Mood","Logistic",299611,10000,20,20,0,1,1,0.0033,0.00182264434886653,0.00477735565113347,0.0249,0.0218459206037825,0.0279540793962175,0.0249,0.0223367547924603,0.0274632452075397,249,249,33
"Mood","Logistic",1119897,10000,20,20,0,3,1,0.0034,0.00190050245650618,0.00489949754349382,0.023,0.0200618952775641,0.0259381047224359,0.023,0.0205340906793842,0.0254659093206158,230,230,34
"Mood","Logistic",24345,10000,20,20,0,5,1,0.0041,0.00245394003130384,0.00574605996869616,0.0272,0.0240117504699914,0.0303882495300086,0.0272,0.0245241477158856,0.0298758522841144,272,272,41
"Mood","Logistic",11583682,10000,20,20,0,2,1,0.0034,0.00190050245650618,0.00489949754349382,0.0231,0.0201556657149026,0.0260443342850974,0.0231,0.0206288622964361,0.0255711377035639,231,231,34
"Mood","Logistic",131670102,10000,20,20,0.5,1,0,0.016,0.0127677614979089,0.0192322385020911,0.0752,0.0700312098288284,0.0803687901711716,0.0752,0.0708619082491953,0.0795380917508047,752,752,160
"Mood","Logistic",93696720,10000,20,20,1.5,1,0,0.2742,0.262708199820118,0.285691800179882,0.5344,0.524623221367833,0.544176778632167,0.5344,0.526194489362288,0.542605510637712,5344,5344,2742
"Mood","Logistic",91040900,10000,20,20,2,1,0,0.5434,0.530568612242795,0.556231387757205,0.7908,0.782827945816943,0.798772054183057,0.7908,0.784109168810648,0.797490831189351,7908,7908,5434
"Mood","Logistic",357005,10000,20,20,2.5,1,0,0.796,0.785619519038195,0.806380480961805,0.9352,0.930375016601728,0.940024983398272,0.9352,0.931150460362165,0.939249539637835,9352,9352,7960
"Mood","Logistic",865946,10000,20,20,0.5,3,0,0.0045,0.00277585912594127,0.00622414087405873,0.0298,0.0264673106124933,0.0331326893875067,0.0298,0.027002921406914,0.032597078593086,298,298,45
"Mood","Logistic",3593570,10000,20,20,1.5,3,0,0.018,0.0145751791787599,0.0214248208212401,0.0757,0.0705154569187247,0.0808845430812754,0.0757,0.0713486870567868,0.0800513129432132,757,757,180
"Mood","Logistic",337563,10000,20,20,2,3,0,0.031,0.0265353379157656,0.0354646620842344,0.1172,0.110895494332971,0.123504505667029,0.1172,0.111908718458029,0.122491281541971,1172,1172,310
"Mood","Logistic",10494831,10000,20,20,2.5,3,0,0.0577,0.0516934048536549,0.0637065951463451,0.1806,0.173060146212134,0.188139853787866,0.1806,0.174271908428041,0.186928091571959,1806,1806,577
"Mood","Logistic",7401590,10000,20,20,1,1,0,0.0871,0.0798361554793908,0.0943638445206092,0.2478,0.239337992870152,0.256262007129848,0.2478,0.240697958301735,0.254902041698265,2478,2478,871
"Mood","Logistic",87000787,10000,20,20,1,3,0,0.009,0.00656721381654696,0.011432786183453,0.0483,0.0440977714272543,0.0525022285727457,0.0483,0.0447731295907313,0.0518268704092687,483,483,90
"Mood","Logistic",59660,10000,20,20,5,1,0,0.9998,0.999435735018296,1.0001642649817,1,1,1,1,1,1,10000,10000,9998
"Mood","Logistic",18636,10000,20,20,5,3,0,0.3652,0.352796915509145,0.377603084490855,0.6266,0.617119343242665,0.636080656757335,0.6266,0.618643020221523,0.634556979778478,6266,6266,3652
"Mood","Logistic",324395,10000,20,20,0.5,5,0,0.0043,0.0026144395204633,0.0059855604795367,0.027,0.0238231670865467,0.0301768329134533,0.027,0.024333729519066,0.029666270480934,270,270,43
"Mood","Logistic",20877,10000,20,20,1,5,0,0.0062,0.0041779532159082,0.0082220467840918,0.0318,0.0283608416666865,0.0352391583333135,0.0318,0.0289135635416833,0.0346864364583167,318,318,62
"Mood","Logistic",34587342,10000,20,20,1.5,5,0,0.0097,0.00717526898390819,0.0122247310160918,0.0413,0.0373999294712018,0.0452000705287982,0.0413,0.038026726520473,0.044573273479527,413,413,97
"Mood","Logistic",7226994,10000,20,20,2,5,0,0.0123,0.00946070223032243,0.0151392977696776,0.06,0.0553452579018811,0.0646547420981189,0.06,0.0560933414533645,0.0639066585466355,600,600,123
"Mood","Logistic",65124982,10000,20,20,2.5,5,0,0.0168,0.0134892877596843,0.0201107122403157,0.0734,0.0682884778245223,0.0785115221754777,0.0734,0.069109972459867,0.0776900275401331,734,734,168
"Mood","Logistic",22262,10000,20,20,5,5,0,0.0896,0.0822427419635584,0.0969572580364416,0.2482,0.239733417966995,0.256666582033005,0.2482,0.241094118650871,0.255305881349129,2482,2482,896
"Mood","Logistic",14980765,10000,20,20,3,1,0,0.9299,0.923323073453518,0.936476926546482,0.9875,0.985322392367758,0.989677607632242,0.9875,0.98567236502294,0.989327634977061,9875,9875,9299
"Mood","Logistic",11225534,10000,20,20,3,3,0,0.0912,0.0837838682423614,0.0986161317576386,0.2445,0.236076109024922,0.252923890975078,0.2445,0.237429948645917,0.251570051354083,2445,2445,912
"Mood","Logistic",101354580,10000,20,20,3,5,0,0.0261,0.0219930133110632,0.0302069866889368,0.0979,0.0920752839507492,0.103724716049251,0.0979,0.0930113990300931,0.102788600969907,979,979,261
"Mood","Logistic",5360218,10000,20,20,0.5,2,0,0.0065,0.00442992313031617,0.00857007686968383,0.0394,0.035586923895016,0.043213076104984,0.0394,0.0361997396976027,0.0426002603023973,394,394,65
"Mood","Logistic",131701204,10000,20,20,1,2,0,0.0156,0.0124077715753311,0.0187922284246689,0.0704,0.0653859292411854,0.0754140707588146,0.0704,0.0661917620417092,0.0746082379582909,704,704,156
"Mood","Logistic",76073,10000,20,20,1.5,2,0,0.0421,0.0369269462223959,0.0472730537776041,0.1498,0.142805244662349,0.156794755337651,0.1498,0.143929401770186,0.155670598229814,1498,1498,421
"Mood","Logistic",92698073,10000,20,20,2,2,0,0.0854,0.0782006979900282,0.0925993020099718,0.2532,0.24467704733079,0.26172295266921,0.2532,0.246046807581198,0.260353192418802,2532,2532,854
"Mood","Logistic",276409,10000,20,20,2.5,2,0,0.1681,0.158466917547614,0.177733082452386,0.393,0.383427030128534,0.402572969871466,0.393,0.384965543143591,0.401034456856409,3930,3930,1681
"Mood","Logistic",145959207,10000,20,20,3,2,0,0.2732,0.261721274628576,0.284678725371424,0.5317,0.521919715676035,0.541480284323965,0.5317,0.523491547085243,0.539908452914757,5317,5317,2732
"Mood","Logistic",24049,10000,20,20,5,2,0,0.793,0.782563193658135,0.803436806341865,0.9384,0.933687618666704,0.943112381333296,0.9384,0.934444965666698,0.942355034333302,9384,9384,7930
"Mood","Logistic",53598627,10000,100,100,0,1,1,0.0063,0.00426181416817406,0.00833818583182594,0.0363,0.0326341025369495,0.0399658974630505,0.0647,0.0606533698796684,0.0687466301203316,647,363,63
"Mood","Logistic",1917034,10000,100,100,0,3,1,0.0084,0.00604899387398841,0.0107510061260116,0.0354,0.0317781427341211,0.0390218572658789,0.0661,0.0620128853574955,0.0701871146425045,661,354,84
"Mood","Logistic",2164772,10000,100,100,0,5,1,0.0072,0.00502207464379148,0.00937792535620852,0.0333,0.0297833912902343,0.0368166087097657,0.0656,0.0615272829676492,0.0696727170323508,656,333,72
"Mood","Logistic",50025959,10000,100,100,0,2,1,0.0059,0.00392718254677631,0.00787281745322369,0.0324,0.0289296241992545,0.0358703758007455,0.066,0.0619157594941042,0.0700842405058958,660,324,59
"Mood","Logistic",31288,10000,100,100,0.5,1,0,0.1767,0.166874759468149,0.186525240531851,0.3552,0.345819951923705,0.364580048076295,0.4678,0.459592073739129,0.476007926260871,4678,3552,1767
"Mood","Logistic",13253182,10000,100,100,1.5,1,0,0.9941,0.992127182546776,0.996072817453224,0.9989,0.998250299171618,0.999549700828382,0.9995,0.999132258787495,0.999867741212506,9995,9989,9941
"Mood","Logistic",24660543,10000,100,100,2,1,0,1,1,1,1,1,1,1,1,1,10000,10000,10000
"Mood","Logistic",1959524,10000,100,100,2.5,1,0,1,1,1,1,1,1,1,1,1,10000,10000,10000
"Mood","Logistic",80061550,10000,100,100,0.5,3,0,0.018,0.0145751791787599,0.0214248208212401,0.066,0.0611336708865922,0.0708663291134078,0.1158,0.110536247783957,0.121063752216043,1158,660,180
"Mood","Logistic",50655,10000,100,100,1.5,3,0,0.1755,0.16570104531975,0.18529895468025,0.3611,0.351685738454536,0.370514261545464,0.4669,0.458693042573829,0.47510695742617,4669,3611,1755
"Mood","Logistic",87800449,10000,100,100,2,3,0,0.3584,0.346047295943133,0.370752704056867,0.5862,0.576546735154902,0.595853264845098,0.6933,0.685714514362694,0.700885485637306,6933,5862,3584
"Mood","Logistic",28230697,10000,100,100,2.5,3,0,0.5889,0.57622522162419,0.60157477837581,0.789,0.781002839713999,0.796997160286002,0.8581,0.852359812864986,0.863840187135014,8581,7890,5889
"Mood","Logistic",152450022,10000,100,100,1,1,0,0.7931,0.782665057051691,0.803534942948309,0.9192,0.913858456622136,0.924541543377864,0.9561,0.952729845418089,0.959470154581911,9561,9192,7931
"Mood","Logistic",512118,10000,100,100,1,3,0,0.0677,0.0612283050951319,0.0741716949048681,0.1762,0.168732591372531,0.183667408627469,0.255,0.247830082989497,0.262169917010503,2550,1762,677
"Mood","Logistic",24522696,10000,100,100,5,1,0,1,1,1,1,1,1,1,1,1,10000,10000,10000
"Mood","Logistic",216973,10000,100,100,5,3,0,0.9988,0.997908182996206,0.999691817003794,0.9997,0.99936056896783,1.00003943103217,0.9998,0.999567385133966,1.00003261486603,9998,9997,9988
"Mood","Logistic",89326399,10000,100,100,0.5,5,0,0.01,0.00743691236201335,0.0125630876379867,0.0441,0.0400757810956162,0.0481242189043838,0.0831,0.0785592519977459,0.0876407480022541,831,441,100
"Mood","Logistic",415871,10000,100,100,1,5,0,0.0238,0.0198735168427388,0.0277264831572612,0.0764,0.0711935139060591,0.0816064860939409,0.1339,0.128298037334918,0.139501962665082,1339,764,238
"Mood","Logistic",55390874,10000,100,100,1.5,5,0,0.055,0.0491272284430603,0.0608727715569397,0.1537,0.146631045674953,0.160768954325047,0.2322,0.225254219352449,0.239145780647551,2322,1537,550
"Mood","Logistic",38474,10000,100,100,2,5,0,0.101,0.0932377720658048,0.108762227934195,0.2388,0.230443534540872,0.247156465459128,0.3339,0.326142106226496,0.341657893773504,3339,2388,1010
"Mood","Logistic",431550,10000,100,100,2.5,5,0,0.1753,0.165505442638382,0.185094557361618,0.3572,0.347808180647734,0.366591819352266,0.463,0.454797550964651,0.471202449035349,4630,3572,1753
"Mood","Logistic",7194891,10000,100,100,5,5,0,0.7919,0.781442760124695,0.802357239875305,0.9182,0.912828428419764,0.923571571580236,0.954,0.950553970384631,0.957446029615369,9540,9182,7919
"Mood","Logistic",281682,10000,100,100,3,1,0,1,1,1,1,1,1,1,1,1,10000,10000,10000
"Mood","Logistic",19466,10000,100,100,3,3,0,0.7882,0.777674880102204,0.798725119897796,0.9136,0.908093305440975,0.919106694559025,0.9532,0.949725591765437,0.956674408234563,9532,9136,7882
"Mood","Logistic",55999,10000,100,100,3,5,0,0.2724,0.260931786868765,0.283868213131235,0.4919,0.482101286040383,0.501698713959617,0.6027,0.594650372557828,0.610749627442172,6027,4919,2724
"Mood","Logistic",93483,10000,100,100,0.5,2,0,0.0371,0.0322311834994956,0.0419688165005044,0.1037,0.0977245289349207,0.109675471065079,0.1704,0.16421506600572,0.17658493399428,1704,1037,371
"Mood","Logistic",14763357,10000,100,100,1,2,0,0.1753,0.165505442638382,0.185094557361618,0.3613,0.351884605743273,0.370715394256727,0.4676,0.459392286717995,0.475807713282005,4676,3613,1753
"Mood","Logistic",1393127,10000,100,100,1.5,2,0,0.4699,0.457043360001205,0.482756639998795,0.6914,0.682346453848,0.700453546152,0.7809,0.774095678861784,0.787704321138216,7809,6914,4699
"Mood","Logistic",121382133,10000,100,100,2,2,0,0.7817,0.771058746664723,0.792341253335277,0.9124,0.90685883907846,0.91794116092154,0.9485,0.944864298792616,0.952135701207384,9485,9124,7817
"Mood","Logistic",4104779,10000,100,100,2.5,2,0,0.9517,0.946177071018677,0.957222928981323,0.9853,0.982941157303761,0.987658842696239,0.9936,0.992288217959568,0.994911782040432,9936,9853,9517
"Mood","Logistic",1418584,10000,100,100,3,2,0,0.9945,0.992594848148414,0.996405151851586,0.9994,0.998920044062022,0.999879955937978,0.9998,0.999567385133966,1.00003261486603,9998,9994,9945
"Mood","Logistic",53145647,10000,100,100,5,2,0,1,1,1,1,1,1,1,1,1,10000,10000,10000
"Mood","Logistic",377361,10000,10,100,0,1,1,0.0013,0.000371813901280567,0.00222818609871943,0.0162,0.0137256166324516,0.0186743833675484,0.0915,0.086757155181816,0.096242844818184,915,162,13
"Mood","Logistic",33675,10000,10,100,0,3,1,8e-04,7.16886721078684e-05,0.00152831132789213,0.0172,0.0146516864192961,0.0197483135807039,0.0938,0.0890039980567247,0.0985960019432753,938,172,8
"Mood","Logistic",96367151,10000,10,100,0,5,1,7e-04,1.86930449672482e-05,0.00138130695503275,0.0157,0.0132634819102662,0.0181365180897338,0.0992,0.0942825955815695,0.104117404418431,992,157,7
"Mood","Logistic",105561606,10000,10,100,0,2,1,0.001,0.00018580467797954,0.00181419532202046,0.0168,0.0142809798171511,0.0193190201828489,0.0941,0.0892971298656975,0.0989028701343025,941,168,10
"Mood","Logistic",2227852,10000,10,100,0.5,1,0,0.0058,0.00384387440854734,0.00775612559145266,0.0464,0.0422771438435958,0.0505228561564042,0.1805,0.174173274610877,0.186826725389123,1805,464,58
"Mood","Logistic",83042160,10000,10,100,1.5,1,0,0.0988,0.0911133886560945,0.106486611343905,0.3681,0.358647141483001,0.377552858516999,0.6782,0.670515107179153,0.685884892820847,6782,3681,988
"Mood","Logistic",40763,10000,10,100,2,1,0,0.2272,0.216405971040412,0.237994028959588,0.5858,0.576145366274291,0.595454633725709,0.8555,0.849716245734873,0.861283754265127,8555,5858,2272
"Mood","Logistic",2850469,10000,10,100,2.5,1,0,0.391,0.378429779853384,0.403570220146616,0.7799,0.771779447979454,0.788020552020546,0.9523,0.948793999417032,0.955806000582968,9523,7799,3910
"Mood","Logistic",128652038,10000,10,100,0.5,3,0,0.0012,0.00030818299620606,0.00209181700379394,0.0191,0.0164172196156972,0.0217827803843028,0.1033,0.0982934374328513,0.108306562567149,1033,191,12
"Mood","Logistic",99586783,10000,10,100,1.5,3,0,0.0056,0.00367770325743812,0.00752229674256188,0.0438,0.0397888629929158,0.0478111370070841,0.1743,0.168059408745577,0.180540591254423,1743,438,56
"Mood","Logistic",17744,10000,10,100,2,3,0,0.0112,0.00848912745672984,0.0139108725432702,0.0783,0.0730345954288773,0.0835654045711227,0.2511,0.24396652450092,0.25823347549908,2511,783,112
"Mood","Logistic",2913710,10000,10,100,2.5,3,0,0.0178,0.014393912309817,0.021206087690183,0.1105,0.104355165554712,0.116644834445288,0.329,0.321270967893876,0.336729032106124,3290,1105,178
"Mood","Logistic",60554666,10000,10,100,1,1,0,0.0286,0.0243063372947676,0.0328936627052324,0.1586,0.151440067687024,0.165759932312976,0.4124,0.404302217194837,0.420497782805163,4124,1586,286
"Mood","Logistic",39910529,10000,10,100,1,3,0,0.0026,0.00128820124431222,0.00391179875568778,0.0319,0.0284556163189331,0.0353443836810669,0.1321,0.126530038987751,0.137669961012249,1321,319,26
"Mood","Logistic",27803,10000,10,100,5,1,0,0.9231,0.916236693340025,0.929963306659976,0.9964,0.995226118708557,0.997573881291443,1,1,1,10000,9964,9231
"Mood","Logistic",35615341,10000,10,100,5,3,0,0.1332,0.124446990044438,0.141953009955563,0.4488,0.439051515625001,0.458548484374999,0.7511,0.743987418897055,0.758212581102945,7511,4488,1332
"Mood","Logistic",35695996,10000,10,100,0.5,5,0,0.001,0.00018580467797954,0.00181419532202046,0.0169,0.0143736223436707,0.0194263776563293,0.0968,0.0919359778340966,0.101664022165903,968,169,10
"Mood","Logistic",1134265,10000,10,100,1,5,0,0.0027,0.00136327937126114,0.00403672062873885,0.0229,0.0199681393869421,0.0258318606130579,0.111,0.105832526333159,0.116167473666841,1110,229,27
"Mood","Logistic",21689,10000,10,100,1.5,5,0,0.0028,0.00143881858974786,0.00416118141025214,0.0253,0.0222221190689697,0.0283778809310303,0.1231,0.11769532026851,0.12850467973149,1231,253,28
"Mood","Logistic",56772,10000,10,100,2,5,0,0.0042,0.0025340707064416,0.0058659292935584,0.0331,0.0295936049192368,0.0366063950807631,0.1516,0.145700491477453,0.157499508522547,1516,331,42
"Mood","Logistic",30717502,10000,10,100,2.5,5,0,0.0042,0.0025340707064416,0.0058659292935584,0.0492,0.0449608068058179,0.0534391931941821,0.1833,0.176935293045334,0.189664706954666,1833,492,42
"Mood","Logistic",34541228,10000,10,100,5,5,0,0.0321,0.0275593960792441,0.0366406039207559,0.158,0.150851076321571,0.165148923678429,0.4124,0.404302217194837,0.420497782805163,4124,1580,321
"Mood","Logistic",9718657,10000,10,100,3,1,0,0.5626,0.549821345976817,0.575378654023183,0.9007,0.894838337935227,0.906561662064773,0.9854,0.983426902214511,0.987373097785489,9854,9007,5626
"Mood","Logistic",4678223,10000,10,100,3,3,0,0.028,0.0237503026035258,0.0322496973964743,0.1539,0.146827283850853,0.160972716149147,0.4133,0.405199596567221,0.421400403432779,4133,1539,280
"Mood","Logistic",812223,10000,10,100,3,5,0,0.0074,0.00519225528409102,0.00960774471590898,0.0635,0.058720341974576,0.068279658025424,0.2218,0.214965727575821,0.228634272424179,2218,635,74
"Mood","Logistic",32724,10000,10,100,0.5,2,0,0.0017,0.000638791170063121,0.00276120882993688,0.022,0.0191250066852252,0.0248749933147748,0.1139,0.108674003282533,0.119125996717467,1139,220,17
"Mood","Logistic",505841,10000,10,100,1,2,0,0.0062,0.0041779532159082,0.0082220467840918,0.044,0.0399801360421029,0.0480198639578971,0.1759,0.169636908174713,0.182163091825287,1759,440,62
"Mood","Logistic",122978,10000,10,100,1.5,2,0,0.0134,0.0104381107640318,0.0163618892359682,0.0917,0.0860434009495458,0.0973565990504543,0.2917,0.284222735600918,0.299177264399082,2917,917,134
"Mood","Logistic",129023,10000,10,100,2,2,0,0.0273,0.023102249324877,0.031497750675123,0.1537,0.146631045674953,0.160768954325047,0.411,0.402906349241689,0.41909365075831,4110,1537,273
"Mood","Logistic",134374,10000,10,100,2.5,2,0,0.0552,0.0493171829851936,0.0610828170148064,0.2595,0.250908138178485,0.268091861821515,0.5518,0.543619258374212,0.559980741625788,5518,2595,552
"Mood","Logistic",518482,10000,10,100,3,2,0,0.0977,0.0900516347569892,0.105348365243011,0.3613,0.351884605743273,0.370715394256727,0.6763,0.668603257703302,0.683996742296698,6763,3613,977
"Mood","Logistic",1286528,10000,10,100,5,2,0,0.3887,0.376143160970998,0.401256839029001,0.7811,0.772995387201945,0.789204612798055,0.9497,0.946104633944815,0.953295366055185,9497,7811,3887
