"method","distribution","seed","N","n1","n2","delta","scale1","scale2","null","power0.01","l_CI","u_CI","power0.05","l_CI","u_CI","power0.10","l_CI","u_CI"
"Yuenbt","Cauchy",14321071,1000,10,10,0,1,1,1,0.006,-0.000290927440687899,0.0122909274406879,0.043,0.0304267871409094,0.0555732128590905,0.089,0.0741877820372842,0.103812217962716
"Yuenbt","Cauchy",2692692,1000,10,10,0,0.5,0.5,1,0.001,-0.0015747116778389,0.0035747116778389,0.031,0.0202576621538885,0.0417423378461115,0.077,0.0631320548466977,0.0908679451533023
"Yuenbt","Cauchy",8200404,1000,10,10,0,2,2,1,0.005,-0.000745692786775151,0.0107456927867752,0.038,0.0261495346251719,0.0498504653748281,0.088,0.0732631501873704,0.10273684981263
"Yuenbt","Cauchy",508708,1000,10,10,0,0.5,2,1,0.01,0.00189480522134107,0.0181051947786589,0.041,0.0287098466079548,0.0532901533920452,0.083,0.0686487537553354,0.0973512462446646
"Yuenbt","Cauchy",8669959,1000,10,10,0,1,2,1,0.009,0.00130685460010016,0.0166931453998998,0.04,0.0278543242262935,0.0521456757737065,0.079,0.0649683332075266,0.0930316667924734
"Yuenbt","Cauchy",2202991,1000,10,10,0.5,1,1,0,0.01,0.00189480522134107,0.0181051947786589,0.071,0.05508183131136,0.08691816868864,0.134,0.116279447945958,0.151720552054042
"Yuenbt","Cauchy",129804,1000,10,10,0.5,0.5,0.5,0,0.045,0.0281129495292991,0.0618870504707009,0.206,0.180933140156773,0.231066859843227,0.326,0.301616016791754,0.350383983208246
"Yuenbt","Cauchy",26716,1000,10,10,0.5,2,2,0,0.009,0.00130685460010016,0.0166931453998998,0.046,0.0330159800369839,0.0589840199630161,0.1,0.0843941597470691,0.115605840252931
"Yuenbt","Cauchy",8790515,1000,10,10,0.5,0.5,2,0,0.011,0.00250349441805633,0.0194965055819437,0.043,0.0304267871409094,0.0555732128590905,0.102,0.0862563960320389,0.117743603967961
"Yuenbt","Cauchy",17930,1000,10,10,0.5,1,2,0,0.01,0.00189480522134107,0.0181051947786589,0.066,0.0506113161576436,0.0813886838423564,0.116,0.0993420701286144,0.132657929871386
"Yuenbt","Cauchy",5935323,1000,10,10,1,1,1,0,0.055,0.0364286657022173,0.0735713342977827,0.204,0.179023723768344,0.228976276231656,0.336,0.311429183945176,0.360570816054824
"Yuenbt","Cauchy",311784,1000,10,10,1,0.5,0.5,0,0.272,0.235751002490883,0.308248997509117,0.532,0.501073212232758,0.562926787767242,0.663,0.638411184010307,0.687588815989693
"Yuenbt","Cauchy",1172287,1000,10,10,1,2,2,0,0.012,0.00313017698846251,0.0208698230115375,0.068,0.0523966272363953,0.0836033727636047,0.137,0.119113243956072,0.154886756043928
"Yuenbt","Cauchy",574583,1000,10,10,1,0.5,2,0,0.034,0.0192370251323116,0.0487629748676884,0.117,0.0970781643014505,0.136921835698549,0.212,0.190738351136377,0.233261648863623
"Yuenbt","Cauchy",21364,1000,10,10,1,1,2,0,0.018,0.00716976562691277,0.0288302343730872,0.101,0.0823234521819475,0.119676547818052,0.178,0.158101890695345,0.197898109304655
"Yuenbt","Cauchy",950511,1000,10,10,1.5,1,1,0,0.141,0.112650069606011,0.169349930393989,0.356,0.326322726162937,0.385677273837063,0.487,0.460999059021355,0.513000940978645
"Yuenbt","Cauchy",294892,1000,10,10,1.5,0.5,0.5,0,0.513,0.472283632850462,0.553716367149538,0.781,0.755366751622161,0.806633248377839,0.864,0.846168321402627,0.881831678597373
"Yuenbt","Cauchy",2895709,1000,10,10,1.5,2,2,0,0.028,0.0145612768606538,0.0414387231393462,0.128,0.107292899150291,0.148707100849709,0.221,0.199416057867595,0.242583942132405
"Yuenbt","Cauchy",8702405,1000,10,10,1.5,0.5,2,0,0.058,0.0389591949346673,0.0770408050653327,0.223,0.197200041209335,0.248799958790665,0.351,0.3261719958721,0.3758280041279
"Yuenbt","Cauchy",346401,1000,10,10,1.5,1,2,0,0.058,0.0389591949346673,0.0770408050653327,0.194,0.169491064029624,0.218508935970376,0.319,0.294754295948045,0.343245704051955
"Yuenbt","Cauchy",186102,1000,10,10,2,1,1,0,0.247,0.211868893925525,0.282131106074475,0.562,0.531248855474958,0.592751144525042,0.689,0.664920042961521,0.713079957038479
"Yuenbt","Cauchy",1928964,1000,10,10,2,0.5,0.5,0,0.72,0.683424428348965,0.756575571651035,0.896,0.877079755434985,0.914920244565016,0.939,0.92655016441976,0.95144983558024
"Yuenbt","Cauchy",4450175,1000,10,10,2,2,2,0,0.048,0.0305865448547395,0.0654134551452605,0.191,0.166636088360035,0.215363911639965,0.285,0.261517661011411,0.308482338988589
"Yuenbt","Cauchy",1293624,1000,10,10,2,0.5,2,0,0.123,0.0962454154789128,0.149754584521087,0.321,0.292063668262891,0.349936331737109,0.481,0.455009052057014,0.506990947942986
"Yuenbt","Cauchy",6062784,1000,10,10,2,1,2,0,0.103,0.0782394268964549,0.127760573103545,0.31,0.281334371801755,0.338665628198245,0.452,0.426110396519066,0.477889603480934
"Yuenbt","Cauchy",34096,1000,10,10,2.5,1,1,0,0.387,0.347323662262553,0.426676337737448,0.687,0.65825868671059,0.71574131328941,0.785,0.763629240318253,0.806370759681747
"Yuenbt","Cauchy",20893265,1000,10,10,2.5,0.5,0.5,0,0.802,0.769538720208593,0.834461279791407,0.932,0.916396627236395,0.947603372763605,0.954,0.94310269753104,0.96489730246896
"Yuenbt","Cauchy",631857,1000,10,10,2.5,2,2,0,0.088,0.0649227202934141,0.111077279706586,0.283,0.255080420891425,0.310919579108575,0.419,0.393333835113617,0.444666164886383
"Yuenbt","Cauchy",22957,1000,10,10,2.5,0.5,2,0,0.194,0.161788255581791,0.226211744418209,0.427,0.396341752926822,0.457658247073178,0.592,0.566434350108006,0.617565649891994
"Yuenbt","Cauchy",47206220,1000,10,10,2.5,1,2,0,0.184,0.152435432020317,0.215564567979683,0.446,0.415190944603899,0.476809055396101,0.57,0.544246423015433,0.595753576984567
"Yuenbt","Cauchy",7155610,1000,20,20,0,1,1,1,0.009,0.00130685460010016,0.0166931453998998,0.05,0.0364916322229516,0.0635083677770484,0.106,0.0899864509523966,0.122013549047603
"Yuenbt","Cauchy",62255,1000,20,20,0,0.5,0.5,1,0.012,0.00313017698846251,0.0208698230115375,0.048,0.0347506319546931,0.0612493680453069,0.098,0.0825338503207812,0.113466149679219
"Yuenbt","Cauchy",120908345,1000,20,20,0,2,2,1,0.013,0.00377266875765262,0.0222273312423474,0.052,0.038238622394542,0.065761377605458,0.109,0.0927886940077303,0.12521130599227
"Yuenbt","Cauchy",248103,1000,20,20,0,0.5,2,1,0.005,-0.000745692786775151,0.0107456927867752,0.041,0.0287098466079548,0.0532901533920452,0.084,0.0695704335616069,0.0984295664383931
"Yuenbt","Cauchy",304541612,1000,20,20,0,1,2,1,0.01,0.00189480522134107,0.0181051947786589,0.044,0.031288074009026,0.056711925990974,0.095,0.0797471150474738,0.110252884952526
"Yuenbt","Cauchy",146118760,1000,20,20,0.5,1,1,0,0.042,0.0256599546164645,0.0583400453835355,0.124,0.103572323715116,0.144427676284884,0.216,0.194593246448842,0.237406753551158
"Yuenbt","Cauchy",85624717,1000,20,20,0.5,0.5,0.5,0,0.172,0.141258486133308,0.202741513866692,0.434,0.403280853032677,0.464719146967323,0.559,0.533171980777168,0.584828019222832
"Yuenbt","Cauchy",46301825,1000,20,20,0.5,2,2,0,0.009,0.00130685460010016,0.0166931453998998,0.072,0.0559787533069364,0.0880212466930635,0.137,0.119113243956072,0.154886756043928
"Yuenbt","Cauchy",153341,1000,20,20,0.5,0.5,2,0,0.02,0.00859556184636876,0.0314044381536312,0.092,0.0740859859997822,0.109914014000218,0.164,0.144738461857889,0.183261538142111
"Yuenbt","Cauchy",1908500,1000,20,20,0.5,1,2,0,0.019,0.00787865885497617,0.0301213411450238,0.093,0.0749988111059297,0.11100118889407,0.141,0.1228961042321,0.1591038957679
"Yuenbt","Cauchy",2325605,1000,20,20,1,1,1,0,0.185,0.153369174427467,0.216630825572533,0.433,0.402289170353115,0.463710829646885,0.553,0.527136801710249,0.578863198289751
"Yuenbt","Cauchy",16772445,1000,20,20,1,0.5,0.5,0,0.676,0.637876592457861,0.714123407542139,0.873,0.852362121388088,0.893637878611912,0.917,0.902648753755335,0.931351246244665
"Yuenbt","Cauchy",60603287,1000,20,20,1,2,2,0,0.043,0.0264752059566238,0.0595247940433761,0.141,0.119429400787183,0.162570599212817,0.229,0.207141979321654,0.250858020678346
"Yuenbt","Cauchy",148743081,1000,20,20,1,0.5,2,0,0.081,0.0587747771740304,0.10322522282597,0.233,0.206798164613905,0.259201835386095,0.348,0.323221254099531,0.372778745900469
"Yuenbt","Cauchy",83248391,1000,20,20,1,1,2,0,0.07,0.0492156545063358,0.0907843454936642,0.203,0.178069370132305,0.227930629867695,0.313,0.288877826346388,0.337122173653612
"Yuenbt","Cauchy",106430,1000,20,20,1.5,1,1,0,0.432,0.391648294066099,0.472351705933901,0.678,0.649039980221001,0.706960019778999,0.776,0.754311936702416,0.797688063297584
"Yuenbt","Cauchy",145553680,1000,20,20,1.5,0.5,0.5,0,0.928,0.906943504346259,0.949056495653741,0.976,0.966513923972474,0.985486076027526,0.985,0.978676905870146,0.991323094129854
"Yuenbt","Cauchy",74544,1000,20,20,1.5,2,2,0,0.102,0.0773461861267673,0.126653813873233,0.278,0.250231842236115,0.305768157763885,0.38,0.354750455647676,0.405249544352324
"Yuenbt","Cauchy",962596,1000,20,20,1.5,0.5,2,0,0.235,0.200460940510778,0.269539059489222,0.449,0.418171312087603,0.479828687912397,0.561,0.535184556347508,0.586815443652492
"Yuenbt","Cauchy",20301779,1000,20,20,1.5,1,2,0,0.171,0.140329477181111,0.201670522818889,0.398,0.367661377855941,0.428338622144059,0.541,0.515077858460864,0.566922141539136
"Yuenbt","Cauchy",186641086,1000,20,20,2,1,1,0,0.703,0.665777825066017,0.740222174933983,0.851,0.828929407837577,0.873070592162423,0.909,0.894038727260858,0.923961272739142
"Yuenbt","Cauchy",416088,1000,20,20,2,0.5,0.5,0,0.972,0.958561276860654,0.985438723139346,0.997,0.993610276471451,1.00038972352855,0.998,0.995675946235562,1.00032405376444
"Yuenbt","Cauchy",28356591,1000,20,20,2,2,2,0,0.194,0.161788255581791,0.226211744418209,0.411,0.380504579255239,0.441495420744761,0.535,0.509054068346367,0.560945931653633
"Yuenbt","Cauchy",46132,1000,20,20,2,0.5,2,0,0.349,0.310171638311358,0.387828361688642,0.616,0.585855225487657,0.646144774512343,0.725,0.701772565049601,0.748227434950399
"Yuenbt","Cauchy",28924,1000,20,20,2,1,2,0,0.308,0.270392517319874,0.345607482680126,0.576,0.545369771166379,0.606630228833621,0.692,0.667984352092854,0.716015647907146
"Yuenbt","Cauchy",6989177,1000,20,20,2.5,1,1,0,0.847,0.817675320161748,0.876324679838252,0.944,0.929749303792446,0.958250696207554,0.964,0.954309288385263,0.973690711614737
"Yuenbt","Cauchy",175860596,1000,20,20,2.5,0.5,0.5,0,0.99,0.981894805221341,0.998105194778659,0.997,0.993610276471451,1.00038972352855,1,1,1
"Yuenbt","Cauchy",1321949,1000,20,20,2.5,2,2,0,0.307,0.269426498968342,0.344573501031658,0.569,0.538306187229345,0.599693812770655,0.693,0.669006052330327,0.716993947669673
"Yuenbt","Cauchy",5507581,1000,20,20,2.5,0.5,2,0,0.515,0.474288196424133,0.555711803575867,0.765,0.738720280823418,0.791279719176582,0.847,0.828273641951116,0.865726358048884
"Yuenbt","Cauchy",62883,1000,20,20,2.5,1,2,0,0.496,0.455271167122246,0.536728832877754,0.752,0.725233546488188,0.778766453511812,0.826,0.806278926573333,0.845721073426667
"Yuenbt","Cauchy",20968177,1000,100,100,0,1,1,1,0.013,0.00377266875765262,0.0222273312423474,0.046,0.0330159800369839,0.0589840199630161,0.088,0.0732631501873704,0.10273684981263
"Yuenbt","Cauchy",19674827,1000,100,100,0,0.5,0.5,1,0.017,0.00646954641356793,0.0275304535864321,0.06,0.0452804130492734,0.0747195869507266,0.112,0.0955948050179219,0.128405194982078
"Yuenbt","Cauchy",728120,1000,100,100,0,2,2,1,0.01,0.00189480522134107,0.0181051947786589,0.047,0.0338824885896753,0.0601175114103247,0.097,0.0816044345418884,0.112395565458112
"Yuenbt","Cauchy",34840427,1000,100,100,0,0.5,2,1,0.011,0.00250349441805633,0.0194965055819437,0.046,0.0330159800369839,0.0589840199630161,0.097,0.0816044345418884,0.112395565458112
"Yuenbt","Cauchy",55324,1000,100,100,0,1,2,1,0.007,0.000208440607931048,0.013791559392069,0.054,0.0399912779169547,0.0680087220830453,0.095,0.0797471150474738,0.110252884952526
"Yuenbt","Cauchy",363250,1000,100,100,0.5,1,1,0,0.294,0.256887357818878,0.331112642181122,0.522,0.491039692094554,0.552960307905446,0.65,0.625188295352798,0.674811704647202
"Yuenbt","Cauchy",137106,1000,100,100,0.5,0.5,0.5,0,0.921,0.899027006895191,0.942972993104809,0.976,0.966513923972474,0.985486076027526,0.991,0.986087257692999,0.995912742307001
"Yuenbt","Cauchy",76228285,1000,100,100,0.5,2,2,0,0.068,0.0474927100821196,0.0885072899178804,0.184,0.159983480885024,0.208016519114976,0.274,0.250798850953024,0.297201149046976
"Yuenbt","Cauchy",701063,1000,100,100,0.5,0.5,2,0,0.157,0.127364690158934,0.186635309841066,0.321,0.292063668262891,0.349936331737109,0.432,0.40623192691721,0.45776807308279
"Yuenbt","Cauchy",120938842,1000,100,100,0.5,1,2,0,0.096,0.0720025171239982,0.119997482876002,0.258,0.230881361804102,0.285118638195898,0.367,0.341927318177447,0.392072681822553
"Yuenbt","Cauchy",4555415,1000,100,100,1,1,1,0,0.919,0.89677477717403,0.94122522282597,0.981,0.972538109998351,0.989461890001649,0.993,0.988662998757782,0.997337001242218
"Yuenbt","Cauchy",99746527,1000,100,100,1,0.5,0.5,0,1,1,1,1,1,1,1,1,1
"Yuenbt","Cauchy",261489,1000,100,100,1,2,2,0,0.314,0.276192954446241,0.351807045553759,0.565,0.534272662985543,0.595727337014457,0.684,0.659815478760166,0.708184521239834
"Yuenbt","Cauchy",1666753,1000,100,100,1,0.5,2,0,0.577,0.536755739737249,0.61724426026275,0.79,0.764754773916639,0.815245226083361,0.868,0.850391890493298,0.885608109506702
"Yuenbt","Cauchy",43024,1000,100,100,1,1,2,0,0.522,0.481309309609986,0.562690690390014,0.723,0.695262641192788,0.750737358807212,0.808,0.787510932319893,0.828489067680107
"Yuenbt","Cauchy",19698082,1000,100,100,1.5,1,1,0,0.998,0.994360630700794,1.00163936929921,1,1,1,1,1,1
"Yuenbt","Cauchy",53918,1000,100,100,1.5,0.5,0.5,0,1,1,1,1,1,1,1,1,1
"Yuenbt","Cauchy",29176,1000,100,100,1.5,2,2,0,0.664,0.625523147624786,0.702476852375214,0.864,0.842753744649939,0.885246255350061,0.92,0.905887472232091,0.934112527767909
"Yuenbt","Cauchy",11466004,1000,100,100,1.5,0.5,2,0,0.914,0.89116146815787,0.93683853184213,0.973,0.962953972247699,0.983046027752301,0.989,0.983574242359357,0.994425757640643
"Yuenbt","Cauchy",112020737,1000,100,100,1.5,1,2,0,0.887,0.861210264362425,0.912789735637575,0.962,0.950149534625172,0.973850465374828,0.975,0.966878463238093,0.983121536761907
"Yuenbt","Cauchy",32795371,1000,100,100,2,1,1,0,1,1,1,1,1,1,1,1,1
"Yuenbt","Cauchy",51059,1000,100,100,2,0.5,0.5,0,1,1,1,1,1,1,1,1,1
"Yuenbt","Cauchy",2666833,1000,100,100,2,2,2,0,0.911,0.887804696977535,0.934195303022466,0.968,0.957091406983483,0.978908593016517,0.983,0.976275389693447,0.989724610306553
"Yuenbt","Cauchy",2984738,1000,100,100,2,0.5,2,0,0.986,0.976429197948761,0.995570802051239,0.996,0.992087847855719,0.999912152144281,0.999,0.997355822705728,1.00064417729427
"Yuenbt","Cauchy",633619,1000,100,100,2,1,2,0,0.99,0.981894805221341,0.998105194778659,0.997,0.993610276471451,1.00038972352855,0.998,0.995675946235562,1.00032405376444
"Yuenbt","Cauchy",23474,1000,100,100,2.5,1,1,0,1,1,1,1,1,1,1,1,1
"Yuenbt","Cauchy",836884,1000,100,100,2.5,0.5,0.5,0,1,1,1,1,1,1,1,1,1
"Yuenbt","Cauchy",203064,1000,100,100,2.5,2,2,0,0.988,0.979130176988462,0.996869823011537,0.997,0.993610276471451,1.00038972352855,0.999,0.997355822705728,1.00064417729427
"Yuenbt","Cauchy",770154,1000,100,100,2.5,0.5,2,0,0.998,0.994360630700794,1.00163936929921,1,1,1,1,1,1
"Yuenbt","Cauchy",259917,1000,100,100,2.5,1,2,0,0.999,0.996425288322161,1.00157471167784,1,1,1,1,1,1
"Yuenbt","Cauchy",3703094,1000,10,100,0,1,1,1,0.007,0.000208440607931048,0.013791559392069,0.03,0.0194268944959392,0.0405731055040608,0.075,0.0612985225477323,0.0887014774522677
"Yuenbt","Cauchy",482857,1000,10,100,0,0.5,0.5,1,0.006,-0.000290927440687899,0.0122909274406879,0.028,0.0177748845678887,0.0382251154321113,0.066,0.0530844974894509,0.0789155025105491
"Yuenbt","Cauchy",1073220,1000,10,100,0,2,2,1,0.011,0.00250349441805633,0.0194965055819437,0.046,0.0330159800369839,0.0589840199630161,0.088,0.0732631501873704,0.10273684981263
"Yuenbt","Cauchy",1103987,1000,10,100,0,0.5,2,1,0.012,0.00313017698846251,0.0208698230115375,0.053,0.0391142610711565,0.0668857389288435,0.109,0.0927886940077303,0.12521130599227
"Yuenbt","Cauchy",17316049,1000,10,100,0,1,2,1,0.002,-0.00163936929920556,0.00563936929920556,0.029,0.0185992493347836,0.0394007506652164,0.075,0.0612985225477323,0.0887014774522677
"Yuenbt","Cauchy",714569,1000,10,100,0.5,1,1,0,0.038,0.0224251026502259,0.0535748973497741,0.119,0.0989313801570711,0.139068619842929,0.208,0.186886503501315,0.229113496498685
"Yuenbt","Cauchy",68450,1000,10,100,0.5,0.5,0.5,0,0.151,0.121833240710974,0.180166759289026,0.314,0.285233769687357,0.342766230312643,0.469,0.44304030508702,0.49495969491298
"Yuenbt","Cauchy",1500755,1000,10,100,0.5,2,2,0,0.019,0.00787865885497617,0.0301213411450238,0.069,0.0532907497823734,0.0847092502176266,0.116,0.0993420701286144,0.132657929871386
"Yuenbt","Cauchy",32026062,1000,10,100,0.5,0.5,2,0,0.081,0.0587747771740304,0.10322522282597,0.211,0.185710758682792,0.236289241317208,0.33,0.305539784802664,0.354460215197336
"Yuenbt","Cauchy",69028,1000,10,100,0.5,1,2,0,0.033,0.0184482218290684,0.0475517781709316,0.101,0.0823234521819475,0.119676547818052,0.176,0.156189937667943,0.195810062332057
"Yuenbt","Cauchy",35240855,1000,10,100,1,1,1,0,0.172,0.141258486133308,0.202741513866692,0.351,0.321417697209311,0.380582302790689,0.485,0.459001973259976,0.510998026740024
"Yuenbt","Cauchy",145753069,1000,10,100,1,0.5,0.5,0,0.513,0.472283632850462,0.553716367149538,0.722,0.694231842236115,0.749768157763885,0.819,0.79897155922257,0.839028440777429
"Yuenbt","Cauchy",66292001,1000,10,100,1,2,2,0,0.052,0.0339136180042552,0.0700863819957448,0.128,0.107292899150291,0.148707100849709,0.204,0.183037768162717,0.224962231837283
"Yuenbt","Cauchy",26454565,1000,10,100,1,0.5,2,0,0.357,0.317971177104914,0.396028822895086,0.596,0.565586256159427,0.626413743840573,0.693,0.669006052330327,0.716993947669673
"Yuenbt","Cauchy",529203,1000,10,100,1,1,2,0,0.139,0.110819101577416,0.167180898422584,0.305,0.276463651950539,0.333536348049461,0.417,0.391351131725259,0.442648868274741
"Yuenbt","Cauchy",82404,1000,10,100,1.5,1,1,0,0.353,0.314069915021721,0.391930084978279,0.576,0.545369771166379,0.606630228833621,0.69,0.665941347762187,0.714058652237812
"Yuenbt","Cauchy",31287,1000,10,100,1.5,0.5,0.5,0,0.689,0.651291811956765,0.726708188043235,0.857,0.835302259988653,0.878697740011347,0.916,0.901570433561607,0.930429566438393
"Yuenbt","Cauchy",158593041,1000,10,100,1.5,2,2,0,0.092,0.0684558673139994,0.115544132686001,0.221,0.195282962565645,0.246717037434355,0.34,0.315357921962627,0.364642078037373
"Yuenbt","Cauchy",114411,1000,10,100,1.5,0.5,2,0,0.677,0.638907326508947,0.715092673491053,0.847,0.82468774360133,0.86931225639867,0.902,0.886533850320781,0.917466149679219
"Yuenbt","Cauchy",1033637,1000,10,100,1.5,1,2,0,0.346,0.307249904046777,0.384750095953223,0.559,0.528226189862157,0.589773810137843,0.673,0.648596770136414,0.697403229863586
"Yuenbt","Cauchy",8051315,1000,10,100,2,1,1,0,0.485,0.444288196424133,0.525711803575867,0.704,0.675706396934996,0.732293603065004,0.806,0.78543000016772,0.82656999983228
"Yuenbt","Cauchy",2988026,1000,10,100,2,0.5,0.5,0,0.798,0.765294334617746,0.830705665382255,0.908,0.890085985999782,0.925914014000218,0.941,0.928742928491071,0.953257071508929
"Yuenbt","Cauchy",150061912,1000,10,100,2,2,2,0,0.178,0.146840407556966,0.209159592443034,0.345,0.315536368859219,0.374463631140781,0.474,0.448025455208994,0.499974544791006
"Yuenbt","Cauchy",795494,1000,10,100,2,0.5,2,0,0.866,0.838250369549416,0.893749630450584,0.93,0.914185824080908,0.945814175919092,0.957,0.946447482064692,0.967552517935308
"Yuenbt","Cauchy",2061088,1000,10,100,2,1,2,0,0.547,0.5064502087451,0.5875497912549,0.735,0.707645884404719,0.762354115595281,0.825,0.805234313587052,0.844765686412948
"Yuenbt","Cauchy",36635246,1000,10,100,2.5,1,1,0,0.599,0.559076238160414,0.638923761839586,0.802,0.777301200158712,0.826698799841288,0.887,0.870531011209701,0.903468988790299
"Yuenbt","Cauchy",1010779,1000,10,100,2.5,0.5,0.5,0,0.857,0.828482970270801,0.885517029729199,0.944,0.929749303792446,0.958250696207554,0.967,0.957707424265845,0.976292575734155
"Yuenbt","Cauchy",77496514,1000,10,100,2.5,2,2,0,0.258,0.222358361228249,0.293641638771751,0.434,0.403280853032677,0.464719146967323,0.569,0.543239121424629,0.594760878575371
"Yuenbt","Cauchy",313357,1000,10,100,2.5,0.5,2,0,0.931,0.910353556856834,0.951646443143166,0.972,0.961774884567889,0.982225115432111,0.985,0.978676905870146,0.991323094129854
"Yuenbt","Cauchy",126956,1000,10,100,2.5,1,2,0,0.676,0.637876592457861,0.714123407542139,0.816,0.791983480885024,0.840016519114976,0.875,0.857796178204393,0.892203821795607
