"method","distribution","seed","N","n1","n2","delta","sd1","sd2","null","power0.01","l_CI","u_CI","power0.05","l_CI","u_CI","power0.10","l_CI","u_CI"
"Cucconi","Normal2Var",104481785,1000,10,10,0,1,2,1,0.07,0.0492156545063358,0.0907843454936642,0.26,0.232813167893261,0.287186832106739,0.404,0.378474179276662,0.429525820723338
"Cucconi","Normal2Var",21130,1000,10,10,0,3,5,1,0.052,0.0339136180042552,0.0700863819957448,0.185,0.16093306749916,0.20906693250084,0.3,0.276161685252518,0.323838314747482
"Cucconi","Normal2Var",26934,1000,10,10,0,1,5,1,0.611,0.571286216449399,0.650713783550601,0.874,0.853431763361921,0.894568236638079,0.937,0.924361196188919,0.949638803811081
"Cucconi","Normal2Var",790602,1000,10,10,0.5,1,2,0,0.097,0.0728911996230422,0.121108800376958,0.308,0.279385611004252,0.336614388995748,0.455,0.429095819847465,0.480904180152535
"Cucconi","Normal2Var",4278014,1000,10,10,1.5,1,2,0,0.28,0.243424428348965,0.316575571651035,0.601,0.570648528233379,0.631351471766621,0.726,0.702798850953024,0.749201149046976
"Cucconi","Normal2Var",186120,1000,10,10,2,1,2,0,0.46,0.419400409381374,0.500599590618626,0.763,0.736643210180297,0.789356789819703,0.871,0.853563077594512,0.888436922405488
"Cucconi","Normal2Var",1156271,1000,10,10,2.5,1,2,0,0.663,0.624494960492736,0.701505039507265,0.884,0.864152253770264,0.903847746229736,0.944,0.932039594254374,0.955960405745626
"Cucconi","Normal2Var",209217877,1000,10,10,0.5,3,5,0,0.045,0.0281129495292991,0.0618870504707009,0.166,0.142938203226982,0.189061796773018,0.277,0.25372043100109,0.30027956899891
"Cucconi","Normal2Var",288109,1000,10,10,1.5,3,5,0,0.062,0.0423554030569217,0.0816445969430783,0.199,0.17425434990953,0.22374565009047,0.333,0.308483925298388,0.357516074701612
"Cucconi","Normal2Var",147499486,1000,10,10,2,3,5,0,0.084,0.0614039129815802,0.10659608701842,0.24,0.213529113350702,0.266470886649298,0.362,0.337000545807958,0.386999454192042
"Cucconi","Normal2Var",369170,1000,10,10,2.5,3,5,0,0.098,0.0737806677363722,0.122219332263628,0.284,0.256050647406425,0.311949352593575,0.418,0.392342429228393,0.443657570771607
"Cucconi","Normal2Var",51724310,1000,10,10,0.5,1,5,0,0.624,0.584542271882127,0.663457728117873,0.86,0.838493520976227,0.881506479023773,0.942,0.929840790243605,0.954159209756394
"Cucconi","Normal2Var",106141,1000,10,10,1.5,1,5,0,0.624,0.584542271882127,0.663457728117873,0.875,0.854501829349915,0.895498170650085,0.935,0.922175855998352,0.947824144001648
"Cucconi","Normal2Var",338171887,1000,10,10,2,1,5,0,0.662,0.623466966189307,0.700533033810693,0.916,0.898807325094681,0.933192674905319,0.954,0.94310269753104,0.96489730246896
"Cucconi","Normal2Var",4446424,1000,10,10,2.5,1,5,0,0.647,0.608069915021721,0.685930084978279,0.903,0.884656347539271,0.921343652460729,0.963,0.953180714039453,0.972819285960547
"Cucconi","Normal2Var",94076852,1000,20,20,0,1,2,1,0.319,0.281032259186725,0.356967740813275,0.593,0.562550467957619,0.623449532042381,0.712,0.688443967600634,0.735556032399366
"Cucconi","Normal2Var",31606028,1000,20,20,0,3,5,1,0.116,0.0899143906694898,0.14208560933051,0.342,0.312597648094072,0.371402351905928,0.488,0.461997758127423,0.514002241872577
"Cucconi","Normal2Var",775485,1000,20,20,0,1,5,1,0.985,0.975098303660483,0.994901696339517,0.997,0.993610276471451,1.00038972352855,0.999,0.997355822705728,1.00064417729427
"Cucconi","Normal2Var",195317,1000,20,20,0.5,1,2,0,0.387,0.347323662262553,0.426676337737448,0.644,0.614322726162937,0.673677273837063,0.774,0.752243421291481,0.795756578708519
"Cucconi","Normal2Var",4619283,1000,20,20,1.5,1,2,0,0.766,0.731511987106474,0.800488012893526,0.932,0.916396627236395,0.947603372763605,0.971,0.962270798548836,0.979729201451164
"Cucconi","Normal2Var",98203763,1000,20,20,2,1,2,0,0.918,0.895650175075048,0.940349824924952,0.983,0.974987698358149,0.991012301641851,0.995,0.991330875530184,0.998669124469816
"Cucconi","Normal2Var",38934347,1000,20,20,2.5,1,2,0,0.988,0.979130176988462,0.996869823011537,0.999,0.997040980245123,1.00095901975488,1,1,1
"Cucconi","Normal2Var",125596662,1000,20,20,0.5,3,5,0,0.162,0.131985896537528,0.192014103462472,0.357,0.327304156492869,0.386695843507131,0.498,0.471990474323817,0.524009525676183
"Cucconi","Normal2Var",5286839,1000,20,20,1.5,3,5,0,0.2,0.167415890989625,0.232584109010375,0.453,0.422146897958228,0.483853102041772,0.61,0.584627508054982,0.635372491945018
"Cucconi","Normal2Var",64648,1000,20,20,2,3,5,0,0.233,0.19856330206399,0.26743669793601,0.523,0.492042484053141,0.553957515946859,0.657,0.632305761000286,0.681694238999714
"Cucconi","Normal2Var",8383760,1000,20,20,2.5,3,5,0,0.333,0.294608870254498,0.371391129745502,0.603,0.572674359601156,0.633325640398844,0.742,0.7192397143713,0.7647602856287
"Cucconi","Normal2Var",76574896,1000,20,20,0.5,1,5,0,0.982,0.971169765626913,0.992830234373087,0.998,0.995230914663648,1.00076908533635,0.999,0.997355822705728,1.00064417729427
"Cucconi","Normal2Var",99395,1000,20,20,1.5,1,5,0,0.987,0.977772668757653,0.996227331242347,0.997,0.993610276471451,1.00038972352855,1,1,1
"Cucconi","Normal2Var",574232,1000,20,20,2,1,5,0,0.989,0.980503494418056,0.997496505581944,0.997,0.993610276471451,1.00038972352855,1,1,1
"Cucconi","Normal2Var",59529,1000,20,20,2.5,1,5,0,0.995,0.989254307213225,1.00074569278678,1,1,1,1,1,1
"Cucconi","Normal2Var",15129775,1000,100,100,0,1,2,1,0.999,0.996425288322161,1.00157471167784,1,1,1,1,1,1
"Cucconi","Normal2Var",291515,1000,100,100,0,3,5,1,0.913,0.890041639356086,0.935958360643914,0.983,0.974987698358149,0.991012301641851,0.99,0.98482412833428,0.99517587166572
"Cucconi","Normal2Var",1213116,1000,100,100,0,1,5,1,1,1,1,1,1,1,1,1,1
"Cucconi","Normal2Var",1488643,1000,100,100,0.5,1,2,0,1,1,1,1,1,1,1,1,1
"Cucconi","Normal2Var",20381,1000,100,100,1.5,1,2,0,1,1,1,1,1,1,1,1,1
"Cucconi","Normal2Var",332809,1000,100,100,2,1,2,0,1,1,1,1,1,1,1,1,1
"Cucconi","Normal2Var",34462025,1000,100,100,2.5,1,2,0,1,1,1,1,1,1,1,1,1
"Cucconi","Normal2Var",57396335,1000,100,100,0.5,3,5,0,0.924,0.902413181479801,0.945586818520199,0.984,0.976222972907338,0.991777027092662,0.993,0.988662998757782,0.997337001242218
"Cucconi","Normal2Var",324995,1000,100,100,1.5,3,5,0,0.982,0.971169765626913,0.992830234373087,0.997,0.993610276471451,1.00038972352855,1,1,1
"Cucconi","Normal2Var",28494758,1000,100,100,2,3,5,0,0.997,0.99254493479105,1.00145506520895,0.999,0.997040980245123,1.00095901975488,0.999,0.997355822705728,1.00064417729427
"Cucconi","Normal2Var",171584,1000,100,100,2.5,3,5,0,0.998,0.994360630700794,1.00163936929921,0.999,0.997040980245123,1.00095901975488,1,1,1
"Cucconi","Normal2Var",348981131,1000,100,100,0.5,1,5,0,1,1,1,1,1,1,1,1,1
"Cucconi","Normal2Var",71873,1000,100,100,1.5,1,5,0,1,1,1,1,1,1,1,1,1
"Cucconi","Normal2Var",41590128,1000,100,100,2,1,5,0,1,1,1,1,1,1,1,1,1
"Cucconi","Normal2Var",306405475,1000,100,100,2.5,1,5,0,1,1,1,1,1,1,1,1,1
"Cucconi","Normal2Var",37469837,1000,10,100,0,1,2,1,0.057,0.0381140370704589,0.0758859629295411,0.41,0.37951585592476,0.44048414407524,0.636,0.610970904698731,0.661029095301269
"Cucconi","Normal2Var",6828185,1000,10,100,0,3,5,1,0.014,0.00442919794876103,0.023570802051239,0.178,0.154291614445517,0.201708385554483,0.356,0.331092288029608,0.380907711970392
"Cucconi","Normal2Var",1088656,1000,10,100,0,1,5,1,0.847,0.817675320161748,0.876324679838252,1,1,1,1,1,1
"Cucconi","Normal2Var",174779691,1000,10,100,0.5,1,2,0,0.026,0.0130368062799324,0.0389631937200676,0.387,0.35681148215629,0.41718851784371,0.615,0.589687570851951,0.640312429148049
"Cucconi","Normal2Var",1474535,1000,10,100,1.5,1,2,0,0.258,0.222358361228249,0.293641638771751,0.784,0.758494080875216,0.809505919124784,0.928,0.914553596525465,0.941446403474536
"Cucconi","Normal2Var",113885857,1000,10,100,2,1,2,0,0.729,0.692792856080823,0.765207143919177,0.978,0.968908472867554,0.987091527132446,0.997,0.994155053467111,0.999844946532889
"Cucconi","Normal2Var",106250,1000,10,100,2.5,1,2,0,0.96,0.944037111840272,0.975962888159728,1,1,1,1,1,1
"Cucconi","Normal2Var",25944,1000,10,100,0.5,3,5,0,0.012,0.00313017698846251,0.0208698230115375,0.199,0.17425434990953,0.22374565009047,0.356,0.331092288029608,0.380907711970392
"Cucconi","Normal2Var",39098,1000,10,100,1.5,3,5,0,0.012,0.00313017698846251,0.0208698230115375,0.209,0.18379901846356,0.23420098153644,0.403,0.377484411416254,0.428515588583746
"Cucconi","Normal2Var",161577648,1000,10,100,2,3,5,0,0.022,0.0100511357687854,0.0339488642312146,0.24,0.213529113350702,0.266470886649298,0.463,0.437061578656846,0.488938421343154
"Cucconi","Normal2Var",687945,1000,10,100,2.5,3,5,0,0.049,0.0314153326496064,0.0665846673503936,0.308,0.279385611004252,0.336614388995748,0.564,0.53820421794944,0.58979578205056
"Cucconi","Normal2Var",5466709,1000,10,100,0.5,1,5,0,0.851,0.821992936015101,0.880007063984899,1,1,1,1,1,1
"Cucconi","Normal2Var",4381060,1000,10,100,1.5,1,5,0,0.572,0.531694365937055,0.612305634062945,0.999,0.997040980245123,1.00095901975488,1,1,1
"Cucconi","Normal2Var",510381,1000,10,100,2,1,5,0,0.41,0.369935124929684,0.450064875070316,0.998,0.995230914663648,1.00076908533635,1,1,1
"Cucconi","Normal2Var",113805234,1000,10,100,2.5,1,5,0,0.253,0.217586698233347,0.288413301766653,0.999,0.997040980245123,1.00095901975488,1,1,1
