"method","distribution","seed","N","n1","n2","delta","sd","g1","g2","h","null","power0.01","l_CI","u_CI","power0.05","l_CI","u_CI","power0.10","l_CI","u_CI"
"Yuenbt","ghEqual",53717169,1000,10,10,0,1,1,1,0,1,0.002,-0.00163936929920556,0.00563936929920556,0.028,0.0177748845678887,0.0382251154321113,0.071,0.0576401084220343,0.0843598915779657
"Yuenbt","ghEqual",1183955,1000,10,10,0,1,3,3,0,1,0.003,-0.00145506520895037,0.00745506520895037,0.016,0.00822297290733792,0.0237770270926621,0.052,0.0404502723668478,0.0635497276331522
"Yuenbt","ghEqual",19419,1000,10,10,0,1,1,3,0,1,0.007,0.000208440607931048,0.013791559392069,0.035,0.0236092124943005,0.0463907875056995,0.083,0.0686487537553354,0.0973512462446646
"Yuenbt","ghEqual",1223268,1000,10,10,0,1,-1,1,0,1,0.011,0.00250349441805633,0.0194965055819437,0.044,0.031288074009026,0.056711925990974,0.098,0.0825338503207812,0.113466149679219
"Yuenbt","ghEqual",4608123,1000,10,10,0,1,-3,3,0,1,0.003,-0.00145506520895037,0.00745506520895037,0.036,0.0244536202037175,0.0475463797962825,0.119,0.102156694060399,0.135843305939601
"Yuenbt","ghEqual",16763679,1000,10,10,0,1,-1,3,0,1,0.006,-0.000290927440687899,0.0122909274406879,0.049,0.0356203617986135,0.0623796382013865,0.107,0.0909200934463225,0.123079906553677
"Yuenbt","ghEqual",4445368,1000,10,10,0,1,1,-3,0,1,0.007,0.000208440607931048,0.013791559392069,0.033,0.0219279948699434,0.0440720051300566,0.093,0.0778918593210481,0.108108140678952
"Yuenbt","ghEqual",76459921,1000,10,10,0.5,3,1,1,0,0,0.01,0.00189480522134107,0.0181051947786589,0.044,0.031288074009026,0.056711925990974,0.088,0.0732631501873704,0.10273684981263
"Yuenbt","ghEqual",37232,1000,10,10,0.5,3,3,3,0,0,0.007,0.000208440607931048,0.013791559392069,0.037,0.0253004252384969,0.0486995747615031,0.08,0.0658874722320911,0.0941125277679089
"Yuenbt","ghEqual",107901172,1000,10,10,0.5,3,1,3,0,0,0.007,0.000208440607931048,0.013791559392069,0.045,0.0321511572505536,0.0578488427494463,0.113,0.0965310112097008,0.129468988790299
"Yuenbt","ghEqual",181394,1000,10,10,0.5,3,-1,1,0,0,0.016,0.00577876439250127,0.0262212356074987,0.062,0.0470530240650491,0.0769469759349509,0.136,0.118168321402627,0.153831678597373
"Yuenbt","ghEqual",953455,1000,10,10,0.5,3,-3,3,0,0,0.009,0.00130685460010016,0.0166931453998998,0.086,0.0686228562070748,0.103377143792925,0.2,0.179192212996092,0.220807787003908
"Yuenbt","ghEqual",206527674,1000,10,10,0.5,3,-1,3,0,0,0.015,0.00509830366048322,0.0249016963395168,0.056,0.0417493037924458,0.0702506962075542,0.155,0.136173911070671,0.173826088929329
"Yuenbt","ghEqual",22199722,1000,10,10,0.5,3,1,-3,0,0,0.008,0.000743174362298623,0.0152568256377014,0.046,0.0330159800369839,0.0589840199630161,0.086,0.0714156114595092,0.100584388540491
"Yuenbt","ghEqual",22936706,1000,10,10,1,3,1,1,0,0,0.013,0.00377266875765262,0.0222273312423474,0.073,0.0568765725231885,0.0891234274768115,0.156,0.137124458270026,0.174875541729974
"Yuenbt","ghEqual",9953212,1000,10,10,1,3,3,3,0,0,0.01,0.00189480522134107,0.0181051947786589,0.05,0.0364916322229516,0.0635083677770484,0.143,0.124789396776191,0.161210603223809
"Yuenbt","ghEqual",14725675,1000,10,10,1,3,1,3,0,0,0.021,0.00931989217584016,0.0326801078241598,0.099,0.0804887364450722,0.117511263554928,0.191,0.170551717016458,0.211448282983542
"Yuenbt","ghEqual",3833175,1000,10,10,1,3,-1,1,0,0,0.013,0.00377266875765262,0.0222273312423474,0.087,0.0695316821187614,0.104468317881239,0.193,0.172470360456769,0.213529639543231
"Yuenbt","ghEqual",5153567,1000,10,10,1,3,-3,3,0,0,0.022,0.0100511357687854,0.0339488642312146,0.14,0.118493520976227,0.161506479023773,0.322,0.297694269114055,0.346305730885945
"Yuenbt","ghEqual",9670393,1000,10,10,1,3,-1,3,0,0,0.019,0.00787865885497617,0.0301213411450238,0.112,0.0924533847022048,0.131546615297795,0.258,0.2352397143713,0.2807602856287
"Yuenbt","ghEqual",35515,1000,10,10,1,3,1,-3,0,0,0.007,0.000208440607931048,0.013791559392069,0.047,0.0338824885896753,0.0601175114103247,0.085,0.0704927227097915,0.0995072772902085
"Yuenbt","ghEqual",175064,1000,10,10,1.5,3,1,1,0,0,0.023,0.0107888361530934,0.0352111638469066,0.108,0.0887624227720848,0.127237577227915,0.21,0.188812042394322,0.231187957605678
"Yuenbt","ghEqual",9126238,1000,10,10,1.5,3,3,3,0,0,0.025,0.0122820190281633,0.0377179809718367,0.107,0.087840962404129,0.126159037595871,0.233,0.211009173872385,0.254990826127615
"Yuenbt","ghEqual",37795,1000,10,10,1.5,3,1,3,0,0,0.03,0.0161039184803773,0.0438960815196227,0.156,0.133509992832371,0.178490007167629,0.287,0.26346839143248,0.31053160856752
"Yuenbt","ghEqual",61972237,1000,10,10,1.5,3,-1,1,0,0,0.036,0.0208247579820287,0.0511752420179712,0.188,0.163783408794795,0.212216591205205,0.345,0.320271595292559,0.369728404707441
"Yuenbt","ghEqual",64318,1000,10,10,1.5,3,-3,3,0,0,0.029,0.0153304419828584,0.0426695580171416,0.215,0.189536967187705,0.240463032812295,0.491,0.464994480163338,0.517005519836662
"Yuenbt","ghEqual",2909411,1000,10,10,1.5,3,-1,3,0,0,0.03,0.0161039184803773,0.0438960815196227,0.173,0.149555991093672,0.196444008906328,0.383,0.35771238497258,0.40828761502742
"Yuenbt","ghEqual",113370916,1000,10,10,1.5,3,1,-3,0,0,0.024,0.0115325857923946,0.0364674142076054,0.08,0.0631850732978107,0.0968149267021893,0.127,0.10967892330786,0.14432107669214
"Yuenbt","ghEqual",8675728,1000,10,10,2,3,1,1,0,0,0.051,0.0330789251822331,0.0689210748177669,0.213,0.187623411387659,0.238376588612341,0.349,0.324204714682525,0.373795285317475
"Yuenbt","ghEqual",5641024,1000,10,10,2,3,3,3,0,0,0.05,0.0322461452073078,0.0677538547926922,0.203,0.178069370132305,0.227930629867695,0.328,0.303577649449736,0.352422350550264
"Yuenbt","ghEqual",527714,1000,10,10,2,3,1,3,0,0,0.07,0.0492156545063358,0.0907843454936642,0.226,0.200077267921764,0.251922732078236,0.407,0.381444142750144,0.432555857249856
"Yuenbt","ghEqual",795642,1000,10,10,2,3,-1,1,0,0,0.057,0.0381140370704589,0.0758859629295411,0.246,0.219306267881767,0.272693732118233,0.457,0.431086628745472,0.482913371254528
"Yuenbt","ghEqual",88898,1000,10,10,2,3,-3,3,0,0,0.061,0.0415040872615822,0.0804959127384178,0.377,0.346962016818701,0.407037983181299,0.671,0.646558654436079,0.695441345563921
"Yuenbt","ghEqual",73476048,1000,10,10,2,3,-1,3,0,0,0.057,0.0381140370704589,0.0758859629295411,0.315,0.286209007658644,0.343790992341356,0.552,0.526131309302557,0.577868690697444
"Yuenbt","ghEqual",32440,1000,10,10,2,3,1,-3,0,0,0.034,0.0192370251323116,0.0487629748676884,0.114,0.0943018537318863,0.133698146268114,0.187,0.166717009915326,0.207282990084674
"Yuenbt","ghEqual",29839,1000,10,10,2.5,3,1,1,0,0,0.086,0.0631614681578697,0.10883853184213,0.309,0.280359912877228,0.337640087122772,0.485,0.459001973259976,0.510998026740024
"Yuenbt","ghEqual",21315194,1000,10,10,2.5,3,3,3,0,0,0.077,0.0552833880152543,0.0987166119847457,0.255,0.227985041921187,0.282014958078813,0.41,0.384415093365423,0.435584906634577
"Yuenbt","ghEqual",79126,1000,10,10,2.5,3,1,3,0,0,0.093,0.0693412945963647,0.116658705403635,0.34,0.310639226168236,0.369360773831764,0.536,0.510057771074944,0.561942228925056
"Yuenbt","ghEqual",436774,1000,10,10,2.5,3,-1,1,0,0,0.067,0.0466331398213667,0.0873668601786333,0.389,0.358782990776716,0.419217009223284,0.639,0.614015542011582,0.663984457988418
"Yuenbt","ghEqual",63626,1000,10,10,2.5,3,-3,3,0,0,0.079,0.0570270068951906,0.100972993104809,0.446,0.415190944603899,0.476809055396101,0.79,0.768812042394322,0.811187957605678
"Yuenbt","ghEqual",225583182,1000,10,10,2.5,3,-1,3,0,0,0.083,0.0605265590721848,0.105473440927815,0.437,0.406256664305902,0.467743335694098,0.712,0.688443967600634,0.735556032399366
"Yuenbt","ghEqual",356209535,1000,10,10,2.5,3,1,-3,0,0,0.052,0.0339136180042552,0.0700863819957448,0.166,0.142938203226982,0.189061796773018,0.254,0.231356050673524,0.276643949326476
"Yuenbt","ghEqual",43579530,1000,20,20,0,1,1,1,0,1,0.007,0.000208440607931048,0.013791559392069,0.047,0.0338824885896753,0.0601175114103247,0.098,0.0825338503207812,0.113466149679219
"Yuenbt","ghEqual",149689350,1000,20,20,0,1,3,3,0,1,0.001,-0.0015747116778389,0.0035747116778389,0.034,0.0227673017311066,0.0452326982688934,0.085,0.0704927227097915,0.0995072772902085
"Yuenbt","ghEqual",839884,1000,20,20,0,1,1,3,0,1,0.004,-0.00114168567534034,0.00914168567534034,0.039,0.0270008614309193,0.0509991385690807,0.089,0.0741877820372842,0.103812217962716
"Yuenbt","ghEqual",22734159,1000,20,20,0,1,-1,1,0,1,0.005,-0.000745692786775151,0.0107456927867752,0.058,0.0435124309285512,0.0724875690714488,0.128,0.110620826072566,0.145379173927434
"Yuenbt","ghEqual",53754855,1000,20,20,0,1,-3,3,0,1,0.016,0.00577876439250127,0.0262212356074987,0.132,0.111020124843079,0.152979875156921,0.285,0.261517661011411,0.308482338988589
"Yuenbt","ghEqual",7246267,1000,20,20,0,1,-1,3,0,1,0.012,0.00313017698846251,0.0208698230115375,0.096,0.0777410456378247,0.114258954362175,0.19,0.16959271582253,0.21040728417747
"Yuenbt","ghEqual",63844,1000,20,20,0,1,1,-3,0,1,0.008,0.000743174362298623,0.0152568256377014,0.081,0.0640895043715449,0.0979104956284551,0.171,0.151414204178155,0.190585795821845
"Yuenbt","ghEqual",389110,1000,20,20,0.5,3,1,1,0,0,0.014,0.00442919794876103,0.023570802051239,0.076,0.0595752467781096,0.0924247532218904,0.151,0.132374487954019,0.169625512045981
"Yuenbt","ghEqual",339241,1000,20,20,0.5,3,3,3,0,0,0.007,0.000208440607931048,0.013791559392069,0.055,0.0408696369473392,0.0691303630526608,0.13,0.112505674419973,0.147494325580027
"Yuenbt","ghEqual",40923,1000,20,20,0.5,3,1,3,0,0,0.012,0.00313017698846251,0.0208698230115375,0.098,0.079572247190718,0.116427752809282,0.186,0.16575887826478,0.20624112173522
"Yuenbt","ghEqual",421226,1000,20,20,0.5,3,-1,1,0,0,0.022,0.0100511357687854,0.0339488642312146,0.114,0.0943018537318863,0.133698146268114,0.237,0.214879122829892,0.259120877170108
"Yuenbt","ghEqual",14843672,1000,20,20,0.5,3,-3,3,0,0,0.035,0.0200292507067949,0.0499707492932051,0.291,0.262846934973257,0.319153065026743,0.516,0.490003586639692,0.541996413360308
"Yuenbt","ghEqual",560741,1000,20,20,0.5,3,-1,3,0,0,0.024,0.0115325857923946,0.0364674142076054,0.17,0.146718037883374,0.193281962116626,0.327,0.302596770136414,0.351403229863586
"Yuenbt","ghEqual",243597650,1000,20,20,0.5,3,1,-3,0,0,0.008,0.000743174362298623,0.0152568256377014,0.043,0.0304267871409094,0.0555732128590905,0.101,0.0853250402241345,0.116674959775865
"Yuenbt","ghEqual",16983441,1000,20,20,1,3,1,1,0,0,0.04,0.0240371118402715,0.0559628881597285,0.16,0.137277521261975,0.182722478738025,0.24,0.217783362990767,0.262216637009233
"Yuenbt","ghEqual",7396330,1000,20,20,1,3,3,3,0,0,0.031,0.0168814988308249,0.0451185011691751,0.141,0.119429400787183,0.162570599212817,0.232,0.210042115074534,0.253957884925466
"Yuenbt","ghEqual",1396557,1000,20,20,1,3,1,3,0,0,0.058,0.0389591949346673,0.0770408050653327,0.268,0.240547682764473,0.295452317235527,0.414,0.388377890619623,0.439622109380377
"Yuenbt","ghEqual",70959,1000,20,20,1,3,-1,1,0,0,0.056,0.0372705135557859,0.0747294864442141,0.257,0.229915735904404,0.284084264095596,0.392,0.366604268579149,0.417395731420851
"Yuenbt","ghEqual",77214438,1000,20,20,1,3,-3,3,0,0,0.087,0.0640416393560864,0.109958360643914,0.468,0.437073212232759,0.498926787767242,0.733,0.709986985013367,0.756013014986633
"Yuenbt","ghEqual",230973,1000,20,20,1,3,-1,3,0,0,0.095,0.0711146312232781,0.118885368776722,0.367,0.337126166339085,0.396873833660915,0.578,0.552308701981021,0.603691298018979
"Yuenbt","ghEqual",107607,1000,20,20,1,3,1,-3,0,0,0.016,0.00577876439250127,0.0262212356074987,0.059,0.0443958296914888,0.0736041703085112,0.095,0.0797471150474738,0.110252884952526
"Yuenbt","ghEqual",13535028,1000,20,20,1.5,3,1,1,0,0,0.085,0.062282221094482,0.107717778905518,0.27,0.242483107733612,0.297516892266388,0.402,0.376494753757315,0.427505246242685
"Yuenbt","ghEqual",26702,1000,20,20,1.5,3,3,3,0,0,0.087,0.0640416393560864,0.109958360643914,0.276,0.24829361303959,0.30370638696041,0.421,0.3953169715965,0.4466830284035
"Yuenbt","ghEqual",1934485,1000,20,20,1.5,3,1,3,0,0,0.131,0.103515275077527,0.158484724922473,0.395,0.364700720140571,0.425299279859429,0.571,0.545253831780729,0.596746168219271
"Yuenbt","ghEqual",13235385,1000,20,20,1.5,3,-1,1,0,0,0.115,0.0890123855962114,0.140987614403789,0.428,0.397332669734716,0.458667330265284,0.613,0.587663208238315,0.638336791761685
"Yuenbt","ghEqual",4956289,1000,20,20,1.5,3,-3,3,0,0,0.206,0.173054984206044,0.238945015793956,0.731,0.703515306397924,0.758484693602076,0.93,0.916727388067905,0.943272611932095
"Yuenbt","ghEqual",367040,1000,20,20,1.5,3,-1,3,0,0,0.145,0.116317769793825,0.173682230206175,0.574,0.543350964152196,0.604649035847804,0.772,0.750175616929682,0.793824383070318
"Yuenbt","ghEqual",39282199,1000,20,20,1.5,3,1,-3,0,0,0.03,0.0161039184803773,0.0438960815196227,0.116,0.096152253770264,0.135847746229736,0.176,0.156189937667943,0.195810062332057
"Yuenbt","ghEqual",117551123,1000,20,20,2,3,1,1,0,0,0.213,0.179647912109495,0.246352087890505,0.471,0.44006184856201,0.50193815143799,0.609,0.583615832356073,0.634384167643927
"Yuenbt","ghEqual",87098,1000,20,20,2,3,3,3,0,0,0.185,0.153369174427467,0.216630825572533,0.44,0.409233618347293,0.470766381652707,0.574,0.548276702056307,0.599723297943693
"Yuenbt","ghEqual",5008608,1000,20,20,2,3,1,3,0,0,0.261,0.225224284226532,0.296775715773468,0.567,0.536289170353115,0.597710829646885,0.706,0.682300350781077,0.729699649218923
"Yuenbt","ghEqual",18939898,1000,20,20,2,3,-1,1,0,0,0.235,0.200460940510778,0.269539059489222,0.673,0.643923811226366,0.702076188773634,0.839,0.819881235631584,0.858118764368416
"Yuenbt","ghEqual",369556,1000,20,20,2,3,-3,3,0,0,0.349,0.310171638311358,0.387828361688642,0.877,0.856643250907868,0.897356749092132,0.978,0.970369611156697,0.985630388843303
"Yuenbt","ghEqual",116669317,1000,20,20,2,3,-1,3,0,0,0.296,0.258814121685995,0.333185878314005,0.814,0.789882918783567,0.838117081216432,0.928,0.914553596525465,0.941446403474536
"Yuenbt","ghEqual",248659,1000,20,20,2,3,1,-3,0,0,0.052,0.0339136180042552,0.0700863819957448,0.174,0.150502550810779,0.19749744918922,0.278,0.254694581876739,0.301305418123261
"Yuenbt","ghEqual",38225859,1000,20,20,2.5,3,1,1,0,0,0.328,0.289755638287246,0.366244361712754,0.622,0.591946354204523,0.652053645795477,0.75,0.7274749098226,0.7725250901774
"Yuenbt","ghEqual",704088,1000,20,20,2.5,3,3,3,0,0,0.286,0.249188969013297,0.322811030986703,0.565,0.534272662985543,0.595727337014457,0.703,0.679230404593788,0.726769595406212
"Yuenbt","ghEqual",194595354,1000,20,20,2.5,3,1,3,0,0,0.393,0.353213431907539,0.432786568092461,0.725,0.697324758356972,0.752675241643028,0.834,0.814644563422645,0.853355436577355
"Yuenbt","ghEqual",2443202,1000,20,20,2.5,3,-1,1,0,0,0.438,0.397584210052802,0.478415789947198,0.849,0.826807900540958,0.871192099459042,0.952,0.94087999467626,0.96312000532374
"Yuenbt","ghEqual",13694284,1000,20,20,2.5,3,-3,3,0,0,0.5,0.459269863737031,0.540730136262969,0.949,0.935364399595177,0.962635600404823,0.997,0.994155053467111,0.999844946532889
"Yuenbt","ghEqual",159356,1000,20,20,2.5,3,-1,3,0,0,0.476,0.435316811911749,0.516683188088251,0.925,0.908674835376022,0.941325164623979,0.988,0.982335846718176,0.993664153281824
"Yuenbt","ghEqual",28200,1000,20,20,2.5,3,1,-3,0,0,0.094,0.0702275531914782,0.117772446808522,0.282,0.254110363903414,0.309889636096586,0.396,0.370559129661114,0.421440870338886
"Yuenbt","ghEqual",350300,1000,100,100,0,1,1,1,0,1,0.014,0.00442919794876103,0.023570802051239,0.055,0.0408696369473392,0.0691303630526608,0.11,0.0937236414545513,0.126276358545449
"Yuenbt","ghEqual",6864438,1000,100,100,0,1,3,3,0,1,0.009,0.00130685460010016,0.0166931453998998,0.045,0.0321511572505536,0.0578488427494463,0.087,0.0723390903496747,0.101660909650325
"Yuenbt","ghEqual",1255052,1000,100,100,0,1,1,3,0,1,0.028,0.0145612768606538,0.0414387231393462,0.119,0.0989313801570711,0.139068619842929,0.183,0.162885813370285,0.203114186629715
"Yuenbt","ghEqual",707877,1000,100,100,0,1,-1,1,0,1,0.044,0.0272928972690056,0.0607071027309944,0.18,0.156187814883972,0.203812185116028,0.291,0.267371534709698,0.314628465290302
"Yuenbt","ghEqual",92253,1000,100,100,0,1,-3,3,0,1,0.414,0.373876867012856,0.454123132987143,0.765,0.738720280823418,0.791279719176582,0.876,0.858855343118044,0.893144656881956
"Yuenbt","ghEqual",1017898,1000,100,100,0,1,-1,3,0,1,0.158,0.128288098412656,0.187711901587344,0.438,0.407248855474958,0.468751144525042,0.578,0.552308701981021,0.603691298018979
"Yuenbt","ghEqual",82077,1000,100,100,0,1,1,-3,0,1,0.165,0.134763531317298,0.195236468682702,0.458,0.427119206331443,0.488880793668557,0.622,0.596776404421653,0.647223595578347
"Yuenbt","ghEqual",2739028,1000,100,100,0.5,3,1,1,0,0,0.068,0.0474927100821196,0.0885072899178804,0.191,0.166636088360035,0.215363911639965,0.278,0.254694581876739,0.301305418123261
"Yuenbt","ghEqual",126106094,1000,100,100,0.5,3,3,3,0,0,0.059,0.0398059475945281,0.0781940524054719,0.188,0.163783408794795,0.212216591205205,0.28,0.256643317016323,0.303356682983677
"Yuenbt","ghEqual",1902428,1000,100,100,0.5,3,1,3,0,0,0.205,0.172114355812908,0.237885644187092,0.464,0.433090110216955,0.494909889783045,0.603,0.577548123236684,0.628451876763315
"Yuenbt","ghEqual",32282,1000,100,100,0.5,3,-1,1,0,0,0.326,0.287815719912194,0.364184280087806,0.623,0.592962016818701,0.653037983181299,0.762,0.739847034737986,0.784152965262014
"Yuenbt","ghEqual",557680,1000,100,100,0.5,3,-3,3,0,0,0.849,0.819833240710974,0.878166759289026,0.989,0.982535267491999,0.995464732508001,0.998,0.995675946235562,1.00032405376444
"Yuenbt","ghEqual",1328802,1000,100,100,0.5,3,-1,3,0,0,0.615,0.5753618130788,0.6546381869212,0.873,0.852362121388088,0.893637878611912,0.939,0.92655016441976,0.95144983558024
"Yuenbt","ghEqual",46769,1000,100,100,0.5,3,1,-3,0,0,0.029,0.0153304419828584,0.0426695580171416,0.102,0.083241663357323,0.120758336642677,0.193,0.172470360456769,0.213529639543231
"Yuenbt","ghEqual",39865072,1000,100,100,1,3,1,1,0,0,0.345,0.306276370500688,0.383723629499312,0.59,0.55951585592476,0.62048414407524,0.726,0.702798850953024,0.749201149046976
"Yuenbt","ghEqual",17371363,1000,100,100,1,3,3,3,0,0,0.338,0.299466966189307,0.376533033810693,0.568,0.537297615050293,0.598702384949707,0.696,0.672071949649,0.719928050351
"Yuenbt","ghEqual",251881,1000,100,100,1,3,1,3,0,0,0.617,0.577400670935785,0.656599329064215,0.833,0.809882716041888,0.856117283958112,0.902,0.886533850320781,0.917466149679219
"Yuenbt","ghEqual",667534,1000,100,100,1,3,-1,1,0,0,0.763,0.728359647665533,0.797640352334467,0.93,0.914185824080908,0.945814175919092,0.968,0.95884457371828,0.977155426281719
"Yuenbt","ghEqual",20905,1000,100,100,1,3,-3,3,0,0,0.992,0.984743174362299,0.999256825637701,1,1,1,1,1,1
"Yuenbt","ghEqual",1103098,1000,100,100,1,3,-1,3,0,0,0.936,0.916062359078768,0.955937640921232,0.996,0.992087847855719,0.999912152144281,0.999,0.997355822705728,1.00064417729427
"Yuenbt","ghEqual",68245,1000,100,100,1,3,1,-3,0,0,0.014,0.00442919794876103,0.023570802051239,0.058,0.0435124309285512,0.0724875690714488,0.121,0.104035032774125,0.137964967225875
"Yuenbt","ghEqual",493417,1000,100,100,1.5,3,1,1,0,0,0.712,0.67511225564695,0.74888774435305,0.888,0.868453384702205,0.907546615297795,0.946,0.934242679680301,0.957757320319699
"Yuenbt","ghEqual",173564,1000,100,100,1.5,3,3,3,0,0,0.666,0.627580102075305,0.704419897924695,0.847,0.82468774360133,0.86931225639867,0.903,0.887604434541888,0.918395565458112
"Yuenbt","ghEqual",8100593,1000,100,100,1.5,3,1,3,0,0,0.896,0.871133392857408,0.920866607142592,0.981,0.972538109998351,0.989461890001649,0.993,0.988662998757782,0.997337001242218
"Yuenbt","ghEqual",5248237,1000,100,100,1.5,3,-1,1,0,0,0.988,0.979130176988462,0.996869823011537,0.998,0.995230914663648,1.00076908533635,0.999,0.997355822705728,1.00064417729427
"Yuenbt","ghEqual",15484055,1000,100,100,1.5,3,-3,3,0,0,1,1,1,1,1,1,1,1,1
"Yuenbt","ghEqual",161141,1000,100,100,1.5,3,-1,3,0,0,0.996,0.99085831432466,1.00114168567534,1,1,1,1,1,1
"Yuenbt","ghEqual",110208,1000,100,100,1.5,3,1,-3,0,0,0.125,0.0980595471456028,0.151940452854397,0.292,0.26381849866313,0.32018150133687,0.407,0.381444142750144,0.432555857249856
"Yuenbt","ghEqual",18652,1000,100,100,2,3,1,1,0,0,0.946,0.927588536690855,0.964411463309145,0.992,0.986478502232184,0.997521497767816,0.997,0.994155053467111,0.999844946532889
"Yuenbt","ghEqual",18694,1000,100,100,2,3,3,3,0,0,0.924,0.902413181479801,0.945586818520199,0.982,0.973759604281347,0.990240395718653,0.99,0.98482412833428,0.99517587166572
"Yuenbt","ghEqual",179233,1000,100,100,2,3,1,3,0,0,0.989,0.980503494418056,0.997496505581944,0.999,0.997040980245123,1.00095901975488,1,1,1
"Yuenbt","ghEqual",29563,1000,100,100,2,3,-1,1,0,0,1,1,1,1,1,1,1,1,1
"Yuenbt","ghEqual",66345991,1000,100,100,2,3,-3,3,0,0,1,1,1,1,1,1,1,1,1
"Yuenbt","ghEqual",5582772,1000,100,100,2,3,-1,3,0,0,1,1,1,1,1,1,1,1,1
"Yuenbt","ghEqual",27358,1000,100,100,2,3,1,-3,0,0,0.416,0.375848761357288,0.456151238642712,0.653,0.623496237772108,0.682503762227892,0.756,0.733658017196319,0.778341982803681
"Yuenbt","ghEqual",300908363,1000,100,100,2.5,3,1,1,0,0,0.993,0.986208440607931,0.999791559392069,1,1,1,1,1,1
"Yuenbt","ghEqual",28993712,1000,100,100,2.5,3,3,3,0,0,0.99,0.981894805221341,0.998105194778659,0.999,0.997040980245123,1.00095901975488,1,1,1
"Yuenbt","ghEqual",536111,1000,100,100,2.5,3,1,3,0,0,1,1,1,1,1,1,1,1,1
"Yuenbt","ghEqual",27592963,1000,100,100,2.5,3,-1,1,0,0,1,1,1,1,1,1,1,1,1
"Yuenbt","ghEqual",34940287,1000,100,100,2.5,3,-3,3,0,0,1,1,1,1,1,1,1,1,1
"Yuenbt","ghEqual",640738,1000,100,100,2.5,3,-1,3,0,0,1,1,1,1,1,1,1,1,1
"Yuenbt","ghEqual",53014017,1000,100,100,2.5,3,1,-3,0,0,0.703,0.665777825066017,0.740222174933983,0.879,0.858786422028745,0.899213577971255,0.927,0.91346783765339,0.94053216234661
"Yuenbt","ghEqual",342390458,1000,10,100,0,1,1,1,0,1,0.045,0.0281129495292991,0.0618870504707009,0.083,0.0659006427723145,0.100099357227685,0.116,0.0993420701286144,0.132657929871386
"Yuenbt","ghEqual",321521,1000,10,100,0,1,3,3,0,1,0.062,0.0423554030569217,0.0816445969430783,0.114,0.0943018537318863,0.133698146268114,0.155,0.136173911070671,0.173826088929329
"Yuenbt","ghEqual",3996136,1000,10,100,0,1,1,3,0,1,0.07,0.0492156545063358,0.0907843454936642,0.118,0.098004541475625,0.137995458524375,0.164,0.144738461857889,0.183261538142111
"Yuenbt","ghEqual",183877,1000,10,100,0,1,-1,1,0,1,0.02,0.00859556184636876,0.0314044381536312,0.059,0.0443958296914888,0.0736041703085112,0.101,0.0853250402241345,0.116674959775865
"Yuenbt","ghEqual",224467112,1000,10,100,0,1,-3,3,0,1,0.014,0.00442919794876103,0.023570802051239,0.05,0.0364916322229516,0.0635083677770484,0.14,0.121949919390762,0.158050080609238
"Yuenbt","ghEqual",72459068,1000,10,100,0,1,-1,3,0,1,0.015,0.00509830366048322,0.0249016963395168,0.068,0.0523966272363953,0.0836033727636047,0.136,0.118168321402627,0.153831678597373
"Yuenbt","ghEqual",3676182,1000,10,100,0,1,1,-3,0,1,0.023,0.0107888361530934,0.0352111638469066,0.069,0.0532907497823734,0.0847092502176266,0.128,0.110620826072566,0.145379173927434
"Yuenbt","ghEqual",285387,1000,10,100,0.5,3,1,1,0,0,0.087,0.0640416393560864,0.109958360643914,0.141,0.119429400787183,0.162570599212817,0.194,0.17343000016772,0.21456999983228
"Yuenbt","ghEqual",26294392,1000,10,100,0.5,3,3,3,0,0,0.14,0.111734341854469,0.168265658145531,0.198,0.173301200158712,0.222698799841288,0.237,0.214879122829892,0.259120877170108
"Yuenbt","ghEqual",1190522,1000,10,100,0.5,3,1,3,0,0,0.123,0.0962454154789128,0.149754584521087,0.211,0.185710758682792,0.236289241317208,0.27,0.246905465419282,0.293094534580718
"Yuenbt","ghEqual",84842228,1000,10,100,0.5,3,-1,1,0,0,0.028,0.0145612768606538,0.0414387231393462,0.081,0.0640895043715449,0.0979104956284551,0.166,0.146644563422645,0.185355436577355
"Yuenbt","ghEqual",24770,1000,10,100,0.5,3,-3,3,0,0,0.03,0.0161039184803773,0.0438960815196227,0.154,0.131628164706489,0.176371835293511,0.32,0.295734158988405,0.344265841011595
"Yuenbt","ghEqual",157319410,1000,10,100,0.5,3,-1,3,0,0,0.044,0.0272928972690056,0.0607071027309944,0.133,0.111952939929767,0.154047060070233,0.245,0.222627092849274,0.267372907150726
"Yuenbt","ghEqual",5275759,1000,10,100,0.5,3,1,-3,0,0,0.02,0.00859556184636876,0.0314044381536312,0.05,0.0364916322229516,0.0635083677770484,0.097,0.0816044345418884,0.112395565458112
"Yuenbt","ghEqual",1504860,1000,10,100,1,3,1,1,0,0,0.124,0.0971521968827243,0.150847803117276,0.213,0.187623411387659,0.238376588612341,0.273,0.249825283437008,0.296174716562992
"Yuenbt","ghEqual",439022,1000,10,100,1,3,3,3,0,0,0.207,0.173995920461616,0.240004079538384,0.28,0.252170760700299,0.307829239299701,0.337,0.312411184010307,0.361588815989693
"Yuenbt","ghEqual",83974237,1000,10,100,1,3,1,3,0,0,0.167,0.136617283940767,0.197382716059233,0.26,0.232813167893261,0.287186832106739,0.332,0.30750242051957,0.35649757948043
"Yuenbt","ghEqual",39221055,1000,10,100,1,3,-1,1,0,0,0.048,0.0305865448547395,0.0654134551452605,0.138,0.116622877424686,0.159377122575314,0.281,0.25761790033006,0.30438209966994
"Yuenbt","ghEqual",1842159,1000,10,100,1,3,-3,3,0,0,0.115,0.0890123855962114,0.140987614403789,0.342,0.312597648094072,0.371402351905928,0.572,0.546261347813065,0.597738652186935
"Yuenbt","ghEqual",259301,1000,10,100,1,3,-1,3,0,0,0.085,0.062282221094482,0.107717778905518,0.248,0.221233546488188,0.274766453511812,0.429,0.403253831780729,0.454746168219271
"Yuenbt","ghEqual",48794,1000,10,100,1,3,1,-3,0,0,0.037,0.0216234160277388,0.0523765839722612,0.089,0.071351399874211,0.106648600125789,0.132,0.114391890493298,0.149608109506702
"Yuenbt","ghEqual",468298,1000,10,100,1.5,3,1,1,0,0,0.153,0.123675320161748,0.182324679838252,0.261,0.2337793466941,0.2882206533059,0.348,0.323221254099531,0.372778745900469
"Yuenbt","ghEqual",116341,1000,10,100,1.5,3,3,3,0,0,0.256,0.220448960070569,0.291551039929431,0.327,0.297923811226366,0.356076188773634,0.381,0.355737651930689,0.406262348069311
"Yuenbt","ghEqual",979853,1000,10,100,1.5,3,1,3,0,0,0.226,0.191930123554319,0.260069876445681,0.346,0.316516231339939,0.375483768660061,0.445,0.419148104046802,0.470851895953198
"Yuenbt","ghEqual",929014,1000,10,100,1.5,3,-1,1,0,0,0.106,0.0809234636190721,0.131076536380928,0.316,0.287184400224878,0.344815599775122,0.506,0.479992139013368,0.532007860986632
"Yuenbt","ghEqual",30891126,1000,10,100,1.5,3,-3,3,0,0,0.236,0.201410161088782,0.270589838911218,0.487,0.456020155429699,0.517979844570301,0.704,0.680253583141872,0.727746416858128
"Yuenbt","ghEqual",914076,1000,10,100,1.5,3,-1,3,0,0,0.167,0.136617283940767,0.197382716059233,0.414,0.383471529248913,0.444528470751087,0.623,0.597789549829981,0.648210450170019
"Yuenbt","ghEqual",323412,1000,10,100,1.5,3,1,-3,0,0,0.077,0.0552833880152543,0.0987166119847457,0.145,0.123176563973563,0.166823436026437,0.194,0.17343000016772,0.21456999983228
"Yuenbt","ghEqual",172644045,1000,10,100,2,3,1,1,0,0,0.221,0.187200465086277,0.254799534913723,0.35,0.320437117867163,0.379562882132837,0.454,0.428100573344184,0.479899426655816
"Yuenbt","ghEqual",225994009,1000,10,100,2,3,3,3,0,0,0.303,0.265564506558401,0.340435493441599,0.379,0.348930827507229,0.409069172492771,0.443,0.41715983021002,0.46884016978998
"Yuenbt","ghEqual",393620,1000,10,100,2,3,1,3,0,0,0.265,0.229048876646202,0.300951123353798,0.41,0.37951585592476,0.44048414407524,0.524,0.498020246737122,0.549979753262878
"Yuenbt","ghEqual",640237,1000,10,100,2,3,-1,1,0,0,0.173,0.142187874008826,0.203812125991174,0.454,0.423141108665411,0.484858891334589,0.678,0.653694269114055,0.702305730885946
"Yuenbt","ghEqual",1379369,1000,10,100,2,3,-3,3,0,0,0.345,0.306276370500688,0.383723629499312,0.641,0.611267439558625,0.670732560441375,0.827,0.807323778239332,0.846676221760668
"Yuenbt","ghEqual",3058520,1000,10,100,2,3,-1,3,0,0,0.259,0.223313426976747,0.294686573023253,0.566,0.535280853032677,0.596719146967323,0.768,0.746042115074534,0.789957884925466
"Yuenbt","ghEqual",45052654,1000,10,100,2,3,1,-3,0,0,0.096,0.0720025171239982,0.119997482876002,0.193,0.168539152884661,0.217460847115339,0.259,0.23621101994439,0.28178898005561
"Yuenbt","ghEqual",42729,1000,10,100,2.5,3,1,1,0,0,0.292,0.254961455385828,0.329038544614172,0.447,0.416184274378169,0.477815725621831,0.546,0.520100573344184,0.571899426655816
"Yuenbt","ghEqual",57257,1000,10,100,2.5,3,3,3,0,0,0.312,0.274258654858948,0.349741345141052,0.396,0.365687473638774,0.426312526361226,0.475,0.449022798757853,0.500977201242147
"Yuenbt","ghEqual",42944018,1000,10,100,2.5,3,1,3,0,0,0.371,0.33164878589441,0.41035121410559,0.518,0.487029767169103,0.548970232830898,0.636,0.610970904698731,0.661029095301269
"Yuenbt","ghEqual",83868986,1000,10,100,2.5,3,-1,1,0,0,0.276,0.239585891423461,0.312414108576539,0.616,0.585855225487657,0.646144774512343,0.813,0.792717009915326,0.833282990084674
"Yuenbt","ghEqual",37725,1000,10,100,2.5,3,-3,3,0,0,0.403,0.36304367404758,0.44295632595242,0.685,0.656209007658644,0.713790992341356,0.863,0.845113243956072,0.880886756043928
"Yuenbt","ghEqual",1491304,1000,10,100,2.5,3,-1,3,0,0,0.379,0.339480516152358,0.418519483847642,0.695,0.666463651950539,0.723536348049461,0.864,0.846168321402627,0.881831678597373
"Yuenbt","ghEqual",37435,1000,10,100,2.5,3,1,-3,0,0,0.168,0.137544750433201,0.198455249566799,0.291,0.262846934973257,0.319153065026743,0.376,0.350802809489945,0.401197190510055
