"method","distribution","seed","N","n1","n2","delta","sd","null","power0.01","l_CI","u_CI","power0.05","l_CI","u_CI","power0.10","l_CI","u_CI","ct_0.10","ct_0.05","ct_0.01"
"CVM","Logistic",15793319,10000,10,10,0,1,1,0.0091,0.00665385910075809,0.0115461408992419,0.0475,0.0433309666588045,0.0516690333411955,0.0967,0.0918382217719465,0.101561778228053,967,475,91
"CVM","Logistic",1027015,10000,10,10,0,3,1,0.0086,0.00622141025800917,0.0109785897419908,0.0482,0.0440019032739109,0.0523980967260891,0.0973,0.0924247819630528,0.102175218036947,973,482,86
"CVM","Logistic",22755,10000,10,10,0,5,1,0.0092,0.00674057959837363,0.0116594204016264,0.0478,0.0436184806749699,0.0519815193250301,0.0981,0.0932069506108179,0.102993049389182,981,478,92
"CVM","Logistic",3809427,10000,10,10,0,2,1,0.0091,0.00665385910075809,0.0115461408992419,0.0498,0.0455363823068197,0.0540636176931803,0.0967,0.0918382217719465,0.101561778228053,967,498,91
"CVM","Logistic",170077,10000,10,10,0.5,1,0,0.0254,0.0213470063760741,0.0294529936239259,0.095,0.0892529872107329,0.100747012789267,0.1652,0.159091112265854,0.171308887734146,1652,950,254
"CVM","Logistic",100977,10000,10,10,1.5,1,0,0.2009,0.19057865268455,0.21122134731545,0.4326,0.422889446291874,0.442310553708126,0.5612,0.553036844998875,0.569363155001126,5612,4326,2009
"CVM","Logistic",18699865,10000,10,10,2,1,0,0.3849,0.372365913782033,0.397434086217967,0.6491,0.639745866580468,0.658454133419532,0.7649,0.757924191540475,0.771875808459525,7649,6491,3849
"CVM","Logistic",3183009,10000,10,10,2.5,1,0,0.5912,0.57853606960195,0.60386393039805,0.8274,0.819993138475819,0.834806861524181,0.9004,0.895473785540235,0.905326214459765,9004,8274,5912
"CVM","Logistic",25160,10000,10,10,0.5,3,0,0.0097,0.00717526898390819,0.0122247310160918,0.0506,0.0463040823911066,0.0548959176088934,0.1019,0.0969235993001995,0.106876400699801,1019,506,97
"CVM","Logistic",18624,10000,10,10,1.5,3,0,0.0233,0.0194139855331283,0.0271860144668717,0.0932,0.0875020349209915,0.0988979650790085,0.1593,0.153280030181573,0.165319969818427,1593,932,233
"CVM","Logistic",10026006,10000,10,10,2,3,0,0.0378,0.0328872525953377,0.0427127474046623,0.1271,0.120571534801012,0.133628465198988,0.208,0.201323326169416,0.214676673830584,2080,1271,378
"CVM","Logistic",223369,10000,10,10,2.5,3,0,0.0557,0.0497921637250364,0.0616078362749636,0.1675,0.160180935100711,0.174819064899289,0.2598,0.252586267794276,0.267013732205724,2598,1675,557
"CVM","Logistic",63920,10000,10,10,1,1,0,0.0789,0.0719555516613122,0.0858444483386878,0.2271,0.218888428247016,0.235311571752984,0.3336,0.325843846107664,0.341356153892336,3336,2271,789
"CVM","Logistic",279115,10000,10,10,1,3,0,0.0161,0.0128578412422733,0.0193421587577267,0.07,0.0649991184777082,0.0750008815222919,0.1269,0.121424437916983,0.132375562083017,1269,700,161
"CVM","Logistic",19250661,10000,10,10,5,1,0,0.994,0.992010634069257,0.995989365930743,0.9997,0.99936056896783,1.00003943103217,0.9999,0.999735508225206,1.00006449177479,9999,9997,9940
"CVM","Logistic",6394449,10000,10,10,5,3,0,0.2595,0.248207838748867,0.270792161251133,0.5097,0.49990184433755,0.51949815566245,0.6374,0.629491650908875,0.645308349091125,6374,5097,2595
"CVM","Logistic",7464820,10000,10,10,0.5,5,0,0.0097,0.00717526898390819,0.0122247310160918,0.0486,0.0443854056605173,0.0528145943394827,0.099,0.0940870098313247,0.103912990168675,990,486,97
"CVM","Logistic",10345716,10000,10,10,1,5,0,0.0128,0.00990430099526626,0.0156956990047337,0.058,0.0534186283975211,0.0625813716024789,0.1132,0.107988029391833,0.118411970608167,1132,580,128
"CVM","Logistic",254066969,10000,10,10,1.5,5,0,0.0147,0.0115998067420859,0.0178001932579141,0.0635,0.058720341974576,0.068279658025424,0.1198,0.114458232352872,0.125141767647128,1198,635,147
"CVM","Logistic",97733,10000,10,10,2,5,0,0.0181,0.0146658538321056,0.0215341461678944,0.0803,0.0749735612511172,0.0856264387488828,0.1388,0.13311261476842,0.144487385231581,1388,803,181
"CVM","Logistic",52976,10000,10,10,2.5,5,0,0.0233,0.0194139855331283,0.0271860144668717,0.0898,0.0841964576923521,0.0954035423076479,0.1591,0.153083094808627,0.165116905191373,1591,898,233
"CVM","Logistic",320571,10000,10,10,5,5,0,0.0785,0.0715716733236372,0.0854283266763628,0.2253,0.217111517123081,0.233488482876919,0.3342,0.326440369874027,0.341959630125973,3342,2253,785
"CVM","Logistic",2206758,10000,10,10,3,1,0,0.7685,0.757634660715541,0.779365339284459,0.9294,0.924379352206896,0.934420647793104,0.969,0.966148925027731,0.971851074972269,9690,9294,7685
"CVM","Logistic",150204018,10000,10,10,3,3,0,0.0784,0.071475712,0.085324288,0.2247,0.21651926170657,0.232880738293431,0.3334,0.325645007990004,0.341154992009996,3334,2247,784
"CVM","Logistic",2782756,10000,10,10,3,5,0,0.0319,0.0273730957334549,0.0364269042665451,0.1112,0.105038158995105,0.117361841004895,0.1847,0.178316511634633,0.191083488365367,1847,1112,319
"CVM","Logistic",538888,10000,10,10,0.5,2,0,0.0135,0.0105272301497761,0.0164727698502239,0.0602,0.0555380024888895,0.0648619975111104,0.1192,0.113869810088336,0.124530189911664,1192,602,135
"CVM","Logistic",32659,10000,10,10,1,2,0,0.0221,0.0183130530734662,0.0258869469265338,0.0826,0.0772045774476506,0.0879954225523494,0.1492,0.143339103467523,0.155060896532477,1492,826,221
"CVM","Logistic",2075539,10000,10,10,1.5,2,0,0.046,0.0406036642618903,0.0513963357381097,0.1513,0.144276515368451,0.158323484631549,0.2451,0.238024090485388,0.252175909514612,2451,1513,460
"CVM","Logistic",8228843,10000,10,10,2,2,0,0.0795,0.072531467667177,0.086468532332823,0.2284,0.220171887317835,0.236628112682165,0.3384,0.330616430139223,0.346183569860777,3384,2284,795
"CVM","Logistic",1439331,10000,10,10,2.5,2,0,0.1316,0.122891693409179,0.140308306590821,0.3206,0.311452538261222,0.329747461738778,0.441,0.432832463180524,0.449167536819476,4410,3206,1316
"CVM","Logistic",214327,10000,10,10,3,2,0,0.1978,0.187538748524063,0.208061251475937,0.427,0.417305011018057,0.436694988981943,0.559,0.550832463180524,0.567167536819476,5590,4270,1978
"CVM","Logistic",44814058,10000,10,10,5,2,0,0.595,0.582354620916714,0.607645379083286,0.832,0.824672220789352,0.839327779210648,0.9035,0.898642714428884,0.908357285571116,9035,8320,5950
"CVM","Logistic",45644303,10000,20,20,0,1,1,0.0084,0.00604899387398841,0.0107510061260116,0.0466,0.0424687012320095,0.0507312987679905,0.0966,0.0917404673028058,0.101459532697194,966,466,84
"CVM","Logistic",80220,10000,20,20,0,3,1,0.0098,0.00726241640782102,0.012337583592179,0.0469,0.042756076518274,0.051043923481726,0.0946,0.089785715896304,0.099414284103696,946,469,98
"CVM","Logistic",19456,10000,20,20,0,5,1,0.0088,0.00639415390545114,0.0112058460945489,0.0485,0.0442895226351398,0.0527104773648602,0.0974,0.0925225475371768,0.102277452462823,974,485,88
"CVM","Logistic",803681,10000,20,20,0,2,1,0.0113,0.00857718993386318,0.0140228100661368,0.0525,0.0481285518417806,0.0568714481582194,0.1049,0.0998593165509055,0.109940683449094,1049,525,113
"CVM","Logistic",56975614,10000,20,20,0.5,1,0,0.0455,0.0401316660616538,0.0508683339383462,0.1404,0.133590929533747,0.147209070466253,0.2238,0.216943811290527,0.230656188709473,2238,1404,455
"CVM","Logistic",21123,10000,20,20,1.5,1,0,0.4911,0.47822204061125,0.50397795938875,0.7342,0.725541538110172,0.742858461889828,0.8295,0.823313624330484,0.835686375669516,8295,7342,4911
"CVM","Logistic",199881,10000,20,20,2,1,0,0.7984,0.788065216415553,0.808734783584447,0.9353,0.930478483260882,0.940121516739118,0.9688,0.965940037989343,0.971659962010657,9688,9353,7984
"CVM","Logistic",1186422,10000,20,20,2.5,1,0,0.9457,0.939862559485341,0.951537440514658,0.989,0.986955672081099,0.991044327918901,0.9962,0.995187882417947,0.997212117582053,9962,9890,9457
"CVM","Logistic",121895242,10000,20,20,0.5,3,0,0.0123,0.00946070223032243,0.0151392977696776,0.0604,0.0557307616408669,0.0650692383591331,0.1097,0.104559120755087,0.114840879244913,1097,604,123
"CVM","Logistic",793884,10000,20,20,1.5,3,0,0.0437,0.0384339660452048,0.0489660339547952,0.1389,0.13212149393698,0.14567850606302,0.2214,0.214570138289899,0.228229861710101,2214,1389,437
"CVM","Logistic",128532536,10000,20,20,2,3,0,0.0769,0.0700366933400245,0.0837633066599755,0.2156,0.207539736454532,0.223660263545468,0.324,0.3163014,0.3316986,3240,2156,769
"CVM","Logistic",106174195,10000,20,20,2.5,3,0,0.1321,0.123377678074435,0.140822321925565,0.314,0.304903319251507,0.323096680748493,0.4247,0.41656880793052,0.43283119206948,4247,3140,1321
"CVM","Logistic",39411568,10000,20,20,1,1,0,0.2068,0.19636692141409,0.21723307858591,0.4221,0.412419671513094,0.431780328486906,0.5421,0.533904208005142,0.550295791994858,5421,4221,2068
"CVM","Logistic",2399644,10000,20,20,1,3,0,0.0244,0.02042555338694,0.02837444661306,0.0915,0.0858489508549297,0.0971510491450703,0.1576,0.151606187019134,0.163593812980866,1576,915,244
"CVM","Logistic",23916,10000,20,20,5,1,0,1,1,1,1,1,1,1,1,1,10000,10000,10000
"CVM","Logistic",241718,10000,20,20,5,3,0,0.6022,0.58959192964247,0.614808070357529,0.8237,0.816230926029982,0.831169073970018,0.8927,0.887608819076798,0.897791180923202,8927,8237,6022
"CVM","Logistic",254408,10000,20,20,0.5,5,0,0.0107,0.00804965901805522,0.0133503409819448,0.0508,0.0464960542129808,0.0551039457870192,0.1024,0.0974127940558265,0.107387205944174,1024,508,107
"CVM","Logistic",5197913,10000,20,20,1,5,0,0.0145,0.011420656237183,0.017579343762817,0.0636,0.0588168353398195,0.0683831646601805,0.1158,0.110536247783957,0.121063752216043,1158,636,145
"CVM","Logistic",1704428,10000,20,20,1.5,5,0,0.0205,0.0168497298300537,0.0241502701699463,0.0769,0.0716779188456708,0.0821220811543292,0.1426,0.136848019505675,0.148351980494325,1426,769,205
"CVM","Logistic",105742102,10000,20,20,2,5,0,0.0332,0.028584877623922,0.037815122376078,0.1131,0.106892386037905,0.119307613962095,0.1842,0.17782320338321,0.19057679661679,1842,1131,332
"CVM","Logistic",51572599,10000,20,20,2.5,5,0,0.0458,0.0404148438125588,0.0511851561874412,0.1394,0.132611276365737,0.146188723634263,0.225,0.218130770717358,0.231869229282642,2250,1394,458
"CVM","Logistic",22431,10000,20,20,5,5,0,0.1883,0.178229088218521,0.198370911781479,0.4077,0.398068425385556,0.417331574614444,0.5367,0.528497186263313,0.544902813736687,5367,4077,1883
"CVM","Logistic",185486,10000,20,20,3,1,0,0.9923,0.990048288649916,0.994551711350084,0.9992,0.998645850076604,0.999754149923396,0.9998,0.999567385133966,1.00003261486603,9998,9992,9923
"CVM","Logistic",843396,10000,20,20,3,3,0,0.1974,0.187146573784367,0.207653426215633,0.4162,0.406538620209846,0.425861379790154,0.5459,0.537709730349557,0.554090269650444,5459,4162,1974
"CVM","Logistic",196424,10000,20,20,3,5,0,0.0611,0.0549301282972898,0.0672698717027102,0.1839,0.176306908647567,0.191493091352433,0.2763,0.268944103142256,0.283655896857744,2763,1839,611
"CVM","Logistic",19291237,10000,20,20,0.5,2,0,0.0175,0.0141222215347954,0.0208777784652046,0.0709,0.0658695085060801,0.0759304914939199,0.1329,0.127315774006366,0.138484225993634,1329,709,175
"CVM","Logistic",368214555,10000,20,20,1,2,0,0.0457,0.0403204441504734,0.0510795558495266,0.1431,0.136236573935533,0.149963426064467,0.23,0.223077305239287,0.236922694760713,2300,1431,457
"CVM","Logistic",4315080,10000,20,20,1.5,2,0,0.0971,0.0894726214673465,0.104727378532654,0.2532,0.24467704733079,0.26172295266921,0.3726,0.364646476204405,0.380553523795595,3726,2532,971
"CVM","Logistic",363341365,10000,20,20,2,2,0,0.1995,0.189205672589936,0.209794327410064,0.4173,0.407634979650637,0.426965020349363,0.54,0.5318013622473,0.5481986377527,5400,4173,1995
"CVM","Logistic",9923774,10000,20,20,2.5,2,0,0.3302,0.318085458981303,0.342314541018697,0.5836,0.573937954609587,0.593262045390413,0.6996,0.692058794651808,0.707141205348192,6996,5836,3302
"CVM","Logistic",110360,10000,20,20,3,2,0,0.5008,0.487920016486411,0.513679983513589,0.7472,0.738681501764654,0.755718498235346,0.8354,0.82930002502701,0.84149997497299,8354,7472,5008
"CVM","Logistic",2712126,10000,20,20,5,2,0,0.9431,0.937132658886366,0.949067341113634,0.989,0.986955672081099,0.991044327918901,0.9961,0.995074703025473,0.997125296974527,9961,9890,9431
"CVM","Logistic",2324608,10000,100,100,0,1,1,0.0105,0.00787428002833509,0.0131257199716649,0.0518,0.0474561889403889,0.0561438110596111,0.1006,0.0956518673438256,0.105548132656174,1006,518,105
"CVM","Logistic",781598,10000,100,100,0,3,1,0.0107,0.00804965901805522,0.0133503409819448,0.0502,0.0459201946967648,0.0544798053032352,0.1021,0.0971192727596289,0.107080727240371,1021,502,107
"CVM","Logistic",454656,10000,100,100,0,5,1,0.0109,0.00822527455888572,0.0135747254411143,0.0512,0.0468800532862546,0.0555199467137454,0.102,0.0970214352881578,0.106978564711842,1020,512,109
"CVM","Logistic",805783,10000,100,100,0,2,1,0.0104,0.00778668132697445,0.0130133186730255,0.0508,0.0464960542129808,0.0551039457870192,0.1012,0.0962387890860799,0.10616121091392,1012,508,104
"CVM","Logistic",180154506,10000,100,100,0.5,1,0,0.2774,0.265866846675734,0.288933153324266,0.5084,0.498601383073597,0.518198616926403,0.6288,0.620852580226111,0.636747419773889,6288,5084,2774
"CVM","Logistic",99126217,10000,100,100,1.5,1,0,0.9996,0.999084903050306,1.00011509694969,1,1,1,1,1,1,10000,10000,9996
"CVM","Logistic",62105659,10000,100,100,2,1,0,1,1,1,1,1,1,1,1,1,10000,10000,10000
"CVM","Logistic",172587420,10000,100,100,2.5,1,0,1,1,1,1,1,1,1,1,1,10000,10000,10000
"CVM","Logistic",120468971,10000,100,100,0.5,3,0,0.0268,0.0226397990788213,0.0309602009211787,0.0977,0.0918805916629265,0.103519408337073,0.1668,0.16066748589073,0.17293251410927,1668,977,268
"CVM","Logistic",32682,10000,100,100,1.5,3,0,0.2816,0.270013684622291,0.293186315377709,0.5102,0.500402039396201,0.519997960603799,0.6314,0.623464106032771,0.639335893967229,6314,5102,2816
"CVM","Logistic",784048,10000,100,100,2,3,0,0.5391,0.526259442538217,0.551940557461783,0.7647,0.756385950994515,0.773014049005485,0.8514,0.845548837900118,0.857251162099882,8514,7647,5391
"CVM","Logistic",182159817,10000,100,100,2.5,3,0,0.7676,0.756719937163664,0.778480062836336,0.915,0.909533918771185,0.920466081228815,0.9517,0.948173129590731,0.955226870409269,9517,9150,7676
"CVM","Logistic",421679,10000,100,100,1,1,0,0.9178,0.910724521850135,0.924875478149865,0.9787,0.975870102749286,0.981529897250714,0.9906,0.989012626993079,0.992187373006921,9906,9787,9178
"CVM","Logistic",1845259,10000,100,100,1,3,0,0.1059,0.0979734010360216,0.113826598963978,0.2656,0.256943617451707,0.274256382548293,0.3772,0.369226921385287,0.385173078614713,3772,2656,1059
"CVM","Logistic",368322950,10000,100,100,5,1,0,1,1,1,1,1,1,1,1,1,10000,10000,10000
"CVM","Logistic",27662694,10000,100,100,5,3,0,0.9999,0.999642412880322,1.00015758711968,1,1,1,1,1,1,10000,10000,9999
"CVM","Logistic",27453,10000,100,100,0.5,5,0,0.0168,0.0134892877596843,0.0201107122403157,0.0693,0.064322313444822,0.074277686555178,0.1327,0.127119333923914,0.138280666076086,1327,693,168
"CVM","Logistic",3611715,10000,100,100,1,5,0,0.0376,0.0326997573231294,0.0425002426768706,0.1258,0.119300173068643,0.132299826931357,0.2063,0.199643534178201,0.212956465821799,2063,1258,376
"CVM","Logistic",1171487,10000,100,100,1.5,5,0,0.0868,0.0795474843824383,0.0940525156175617,0.2249,0.216716677486595,0.233083322513405,0.3307,0.32296084736229,0.33843915263771,3307,2249,868
"CVM","Logistic",57480257,10000,100,100,2,5,0,0.1688,0.159150943551359,0.178449056448641,0.3606,0.351188577972357,0.370011422027643,0.4802,0.471981451588273,0.488418548411727,4802,3606,1688
"CVM","Logistic",112060,10000,100,100,2.5,5,0,0.2769,0.26537325946623,0.28842674053377,0.5193,0.509507303525504,0.529092696474496,0.6429,0.635018070604035,0.650781929395965,6429,5193,2769
"CVM","Logistic",254251,10000,100,100,5,5,0,0.9175,0.910412780731486,0.924587219268514,0.9784,0.975550680377634,0.981249319622366,0.9913,0.989772335165432,0.992827664834568,9913,9784,9175
"CVM","Logistic",1498887,10000,100,100,3,1,0,1,1,1,1,1,1,1,1,1,10000,10000,10000
"CVM","Logistic",163504,10000,100,100,3,3,0,0.9188,0.911763861710494,0.925836138289506,0.9773,0.97438067161943,0.98021932838057,0.9898,0.988147126134304,0.991452873865696,9898,9773,9188
"CVM","Logistic",462757,10000,100,100,3,5,0,0.4221,0.409377282560067,0.434822717439933,0.6645,0.655245566772622,0.673754433227378,0.7673,0.76034900953081,0.77425099046919,7673,6645,4221
"CVM","Logistic",11626806,10000,100,100,0.5,2,0,0.0602,0.054072803271112,0.066327196728888,0.1779,0.170404400570041,0.185395599429959,0.2664,0.259127852586643,0.273672147413357,2664,1779,602
"CVM","Logistic",211685,10000,100,100,1,2,0,0.2836,0.271988809229338,0.295211190770662,0.5173,0.507505867840712,0.527094132159288,0.6389,0.630998744774343,0.646801255225657,6389,5173,2836
"CVM","Logistic",454421,10000,100,100,1.5,2,0,0.6539,0.64164531007358,0.66615468992642,0.8478,0.84075939299026,0.85484060700974,0.9084,0.903654825346987,0.913145174653013,9084,8478,6539
"CVM","Logistic",300397422,10000,100,100,2,2,0,0.9192,0.912179685846236,0.926220314153764,0.9772,0.974274398136178,0.980125601863822,0.9899,0.988255165330808,0.991544834669192,9899,9772,9192
"CVM","Logistic",215596759,10000,100,100,2.5,2,0,0.9925,0.990277500110236,0.994722499889764,0.9988,0.99812144358407,0.99947855641593,0.9994,0.998997179837769,0.999802820162231,9994,9988,9925
"CVM","Logistic",142299508,10000,100,100,3,2,0,0.9997,0.999253890643434,1.00014610935657,1,1,1,1,1,1,10000,10000,9997
"CVM","Logistic",6810157,10000,100,100,5,2,0,1,1,1,1,1,1,1,1,1,10000,10000,10000
"CVM","Logistic",51396,10000,10,100,0,1,1,0.0108,0.00813743762725904,0.013462562372741,0.0486,0.0443854056605173,0.0528145943394827,0.0993,0.0943803907670654,0.104219609232935,993,486,108
"CVM","Logistic",17447,10000,10,100,0,3,1,0.0104,0.00778668132697445,0.0130133186730255,0.0488,0.0445771864817873,0.0530228135182127,0.0986,0.0936958568720825,0.103504143127917,986,488,104
"CVM","Logistic",186270,10000,10,100,0,5,1,0.0106,0.00796193954184822,0.0132380604581518,0.0498,0.0455363823068197,0.0540636176931803,0.1006,0.0956518673438256,0.105548132656174,1006,498,106
"CVM","Logistic",116888,10000,10,100,0,2,1,0.0104,0.00778668132697445,0.0130133186730255,0.0518,0.0474561889403889,0.0561438110596111,0.1015,0.0965322702222872,0.106467729777713,1015,518,104
"CVM","Logistic",321473659,10000,10,100,0.5,1,0,0.04,0.0349520915380724,0.0450479084619276,0.1383,0.131533794125391,0.145066205874609,0.2254,0.218526441955501,0.232273558044499,2254,1383,400
"CVM","Logistic",17797505,10000,10,100,1.5,1,0,0.4721,0.459240067474501,0.484959932525499,0.7154,0.70655601520725,0.72424398479275,0.8093,0.802837567513716,0.815762432486284,8093,7154,4721
"CVM","Logistic",247919,10000,10,100,2,1,0,0.7492,0.738033720120365,0.760366279879635,0.9056,0.899869265671626,0.911330734328374,0.95,0.946414805618938,0.953585194381062,9500,9056,7492
"CVM","Logistic",188542,10000,10,100,2.5,1,0,0.9207,0.913739482592639,0.927660517407361,0.9812,0.978537964972131,0.983862035027869,0.992,0.990534564419703,0.993465435580297,9920,9812,9207
"CVM","Logistic",401568,10000,10,100,0.5,3,0,0.0141,0.0110628107899994,0.0171371892100006,0.0606,0.0559235352901577,0.0652764647098423,0.1134,0.108184015489373,0.118615984510627,1134,606,141
"CVM","Logistic",1751049,10000,10,100,1.5,3,0,0.039,0.034012994398399,0.043987005601601,0.1357,0.128987593462729,0.142412406537271,0.2192,0.212394562035078,0.226005437964922,2192,1357,390
"CVM","Logistic",145395,10000,10,100,2,3,0,0.0713,0.0646713002730056,0.0779286997269944,0.2058,0.197876014029694,0.213723985970306,0.3034,0.295837499339828,0.310962500660172,3034,2058,713
"CVM","Logistic",28852857,10000,10,100,2.5,3,0,0.1185,0.110174387527251,0.126825612472749,0.2816,0.272784325256091,0.290415674743909,0.4018,0.393735191251623,0.409864808748377,4018,2816,1185
"CVM","Logistic",90172,10000,10,100,1,1,0,0.1862,0.17617245684358,0.19622754315642,0.3971,0.387509778083152,0.406690221916848,0.5196,0.51138132186154,0.52781867813846,5196,3971,1862
"CVM","Logistic",160852103,10000,10,100,1,3,0,0.0242,0.0202414699275696,0.0281585300724304,0.0887,0.0831275193845469,0.0942724806154531,0.1601,0.154067805186835,0.166132194813165,1601,887,242
"CVM","Logistic",358423,10000,10,100,5,1,0,1,1,1,1,1,1,1,1,1,10000,10000,10000
"CVM","Logistic",596011,10000,10,100,5,3,0,0.5596,0.546811831007045,0.572388168992955,0.7879,0.779887612295052,0.795912387704948,0.8682,0.862635405807437,0.873764594192562,8682,7879,5596
"CVM","Logistic",102315,10000,10,100,0.5,5,0,0.0109,0.00822527455888572,0.0135747254411143,0.0527,0.0483206954577696,0.0570793045422304,0.1042,0.099174198972114,0.109225801027886,1042,527,109
"CVM","Logistic",5858826,10000,10,100,1,5,0,0.0153,0.0121381333994591,0.0184618666005409,0.0605,0.0558271466575549,0.0651728533424451,0.1171,0.111810676761345,0.122389323238655,1171,605,153
"CVM","Logistic",352866,10000,10,100,1.5,5,0,0.0178,0.014393912309817,0.021206087690183,0.0802,0.0748765894847758,0.0855234105152242,0.1427,0.136946338594619,0.148453661405381,1427,802,178
"CVM","Logistic",25426810,10000,10,100,2,5,0,0.0293,0.024955676238334,0.033644323761666,0.1019,0.0959706715066207,0.107829328493379,0.1826,0.176244735860163,0.188955264139837,1826,1019,293
"CVM","Logistic",367496035,10000,10,100,2.5,5,0,0.0407,0.0356099706620319,0.0457900293379681,0.1334,0.126735872024758,0.140064127975242,0.218,0.211208002371172,0.224791997628828,2180,1334,407
"CVM","Logistic",24591546,10000,10,100,5,5,0,0.1777,0.167852982319134,0.187547017680866,0.3912,0.38163482728595,0.40076517271405,0.5173,0.509079924794883,0.525520075205117,5173,3912,1777
"CVM","Logistic",86217699,10000,10,100,3,1,0,0.9843,0.981097719082064,0.987502280917936,0.9975,0.996521225766584,0.998478774233416,0.9994,0.998997179837769,0.999802820162231,9994,9975,9843
"CVM","Logistic",99349,10000,10,100,3,3,0,0.1837,0.173724714483311,0.193675285516689,0.385,0.37546273183768,0.39453726816232,0.5088,0.500576273986665,0.517023726013335,5088,3850,1837
"CVM","Logistic",280289557,10000,10,100,3,5,0,0.0543,0.0484625594853415,0.0601374405146585,0.1684,0.161065266222255,0.175734733777745,0.2681,0.260813144073747,0.275386855926253,2681,1684,543
"CVM","Logistic",21090,10000,10,100,0.5,2,0,0.0179,0.0144845319294152,0.0213154680705848,0.0707,0.0656760680655885,0.0757239319344115,0.1339,0.128298037334918,0.139501962665082,1339,707,179
"CVM","Logistic",225048790,10000,10,100,1,2,0,0.0425,0.0373035145569337,0.0476964854430663,0.1342,0.127519005411048,0.140880994588952,0.214,0.207253413981131,0.220746586018869,2140,1342,425
"CVM","Logistic",294997126,10000,10,100,1.5,2,0,0.0947,0.0871574689207657,0.102242531079234,0.2463,0.237855235654585,0.254744764345415,0.3623,0.354393063012596,0.370206936987404,3623,2463,947
"CVM","Logistic",1536238,10000,10,100,2,2,0,0.1798,0.169907624689485,0.189692375310515,0.3885,0.37894677924258,0.39805322075742,0.5156,0.507379004246711,0.523820995753289,5156,3885,1798
"CVM","Logistic",48223326,10000,10,100,2.5,2,0,0.3122,0.300263049476603,0.324136950523396,0.5481,0.538345452158998,0.557854547841002,0.6694,0.661661439523845,0.677138560476155,6694,5481,3122
"CVM","Logistic",6425407,10000,10,100,3,2,0,0.4632,0.450354932593755,0.476045067406245,0.7022,0.693237094228678,0.711162905771322,0.7997,0.793116301639977,0.806283698360023,7997,7022,4632
"CVM","Logistic",4362269,10000,10,100,5,2,0,0.9269,0.920194657155606,0.933605342844394,0.9836,0.981110642587654,0.986089357412346,0.9926,0.991190163021091,0.994009836978909,9926,9836,9269
