"method","distribution","seed","N","n1","n2","delta","sd","null","power0.01","l_CI","u_CI","power0.05","l_CI","u_CI","power0.10","l_CI","u_CI"
"Lepage","Normal",41835,1000,10,10,0,1,1,0.007,0.000208440607931048,0.013791559392069,0.048,0.0347506319546931,0.0612493680453069,0.099,0.0834637609449713,0.114536239055029
"Lepage","Normal",3611218,1000,10,10,0,3,1,0.004,-0.00114168567534034,0.00914168567534034,0.042,0.0295673567733969,0.0544326432266031,0.097,0.0816044345418884,0.112395565458112
"Lepage","Normal",1207192,1000,10,10,0.5,1,0,0.025,0.0122820190281633,0.0377179809718367,0.122,0.101714615468274,0.142285384531726,0.214,0.192665421750126,0.235334578249874
"Lepage","Normal",18933,1000,10,10,1.5,1,0,0.491,0.450276462553653,0.531723537446347,0.764,0.737681644306682,0.790318355693318,0.879,0.862035032774125,0.895964967225875
"Lepage","Normal",67382,1000,10,10,2,1,0,0.803,0.77060061665377,0.835399383346231,0.947,0.933114261071156,0.960885738928843,0.972,0.963418206690907,0.980581793309093
"Lepage","Normal",15429991,1000,10,10,2.5,1,0,0.96,0.944037111840272,0.975962888159728,0.997,0.993610276471451,1.00038972352855,0.999,0.997355822705728,1.00064417729427
"Lepage","Normal",131541751,1000,10,10,0.5,3,0,0.009,0.00130685460010016,0.0166931453998998,0.061,0.0461661533512039,0.0758338466487961,0.123,0.105914871297675,0.140085128702325
"Lepage","Normal",270379,1000,10,10,1.5,3,0,0.025,0.0122820190281633,0.0377179809718367,0.116,0.096152253770264,0.135847746229736,0.192,0.171510932319893,0.212489067680107
"Lepage","Normal",6460093,1000,10,10,2,3,0,0.048,0.0305865448547395,0.0654134551452605,0.174,0.150502550810779,0.19749744918922,0.287,0.26346839143248,0.31053160856752
"Lepage","Normal",1729640,1000,10,10,2.5,3,0,0.075,0.0535440693513425,0.0964559306486575,0.283,0.255080420891425,0.310919579108575,0.414,0.388377890619623,0.439622109380377
"Lepage","Normal",966933,1000,20,20,0,1,1,0.016,0.00577876439250127,0.0262212356074987,0.063,0.0479409997144565,0.0780590002855435,0.125,0.107796178204393,0.142203821795607
"Lepage","Normal",4656928,1000,20,20,0,3,1,0.01,0.00189480522134107,0.0181051947786589,0.052,0.038238622394542,0.065761377605458,0.102,0.0862563960320389,0.117743603967961
"Lepage","Normal",263876,1000,20,20,0.5,1,0,0.087,0.0640416393560864,0.109958360643914,0.224,0.198158903305007,0.249841096694993,0.344,0.3192886174891,0.3687113825109
"Lepage","Normal",163722,1000,20,20,1.5,1,0,0.92,0.897900382048551,0.942099617951449,0.981,0.972538109998351,0.989461890001649,0.991,0.986087257692999,0.995912742307001
"Lepage","Normal",38766201,1000,20,20,2,1,0,0.997,0.99254493479105,1.00145506520895,1,1,1,1,1,1
"Lepage","Normal",67327,1000,20,20,2.5,1,0,0.999,0.996425288322161,1.00157471167784,1,1,1,1,1,1
"Lepage","Normal",122095300,1000,20,20,0.5,3,0,0.012,0.00313017698846251,0.0208698230115375,0.072,0.0559787533069364,0.0880212466930635,0.14,0.121949919390762,0.158050080609238
"Lepage","Normal",281798,1000,20,20,1.5,3,0,0.088,0.0649227202934141,0.111077279706586,0.246,0.219306267881767,0.272693732118233,0.359,0.334045886772418,0.383954113227582
"Lepage","Normal",195730,1000,20,20,2,3,0,0.18,0.148703985276077,0.211296014723923,0.392,0.361741256179412,0.422258743820588,0.528,0.502031081531954,0.553968918468046
"Lepage","Normal",123710,1000,20,20,2.5,3,0,0.316,0.278128068866983,0.353871931133017,0.575,0.544360303526307,0.605639696473692,0.71,0.686395539669376,0.733604460330624
"Lepage","Normal",70791676,1000,100,100,0,1,1,0.012,0.00313017698846251,0.0208698230115375,0.054,0.0399912779169547,0.0680087220830453,0.106,0.0899864509523966,0.122013549047603
"Lepage","Normal",1383377,1000,100,100,0,3,1,0.009,0.00130685460010016,0.0166931453998998,0.062,0.0470530240650491,0.0769469759349509,0.118,0.1012180973099,0.1347819026901
"Lepage","Normal",58367,1000,100,100,0.5,1,0,0.698,0.660599531584538,0.735400468415462,0.856,0.834239232954696,0.877760767045304,0.911,0.896187782037284,0.925812217962716
"Lepage","Normal",25943,1000,100,100,1.5,1,0,1,1,1,1,1,1,1,1,1
"Lepage","Normal",62733041,1000,100,100,2,1,0,1,1,1,1,1,1,1,1,1
"Lepage","Normal",77598076,1000,100,100,2.5,1,0,1,1,1,1,1,1,1,1,1
"Lepage","Normal",866947,1000,100,100,0.5,3,0,0.061,0.0415040872615822,0.0804959127384178,0.165,0.141993991219684,0.188006008780317,0.264,0.241069856485403,0.286930143514597
"Lepage","Normal",542655,1000,100,100,1.5,3,0,0.683,0.645095930330161,0.720904069669839,0.855,0.833176563973563,0.876823436026437,0.915,0.900492722709792,0.929507277290209
"Lepage","Normal",114692,1000,100,100,2,3,0,0.965,0.950029250706795,0.979970749293205,0.993,0.987832509158208,0.998167490841792,0.998,0.995675946235562,1.00032405376444
"Lepage","Normal",848362,1000,100,100,2.5,3,0,0.999,0.996425288322161,1.00157471167784,1,1,1,1,1,1
"Lepage","Normal",119333,1000,10,100,0,1,1,0.009,0.00130685460010016,0.0166931453998998,0.044,0.031288074009026,0.056711925990974,0.084,0.0695704335616069,0.0984295664383931
"Lepage","Normal",125748,1000,10,100,0,3,1,0.007,0.000208440607931048,0.013791559392069,0.039,0.0270008614309193,0.0509991385690807,0.091,0.0760387272608578,0.105961272739142
"Lepage","Normal",126875,1000,10,100,0.5,1,0,0.095,0.0711146312232781,0.118885368776722,0.216,0.190494080875216,0.241505919124784,0.318,0.293774561347625,0.342225438652375
"Lepage","Normal",7034454,1000,10,100,1.5,1,0,0.946,0.927588536690855,0.964411463309145,0.989,0.982535267491999,0.995464732508001,0.995,0.991330875530184,0.998669124469816
"Lepage","Normal",1814618,1000,10,100,2,1,0,0.999,0.996425288322161,1.00157471167784,1,1,1,1,1,1
"Lepage","Normal",2972245,1000,10,100,2.5,1,0,1,1,1,1,1,1,1,1,1
"Lepage","Normal",19821,1000,10,100,0.5,3,0,0.01,0.00189480522134107,0.0181051947786589,0.066,0.0506113161576436,0.0813886838423564,0.126,0.108737372821613,0.143262627178387
"Lepage","Normal",8755333,1000,10,100,1.5,3,0,0.104,0.0791333928574081,0.128866607142592,0.232,0.205837413705828,0.258162586294172,0.344,0.3192886174891,0.3687113825109
"Lepage","Normal",908520,1000,10,100,2,3,0,0.187,0.155237700633361,0.218762299366639,0.385,0.354840509951261,0.415159490048739,0.509,0.482994480163338,0.535005519836662
"Lepage","Normal",39013,1000,10,100,2.5,3,0,0.382,0.342420365653837,0.421579634346163,0.607,0.576727611233997,0.637272388766003,0.723,0.69972043100109,0.74627956899891
