"method","distribution","seed","N","n1","n2","delta","sd","g1","g2","h","null","power0.01","l_CI","u_CI","power0.05","l_CI","u_CI","power0.10","l_CI","u_CI","ct_0.10","ct_0.05","ct_0.01"
"WMW_Asymp","ghEqual",48724,10000,10,10,0,3,1,1,0,1,0.0068,0.00468301066328241,0.00891698933671759,0.0447,0.0406497696675868,0.0487502303324132,0.088,0.0833397989056265,0.0926602010943735,880,447,68
"WMW_Asymp","ghEqual",22865895,10000,10,10,0,3,3,3,0,1,0.0075,0.00527750011023622,0.00972249988976378,0.0424,0.0384506004863524,0.0463493995136476,0.088,0.0833397989056265,0.0926602010943735,880,424,75
"WMW_Asymp","ghEqual",1344849,10000,10,10,0,3,-3,-3,0,1,0.0062,0.0041779532159082,0.0082220467840918,0.042,0.0380684530067669,0.0459315469932331,0.087,0.0823638132935029,0.091636186706497,870,420,62
"WMW_Asymp","ghEqual",2755781,10000,10,10,0,3,-1,-1,0,1,0.0081,0.00579100861117587,0.0104089913888241,0.0452,0.041128246354014,0.049271753645986,0.0936,0.0888085851440728,0.0983914148559272,936,452,81
"WMW_Asymp","ghEqual",17984,10000,10,10,0.5,3,1,1,0,0,0.0103,0.00769914430765258,0.0129008556923474,0.0642,0.0593958660741399,0.0690041339258601,0.1223,0.116910454037419,0.127689545962581,1223,642,103
"WMW_Asymp","ghEqual",57499,10000,10,10,0.5,3,3,3,0,0,0.0295,0.0251413235043651,0.0338586764956349,0.129,0.122430081169451,0.135569918830549,0.2161,0.209329455171408,0.222870544828592,2161,1290,295
"WMW_Asymp","ghEqual",12449985,10000,10,10,0.5,3,1,3,0,0,0.0429,0.0376802084151583,0.0481197915848417,0.1615,0.154287366442138,0.168712633557862,0.2618,0.254568344255435,0.269031655744565,2618,1615,429
"WMW_Asymp","ghEqual",27065169,10000,10,10,0.5,3,-1,1,0,0,0.0403,0.0352339889917593,0.0453660110082407,0.1828,0.175224551570659,0.190375448429341,0.2901,0.282634853159584,0.297565146840416,2901,1828,403
"WMW_Asymp","ghEqual",205785,10000,10,10,0.5,3,-3,3,0,0,0.1336,0.124835880117165,0.142364119882835,0.3707,0.361233351972234,0.380166648027766,0.5127,0.504477653648576,0.520922346351424,5127,3707,1336
"WMW_Asymp","ghEqual",2389512,10000,10,10,0.5,3,-1,3,0,0,0.0886,0.0812798963297571,0.0959201036702429,0.2855,0.276647616006973,0.294352383993027,0.4165,0.408390504533612,0.424609495466388,4165,2855,886
"WMW_Asymp","ghEqual",92022,10000,10,10,0.5,3,1,-3,0,0,0.0222,0.0184046890594293,0.0259953109405707,0.109,0.102891871396246,0.115108128603754,0.1881,0.181671471542415,0.194528528457585,1881,1090,222
"WMW_Asymp","ghEqual",35118,10000,10,10,1,3,1,1,0,0,0.0334,0.0287714763463342,0.0380285236536658,0.1382,0.131435848319146,0.144964151680854,0.224,0.217141632194173,0.230858367805827,2240,1382,334
"WMW_Asymp","ghEqual",225807,10000,10,10,1,3,3,3,0,0,0.0759,0.0690777719646626,0.0827222280353374,0.232,0.223726663782971,0.240273336217029,0.3478,0.339965323147449,0.355634676852551,3478,2320,759
"WMW_Asymp","ghEqual",423965,10000,10,10,1,3,1,3,0,0,0.0877,0.080413575104285,0.094986424895715,0.2673,0.25862601540504,0.27597398459496,0.3891,0.381079866817379,0.397120133182621,3891,2673,877
"WMW_Asymp","ghEqual",4038399,10000,10,10,1,3,-1,1,0,0,0.094,0.086482492252987,0.101517507747013,0.3029,0.293893558149058,0.311906441850942,0.4378,0.429638890564151,0.445961109435849,4378,3029,940
"WMW_Asymp","ghEqual",64342945,10000,10,10,1,3,-3,3,0,0,0.2862,0.274556891483377,0.297843108516623,0.578,0.568319980859523,0.587680019140477,0.7134,0.70596175382129,0.72083824617871,7134,5780,2862
"WMW_Asymp","ghEqual",2105039,10000,10,10,1,3,-1,3,0,0,0.1839,0.17392050850823,0.19387949149177,0.4546,0.444840482349296,0.464359517650704,0.5956,0.587526742210508,0.603673257789492,5956,4546,1839
"WMW_Asymp","ghEqual",4930760,10000,10,10,1,3,1,-3,0,0,0.0098,0.00726241640782102,0.012337583592179,0.0631,0.0583344023772039,0.0678655976227961,0.1243,0.118872758570897,0.129727241429103,1243,631,98
"WMW_Asymp","ghEqual",1138470,10000,10,10,1.5,3,1,1,0,0,0.0716,0.0649584425185847,0.0782415574814153,0.2351,0.226788398431205,0.243411601568795,0.3549,0.34702895450026,0.36277104549974,3549,2351,716
"WMW_Asymp","ghEqual",14211935,10000,10,10,1.5,3,3,3,0,0,0.1249,0.116383602578307,0.133416397421693,0.3315,0.322273254461079,0.340726745538921,0.4548,0.446608676952506,0.462991323047494,4548,3315,1249
"WMW_Asymp","ghEqual",1390299,10000,10,10,1.5,3,1,3,0,0,0.1581,0.148701857009725,0.167498142990275,0.3978,0.388206902988836,0.407393097011164,0.532,0.523791862084492,0.540208137915508,5320,3978,1581
"WMW_Asymp","ghEqual",2575502,10000,10,10,1.5,3,-1,1,0,0,0.1903,0.180188226745441,0.200411773254559,0.4669,0.457121497534776,0.476678502465224,0.6089,0.600872454103154,0.616927545896846,6089,4669,1903
"WMW_Asymp","ghEqual",32147504,10000,10,10,1.5,3,-3,3,0,0,0.666,0.653850561508679,0.678149438491321,0.8931,0.887043873074117,0.899156126925883,0.9408,0.936917822305149,0.944682177694851,9408,8931,6660
"WMW_Asymp","ghEqual",1646628,10000,10,10,1.5,3,-1,3,0,0,0.3405,0.328292919269473,0.352707080730527,0.637,0.627575049020817,0.646424950979183,0.7592,0.75216648782937,0.76623351217063,7592,6370,3405
"WMW_Asymp","ghEqual",20962666,10000,10,10,1.5,3,1,-3,0,0,0.0082,0.00587691641085044,0.0105230835891496,0.0525,0.0481285518417806,0.0568714481582194,0.0981,0.0932069506108179,0.102993049389182,981,525,82
"WMW_Asymp","ghEqual",1115258,10000,10,10,2,3,1,1,0,0,0.1367,0.127850657860477,0.145549342139523,0.3627,0.353276726235877,0.372123273764123,0.496,0.487775263204211,0.504224736795789,4960,3627,1367
"WMW_Asymp","ghEqual",453585,10000,10,10,2,3,3,3,0,0,0.1775,0.167657328500859,0.187342671499141,0.4133,0.403648455484349,0.422951544515651,0.5507,0.54251739381494,0.55888260618506,5507,4133,1775
"WMW_Asymp","ghEqual",608540,10000,10,10,2,3,1,3,0,0,0.2424,0.231360938587098,0.253439061412902,0.5225,0.512709927528358,0.532290072471642,0.6463,0.638434967706565,0.654165032293435,6463,5225,2424
"WMW_Asymp","ghEqual",20720778,10000,10,10,2,3,-1,1,0,0,0.3536,0.341284482640088,0.365915517359912,0.6625,0.653232002643505,0.671767997356495,0.7798,0.772983425665637,0.786616574334363,7798,6625,3536
"WMW_Asymp","ghEqual",123005,10000,10,10,2,3,-3,3,0,0,0.9967,0.995222644348867,0.998177355651134,0.9999,0.999704009800245,1.00009599019976,1,1,1,10000,9999,9967
"WMW_Asymp","ghEqual",8588668,10000,10,10,2,3,-1,3,0,0,0.571,0.558250517448994,0.583749482551006,0.8276,0.820196536440395,0.835003463559605,0.8986,0.893634441681029,0.903565558318971,8986,8276,5710
"WMW_Asymp","ghEqual",4081584,10000,10,10,2,3,1,-3,0,0,0.0124,0.00954932805320851,0.0152506719467915,0.0602,0.0555380024888895,0.0648619975111104,0.1112,0.106028454870892,0.116371545129108,1112,602,124
"WMW_Asymp","ghEqual",88435,10000,10,10,2.5,3,1,1,0,0,0.2163,0.205694063030762,0.226905936969238,0.4782,0.468409319134932,0.487990680865068,0.6165,0.608501378855117,0.624498621144883,6165,4782,2163
"WMW_Asymp","ghEqual",16716469,10000,10,10,2.5,3,3,3,0,0,0.2424,0.231360938587098,0.253439061412902,0.5128,0.503003211790306,0.522596788209694,0.6412,0.633309784293671,0.649090215706329,6412,5128,2424
"WMW_Asymp","ghEqual",245027048,10000,10,10,2.5,3,1,3,0,0,0.3367,0.324526305033625,0.348873694966375,0.6194,0.609883526034166,0.628916473965834,0.7402,0.732986267794276,0.747413732205724,7402,6194,3367
"WMW_Asymp","ghEqual",25225,10000,10,10,2.5,3,-1,1,0,0,0.5513,0.538487971688064,0.564112028311936,0.8237,0.816230926029982,0.831169073970018,0.9014,0.896495856872083,0.906304143127917,9014,8237,5513
"WMW_Asymp","ghEqual",76258672,10000,10,10,2.5,3,-3,3,0,0,1,1,1,1,1,1,1,1,1,10000,10000,10000
"WMW_Asymp","ghEqual",304596991,10000,10,10,2.5,3,-1,3,0,0,0.8363,0.826768719587366,0.845831280412634,0.9631,0.959405080798935,0.966794919201065,0.9855,0.983533571238419,0.987466428761582,9855,9631,8363
"WMW_Asymp","ghEqual",84712586,10000,10,10,2.5,3,1,-3,0,0,0.0237,0.0197815737575072,0.0276184262424928,0.0864,0.0808933054409746,0.0919066945590254,0.1448,0.139011260192546,0.150588739807454,1448,864,237
"WMW_Asymp","ghEqual",806418,10000,20,20,0,3,1,1,0,1,0.0092,0.00674057959837363,0.0116594204016264,0.0499,0.0456323282977249,0.0541676717022751,0.0949,0.090078887220882,0.099721112779118,949,499,92
"WMW_Asymp","ghEqual",262419319,10000,20,20,0,3,3,3,0,1,0.0099,0.00734963120325236,0.0124503687967476,0.0491,0.0448648944251176,0.0533351055748824,0.0982,0.0933047287462389,0.103095271253761,982,491,99
"WMW_Asymp","ghEqual",335274,10000,20,20,0,3,-3,-3,0,1,0.008,0.00570519024021598,0.010294809759784,0.0457,0.041606859679708,0.049793140320292,0.097,0.0921314947286154,0.101868505271385,970,457,80
"WMW_Asymp","ghEqual",15088496,10000,20,20,0,3,-1,-1,0,1,0.0102,0.00761166986137858,0.0127883301386214,0.0508,0.0464960542129808,0.0551039457870192,0.0971,0.0922292555565935,0.101970744443406,971,508,102
"WMW_Asymp","ghEqual",1411157,10000,20,20,0.5,3,1,1,0,0,0.027,0.0228247338851757,0.0311752661148243,0.111,0.104843010099083,0.117156989900917,0.1842,0.17782320338321,0.19057679661679,1842,1110,270
"WMW_Asymp","ghEqual",5833380,10000,20,20,0.5,3,3,3,0,0,0.0807,0.0736836498208986,0.0877163501791014,0.2374,0.229060407518446,0.245739592481554,0.3474,0.339567428932522,0.355232571067478,3474,2374,807
"WMW_Asymp","ghEqual",31519951,10000,20,20,0.5,3,1,3,0,0,0.125,0.116480680778372,0.133519319221628,0.3229,0.31373533698086,0.33206466301914,0.4388,0.430636844998875,0.446963155001125,4388,3229,1250
"WMW_Asymp","ghEqual",4280949,10000,20,20,0.5,3,-1,1,0,0,0.1495,0.140314482815562,0.158685517184438,0.3667,0.357254688823676,0.376145311176324,0.494,0.485775592221321,0.502224407778679,4940,3667,1495
"WMW_Asymp","ghEqual",48307668,10000,20,20,0.5,3,-3,3,0,0,0.4357,0.422926948483288,0.448473051516712,0.6998,0.690816441827783,0.708783558172217,0.7967,0.790079633991328,0.803320366008672,7967,6998,4357
"WMW_Asymp","ghEqual",65565,10000,20,20,0.5,3,-1,3,0,0,0.3007,0.288887431584326,0.312512568415674,0.5679,0.558190784537647,0.577609215462353,0.6798,0.672125198598276,0.687474801401724,6798,5679,3007
"WMW_Asymp","ghEqual",30342732,10000,20,20,0.5,3,1,-3,0,0,0.056,0.0500772163431035,0.0619227836568965,0.1845,0.176897328261723,0.192102671738277,0.2859,0.278467199153954,0.293332800846046,2859,1845,560
"WMW_Asymp","ghEqual",3257675,10000,20,20,1,3,1,1,0,0,0.0946,0.0870610359567654,0.102138964043235,0.2648,0.256151957586043,0.273448042413957,0.3785,0.370521533778703,0.386478466221297,3785,2648,946
"WMW_Asymp","ghEqual",53546,10000,20,20,1,3,3,3,0,0,0.2021,0.191755649010267,0.212444350989733,0.4404,0.430669871418404,0.450130128581596,0.5614,0.553237251418848,0.569562748581152,5614,4404,2021
"WMW_Asymp","ghEqual",24826,10000,20,20,1,3,1,3,0,0,0.2705,0.259056940884816,0.281943059115184,0.516,0.506205018885164,0.525794981114836,0.6357,0.627783711856572,0.643616288143428,6357,5160,2705
"WMW_Asymp","ghEqual",81555142,10000,20,20,1,3,-1,1,0,0,0.3166,0.304617738284425,0.328582261715575,0.5981,0.58849047378991,0.60770952621009,0.7127,0.705256330285217,0.720143669714783,7127,5981,3166
"WMW_Asymp","ghEqual",224229,10000,20,20,1,3,-3,3,0,0,0.7271,0.715625211252891,0.738574788747109,0.8988,0.892888769974904,0.904711230025096,0.942,0.938154920262205,0.945845079737795,9420,8988,7271
"WMW_Asymp","ghEqual",16931,10000,20,20,1,3,-1,3,0,0,0.5417,0.528864871969975,0.554535128030025,0.7873,0.779279343042269,0.795320656957731,0.8665,0.86090511945218,0.87209488054782,8665,7873,5417
"WMW_Asymp","ghEqual",113865,10000,20,20,1,3,1,-3,0,0,0.0184,0.0149380400048897,0.0218619599951103,0.0919,0.0862378591979358,0.0975621408020642,0.16,0.153969330385438,0.166030669614562,1600,919,184
"WMW_Asymp","ghEqual",14673851,10000,20,20,1.5,3,1,1,0,0,0.2275,0.216700943752346,0.238299056247654,0.4687,0.458919220772883,0.478480779227117,0.5913,0.58321328456994,0.59938671543006,5913,4687,2275
"WMW_Asymp","ghEqual",138473,10000,20,20,1.5,3,3,3,0,0,0.3489,0.336622210277778,0.361177789722222,0.5994,0.589795607208032,0.609004392791968,0.7107,0.703240954148165,0.718159045851835,7107,5994,3489
"WMW_Asymp","ghEqual",48576708,10000,20,20,1.5,3,1,3,0,0,0.4476,0.434790926061224,0.460409073938776,0.7064,0.697473947389445,0.715326052610555,0.8006,0.794027414079443,0.807172585920557,8006,7064,4476
"WMW_Asymp","ghEqual",3118464,10000,20,20,1.5,3,-1,1,0,0,0.5641,0.551326281445039,0.576873718554961,0.8058,0.798046562049155,0.813553437950845,0.8797,0.874348617280013,0.885051382719987,8797,8058,5641
"WMW_Asymp","ghEqual",3093253,10000,20,20,1.5,3,-3,3,0,0,0.9796,0.975958457938457,0.983241542061543,0.9962,0.994994072668193,0.997405927331807,0.9991,0.998606722124989,0.999593277875011,9991,9962,9796
"WMW_Asymp","ghEqual",28015928,10000,20,20,1.5,3,-1,3,0,0,0.7835,0.772890514845743,0.794109485154257,0.9269,0.921798108705352,0.932001891294647,0.9604,0.957191961505281,0.963608038494719,9604,9269,7835
"WMW_Asymp","ghEqual",417077,10000,20,20,1.5,3,1,-3,0,0,0.0118,0.00901830642683706,0.0145816935731629,0.0635,0.058720341974576,0.068279658025424,0.1177,0.112398945449934,0.123001054550066,1177,635,118
"WMW_Asymp","ghEqual",415777,10000,20,20,2,3,1,1,0,0,0.3984,0.385788712182757,0.411011287817243,0.6564,0.647091773659477,0.665708226340523,0.7634,0.756408838249969,0.770391161750031,7634,6564,3984
"WMW_Asymp","ghEqual",75609875,10000,20,20,2,3,3,3,0,0,0.4887,0.475823289714517,0.501576710285483,0.7299,0.721197379502793,0.738602620497207,0.8249,0.818648134486893,0.831151865513107,8249,7299,4887
"WMW_Asymp","ghEqual",513394,10000,20,20,2,3,1,3,0,0,0.6066,0.594016129525152,0.619183870474848,0.8288,0.821417000776812,0.836182999223188,0.8928,0.887710907019281,0.897889092980719,8928,8288,6066
"WMW_Asymp","ghEqual",30188,10000,20,20,2,3,-1,1,0,0,0.8091,0.798976051588291,0.819223948411709,0.9396,0.934930761640867,0.944269238359133,0.9707,0.967925771510893,0.973474228489107,9707,9396,8091
"WMW_Asymp","ghEqual",74445218,10000,20,20,2,3,-3,3,0,0,1,1,1,1,1,1,1,1,1,10000,10000,10000
"WMW_Asymp","ghEqual",186568039,10000,20,20,2,3,-1,3,0,0,0.9525,0.947020699037286,0.957979300962714,0.9899,0.987940196989899,0.991859803010101,0.9953,0.994174898164265,0.996425101835735,9953,9899,9525
"WMW_Asymp","ghEqual",246009,10000,20,20,2,3,1,-3,0,0,0.0164,0.0131282731152029,0.0196717268847971,0.0725,0.067417445622524,0.077582554377476,0.1267,0.121228127872129,0.132171872127871,1267,725,164
"WMW_Asymp","ghEqual",22415,10000,20,20,2.5,3,1,1,0,0,0.587,0.574316475996569,0.599683524003431,0.8132,0.805560882461855,0.820839117538145,0.8857,0.880466016613059,0.890933983386941,8857,8132,5870
"WMW_Asymp","ghEqual",59119088,10000,20,20,2.5,3,3,3,0,0,0.6199,0.607395808631238,0.632404191368762,0.832,0.824672220789352,0.839327779210648,0.8957,0.890672068600331,0.900727931399669,8957,8320,6199
"WMW_Asymp","ghEqual",50554,10000,20,20,2.5,3,1,3,0,0,0.7583,0.747271798011501,0.769328201988499,0.9158,0.910357324564371,0.921242675435629,0.9531,0.949622064220694,0.956577935779306,9531,9158,7583
"WMW_Asymp","ghEqual",71897,10000,20,20,2.5,3,-1,1,0,0,0.9463,0.940493058892097,0.952106941107903,0.9888,0.986737379586642,0.990862620413358,0.9952,0.994063049113462,0.996336950886538,9952,9888,9463
"WMW_Asymp","ghEqual",286441,10000,20,20,2.5,3,-3,3,0,0,1,1,1,1,1,1,1,1,1,10000,10000,10000
"WMW_Asymp","ghEqual",24911383,10000,20,20,2.5,3,-1,3,0,0,0.998,0.996849130376802,0.999150869623198,1,1,1,1,1,1,10000,10000,9980
"WMW_Asymp","ghEqual",213417109,10000,20,20,2.5,3,1,-3,0,0,0.0418,0.0366446033756678,0.0469553966243322,0.1322,0.125561321732031,0.138838678267969,0.208,0.201323326169416,0.214676673830584,2080,1322,418
"WMW_Asymp","ghEqual",29375174,10000,100,100,0,3,1,1,0,1,0.0085,0.00613516044552701,0.010864839554473,0.0495,0.0452485729501731,0.0537514270498269,0.1035,0.0984891520558517,0.108510847944148,1035,495,85
"WMW_Asymp","ghEqual",24158,10000,100,100,0,3,3,3,0,1,0.0108,0.00813743762725904,0.013462562372741,0.0501,0.0458242345061498,0.0543757654938502,0.1021,0.0971192727596289,0.107080727240371,1021,501,108
"WMW_Asymp","ghEqual",88322,10000,100,100,0,3,-3,-3,0,1,0.0103,0.00769914430765258,0.0129008556923474,0.0507,0.0464000659817155,0.0549999340182845,0.103,0.0979998764437766,0.108000123556223,1030,507,103
"WMW_Asymp","ghEqual",93643618,10000,100,100,0,3,-1,-1,0,1,0.0109,0.00822527455888572,0.0135747254411143,0.0497,0.0454404410761676,0.0539595589238324,0.1011,0.0961409650363226,0.106059034963677,1011,497,109
"WMW_Asymp","ghEqual",1117062,10000,100,100,0.5,3,1,1,0,0,0.1651,0.155536064779421,0.174663935220579,0.3721,0.362626048701075,0.381573951298925,0.4963,0.488075225203583,0.504524774796417,4963,3721,1651
"WMW_Asymp","ghEqual",108705207,10000,100,100,0.5,3,3,3,0,0,0.5802,0.567486769004942,0.592913230995058,0.7919,0.783943404442703,0.799856595557297,0.8685,0.862940782189069,0.874059217810931,8685,7919,5802
"WMW_Asymp","ghEqual",48014,10000,100,100,0.5,3,1,3,0,0,0.778,0.767294372098676,0.788705627901324,0.91,0.904390837495668,0.915609162504332,0.9514,0.947862751179363,0.954937248820637,9514,9100,7780
"WMW_Asymp","ghEqual",877642,10000,100,100,0.5,3,-1,1,0,0,0.8641,0.855272502776815,0.872927497223185,0.9551,0.951041143806637,0.959158856193363,0.9778,0.975376363937407,0.980223636062593,9778,9551,8641
"WMW_Asymp","ghEqual",198746267,10000,100,100,0.5,3,-3,3,0,0,0.9986,0.997636823989136,0.999563176010864,0.9998,0.999522841861747,1.00007715813825,0.9998,0.999567385133966,1.00003261486603,9998,9998,9986
"WMW_Asymp","ghEqual",2309207,10000,100,100,0.5,3,-1,3,0,0,0.9846,0.981427978408588,0.987772021591412,0.9973,0.996282929956394,0.998317070043606,0.9987,0.998107272464133,0.999292727535867,9987,9973,9846
"WMW_Asymp","ghEqual",3947252,10000,100,100,0.5,3,1,-3,0,0,0.4183,0.405593108463769,0.431006891536231,0.6504,0.641053865005554,0.659746134994446,0.7541,0.747016308533189,0.761183691466811,7541,6504,4183
"WMW_Asymp","ghEqual",899940,10000,100,100,1,3,1,1,0,0,0.6686,0.656474342505022,0.680725657494977,0.8581,0.851260628094452,0.864939371905548,0.9176,0.913076691479724,0.922123308520276,9176,8581,6686
"WMW_Asymp","ghEqual",26687259,10000,100,100,1,3,3,3,0,0,0.9291,0.922488496893705,0.935711503106295,0.9803,0.977576240953094,0.983023759046906,0.9916,0.990098678153226,0.993101321846774,9916,9803,9291
"WMW_Asymp","ghEqual",1822367,10000,100,100,1,3,1,3,0,0,0.9737,0.969577731099278,0.977822268900722,0.9948,0.993390303467551,0.99620969653245,0.9982,0.997502714012833,0.998897285987167,9982,9948,9737
"WMW_Asymp","ghEqual",24205,10000,100,100,1,3,-1,1,0,0,0.9921,0.98981946296632,0.99438053703368,0.9989,0.998250299171618,0.999549700828382,0.9997,0.999415120383714,0.999984879616286,9997,9989,9921
"WMW_Asymp","ghEqual",121156,10000,100,100,1,3,-3,3,0,0,1,1,1,1,1,1,1,1,1,10000,10000,10000
"WMW_Asymp","ghEqual",1960859,10000,100,100,1,3,-1,3,0,0,0.9997,0.999253890643434,1.00014610935657,1,1,1,1,1,1,10000,10000,9997
"WMW_Asymp","ghEqual",444916,10000,100,100,1,3,1,-3,0,0,0.0991,0.0914030089885629,0.106796991011437,0.2564,0.247841753870892,0.264958246129108,0.3665,0.358573596049003,0.374426403950997,3665,2564,991
"WMW_Asymp","ghEqual",63346754,10000,100,100,1.5,3,1,1,0,0,0.9481,0.942385784552464,0.953814215447537,0.9886,0.986519255285625,0.990680744714375,0.9952,0.994063049113462,0.996336950886538,9952,9886,9481
"WMW_Asymp","ghEqual",206917,10000,100,100,1.5,3,3,3,0,0,0.992,0.989705190240216,0.994294809759784,0.9985,0.997741464806354,0.999258535193646,0.9997,0.999415120383714,0.999984879616286,9997,9985,9920
"WMW_Asymp","ghEqual",86893,10000,100,100,1.5,3,1,3,0,0,0.9981,0.996978214849062,0.999221785150938,0.9999,0.999704009800245,1.00009599019976,1,1,1,10000,9999,9981
"WMW_Asymp","ghEqual",13222810,10000,100,100,1.5,3,-1,1,0,0,0.9999,0.999642412880322,1.00015758711968,1,1,1,1,1,1,10000,10000,9999
"WMW_Asymp","ghEqual",348065680,10000,100,100,1.5,3,-3,3,0,0,1,1,1,1,1,1,1,1,1,10000,10000,10000
"WMW_Asymp","ghEqual",270478,10000,100,100,1.5,3,-1,3,0,0,1,1,1,1,1,1,1,1,1,10000,10000,10000
"WMW_Asymp","ghEqual",107245972,10000,100,100,1.5,3,1,-3,0,0,0.0157,0.0124977190820642,0.0189022809179358,0.0701,0.0650958167581113,0.0751041832418887,0.1302,0.124664191017033,0.135735808982967,1302,701,157
"WMW_Asymp","ghEqual",66032,10000,100,100,2,3,1,1,0,0,0.9965,0.99497868715433,0.99802131284567,0.9996,0.999208078407842,0.999991921592158,1,1,1,10000,9996,9965
"WMW_Asymp","ghEqual",126959,10000,100,100,2,3,3,3,0,0,0.9996,0.999084903050306,1.00011509694969,1,1,1,1,1,1,10000,10000,9996
"WMW_Asymp","ghEqual",9789376,10000,100,100,2,3,1,3,0,0,0.9999,0.999642412880322,1.00015758711968,1,1,1,1,1,1,10000,10000,9999
"WMW_Asymp","ghEqual",1047887,10000,100,100,2,3,-1,1,0,0,1,1,1,1,1,1,1,1,1,10000,10000,10000
"WMW_Asymp","ghEqual",115731104,10000,100,100,2,3,-3,3,0,0,1,1,1,1,1,1,1,1,1,10000,10000,10000
"WMW_Asymp","ghEqual",46295027,10000,100,100,2,3,-1,3,0,0,1,1,1,1,1,1,1,1,1,10000,10000,10000
"WMW_Asymp","ghEqual",36760,10000,100,100,2,3,1,-3,0,0,0.0455,0.0401316660616538,0.0508683339383462,0.1334,0.126735872024758,0.140064127975242,0.2146,0.207846541902766,0.221353458097234,2146,1334,455
"WMW_Asymp","ghEqual",39882036,10000,100,100,2.5,3,1,1,0,0,1,1,1,1,1,1,1,1,1,10000,10000,10000
"WMW_Asymp","ghEqual",273519,10000,100,100,2.5,3,3,3,0,0,0.9999,0.999642412880322,1.00015758711968,1,1,1,1,1,1,10000,10000,9999
"WMW_Asymp","ghEqual",28714,10000,100,100,2.5,3,1,3,0,0,1,1,1,1,1,1,1,1,1,10000,10000,10000
"WMW_Asymp","ghEqual",33908409,10000,100,100,2.5,3,-1,1,0,0,1,1,1,1,1,1,1,1,1,10000,10000,10000
"WMW_Asymp","ghEqual",8904140,10000,100,100,2.5,3,-3,3,0,0,1,1,1,1,1,1,1,1,1,10000,10000,10000
"WMW_Asymp","ghEqual",1147562,10000,100,100,2.5,3,-1,3,0,0,1,1,1,1,1,1,1,1,1,10000,10000,10000
"WMW_Asymp","ghEqual",37732,10000,100,100,2.5,3,1,-3,0,0,0.1925,0.182343770849375,0.202656229150625,0.3893,0.37974320581358,0.39885679418642,0.5118,0.503577290817018,0.520022709182982,5118,3893,1925
"WMW_Asymp","ghEqual",168788,10000,10,100,0,3,1,1,0,1,0.0077,0.00544828864991625,0.00995171135008375,0.0468,0.0426602795503078,0.0509397204496922,0.1,0.095065,0.104935,1000,468,77
"WMW_Asymp","ghEqual",71283507,10000,10,100,0,3,3,3,0,1,0.0092,0.00674057959837363,0.0116594204016264,0.0506,0.0463040823911066,0.0548959176088934,0.1045,0.099467812175666,0.109532187824334,1045,506,92
"WMW_Asymp","ghEqual",12606977,10000,10,100,0,3,-3,-3,0,1,0.0078,0.0055338285107221,0.0100661714892779,0.0458,0.0417025985530339,0.0498974014469661,0.0976,0.092718083416362,0.102481916583638,976,458,78
"WMW_Asymp","ghEqual",5275164,10000,10,100,0,3,-1,-1,0,1,0.0082,0.00587691641085044,0.0105230835891496,0.0501,0.0458242345061498,0.0543757654938502,0.1019,0.0969235993001995,0.106876400699801,1019,501,82
"WMW_Asymp","ghEqual",135816,10000,10,100,0.5,3,1,1,0,0,0.0397,0.0346702711106446,0.0447297288893554,0.1284,0.121843120627128,0.134956879372872,0.2095,0.202805643244166,0.216194356755834,2095,1284,397
"WMW_Asymp","ghEqual",58013,10000,10,100,0.5,3,3,3,0,0,0.1236,0.115121748829629,0.132078251170371,0.2625,0.253876139205669,0.271123860794331,0.366,0.358075879448797,0.373924120551203,3660,2625,1236
"WMW_Asymp","ghEqual",30001,10000,10,100,0.5,3,1,3,0,0,0.161,0.151532402700241,0.170467597299759,0.3237,0.314529413433722,0.332870586566278,0.4306,0.422454614438647,0.438745385561353,4306,3237,1610
"WMW_Asymp","ghEqual",48784,10000,10,100,0.5,3,-1,1,0,0,0.135,0.126197200772482,0.143802799227518,0.3284,0.319195228981099,0.337604771018901,0.4602,0.452001098865342,0.468398901134658,4602,3284,1350
"WMW_Asymp","ghEqual",20411,10000,10,100,0.5,3,-3,3,0,0,0.3716,0.359151936372152,0.384048063627848,0.6481,0.638739765794469,0.657460234205531,0.769,0.762066778707015,0.775933221292985,7690,6481,3716
"WMW_Asymp","ghEqual",680611,10000,10,100,0.5,3,-1,3,0,0,0.2731,0.261622586108497,0.284577413891503,0.5071,0.497300988085812,0.516899011914188,0.6326,0.624669509082844,0.640530490917156,6326,5071,2731
"WMW_Asymp","ghEqual",808436,10000,10,100,0.5,3,1,-3,0,0,0.0653,0.058935876912597,0.071664123087403,0.1803,0.172765032173552,0.187834967826448,0.2752,0.267853183217311,0.282546816782689,2752,1803,653
"WMW_Asymp","ghEqual",78542,10000,10,100,1,3,1,1,0,0,0.1218,0.113375071589303,0.130224928410697,0.277,0.268228676989188,0.285771323010812,0.3853,0.377294342365816,0.393305657634184,3853,2770,1218
"WMW_Asymp","ghEqual",82193228,10000,10,100,1,3,3,3,0,0,0.252,0.240816005933049,0.263183994066951,0.4305,0.42079513466554,0.44020486533446,0.5425,0.534304766676026,0.550695233323974,5425,4305,2520
"WMW_Asymp","ghEqual",1030517,10000,10,100,1,3,1,3,0,0,0.2936,0.281868616568985,0.305331383431016,0.4935,0.48370082813499,0.50329917186501,0.6038,0.595754191488738,0.611845808511262,6038,4935,2936
"WMW_Asymp","ghEqual",303381,10000,10,100,1,3,-1,1,0,0,0.2867,0.275050807627722,0.298349192372278,0.5437,0.533937501677869,0.55346249832213,0.678,0.670313853020531,0.685686146979469,6780,5437,2867
"WMW_Asymp","ghEqual",361537517,10000,10,100,1,3,-3,3,0,0,0.6722,0.660107959659362,0.684292040340638,0.8794,0.873017027756413,0.885782972243587,0.9401,0.936196390737539,0.944003609262462,9401,8794,6722
"WMW_Asymp","ghEqual",4610094,10000,10,100,1,3,-1,3,0,0,0.4829,0.470027534685462,0.495772465314538,0.7255,0.716753265297267,0.734246734702733,0.8242,0.817938308850486,0.830461691149514,8242,7255,4829
"WMW_Asymp","ghEqual",438949,10000,10,100,1,3,1,-3,0,0,0.028,0.0237503026035258,0.0322496973964743,0.0973,0.0914912295729991,0.103108770427001,0.17,0.163820840449543,0.176179159550457,1700,973,280
"WMW_Asymp","ghEqual",1122679,10000,10,100,1.5,3,1,1,0,0,0.2493,0.238156023030938,0.260443976969062,0.4411,0.431368234061261,0.450831765938739,0.5603,0.552135032764562,0.568464967235438,5603,4411,2493
"WMW_Asymp","ghEqual",205714817,10000,10,100,1.5,3,3,3,0,0,0.3591,0.346741985596911,0.371458014403089,0.5595,0.549769636308955,0.569230363691045,0.6638,0.656028884194667,0.671571115805333,6638,5595,3591
"WMW_Asymp","ghEqual",47856,10000,10,100,1.5,3,1,3,0,0,0.4274,0.414656498058657,0.440143501941343,0.6327,0.623251443752954,0.642148556247046,0.7269,0.719570673194285,0.734229326805715,7269,6327,4274
"WMW_Asymp","ghEqual",2377474,10000,10,100,1.5,3,-1,1,0,0,0.4913,0.478421949922001,0.504178050077999,0.7613,0.752944735634966,0.769655264365034,0.8587,0.852969959195453,0.864430040804547,8587,7613,4913
"WMW_Asymp","ghEqual",3825146,10000,10,100,1.5,3,-3,3,0,0,0.9756,0.97162555338694,0.97957444661306,0.9974,0.996401892251107,0.998398107748893,0.9992,0.998734909885721,0.999665090114279,9992,9974,9756
"WMW_Asymp","ghEqual",142396166,10000,10,100,1.5,3,-1,3,0,0,0.7216,0.710054074884578,0.733145925115423,0.8936,0.887556361691299,0.899643638308701,0.9433,0.939495633498363,0.947104366501637,9433,8936,7216
"WMW_Asymp","ghEqual",36151037,10000,10,100,1.5,3,1,-3,0,0,0.0154,0.012227978408588,0.018572021591412,0.0613,0.0565983562651345,0.0660016437348655,0.1178,0.112496994540461,0.123103005459539,1178,613,154
"WMW_Asymp","ghEqual",25766898,10000,10,100,2,3,1,1,0,0,0.3824,0.369881322711619,0.394918677288381,0.6032,0.593611016539716,0.612788983460284,0.708,0.700520476055256,0.715479523944744,7080,6032,3824
"WMW_Asymp","ghEqual",51511510,10000,10,100,2,3,3,3,0,0,0.4508,0.437982507362267,0.463617492637733,0.6541,0.644777048457146,0.663422951542854,0.742,0.734802565721731,0.749197434278269,7420,6541,4508
"WMW_Asymp","ghEqual",509895,10000,10,100,2,3,1,3,0,0,0.5501,0.537284820969326,0.562915179030674,0.7453,0.736760428002201,0.753839571997799,0.8233,0.817025729551671,0.829574270448329,8233,7453,5501
"WMW_Asymp","ghEqual",182304808,10000,10,100,2,3,-1,1,0,0,0.7467,0.735496943422443,0.757903056577557,0.9212,0.915919243469956,0.926480756530044,0.9659,0.962914554311836,0.968885445688164,9659,9212,7467
"WMW_Asymp","ghEqual",4802227,10000,10,100,2,3,-3,3,0,0,1,1,1,1,1,1,1,1,1,10000,10000,10000
"WMW_Asymp","ghEqual",71933157,10000,10,100,2,3,-1,3,0,0,0.9112,0.903872443140456,0.918527556859544,0.98,0.977256,0.982744,0.9919,0.990425508216376,0.993374491783624,9919,9800,9112
"WMW_Asymp","ghEqual",555617,10000,10,100,2,3,1,-3,0,0,0.0147,0.0115998067420859,0.0178001932579141,0.0683,0.0633557039067629,0.0732442960932371,0.1326,0.127021115462111,0.138178884537889,1326,683,147
"WMW_Asymp","ghEqual",10931551,10000,10,100,2.5,3,1,1,0,0,0.5242,0.511335094931779,0.537064905068221,0.7309,0.722207556005909,0.739592443994091,0.822,0.81570766534663,0.82829233465337,8220,7309,5242
"WMW_Asymp","ghEqual",1577876,10000,10,100,2.5,3,3,3,0,0,0.5531,0.540292839113868,0.565907160886132,0.7372,0.728572967878488,0.745827032121512,0.8146,0.808207172732578,0.820992827267422,8146,7372,5531
"WMW_Asymp","ghEqual",22531224,10000,10,100,2.5,3,1,3,0,0,0.6722,0.660107959659362,0.684292040340638,0.8376,0.83037117987785,0.84482882012215,0.8947,0.889650843795665,0.899749156204335,8947,8376,6722
"WMW_Asymp","ghEqual",27322497,10000,10,100,2.5,3,-1,1,0,0,0.9246,0.917798440898472,0.931401559101528,0.9889,0.986846504529735,0.990953495470265,0.9963,0.99530123841595,0.99729876158405,9963,9889,9246
"WMW_Asymp","ghEqual",262884,10000,10,100,2.5,3,-3,3,0,0,1,1,1,1,1,1,1,1,1,10000,10000,10000
"WMW_Asymp","ghEqual",167759,10000,10,100,2.5,3,-1,3,0,0,0.9925,0.990277500110236,0.994722499889764,0.9992,0.998645850076604,0.999754149923396,0.9997,0.999415120383714,0.999984879616286,9997,9992,9925
"WMW_Asymp","ghEqual",44867,10000,10,100,2.5,3,1,-3,0,0,0.0269,0.0227322588788573,0.0310677411211427,0.1147,0.108454272783286,0.120945727216714,0.1969,0.190358556821314,0.203441443178686,1969,1147,269
