"method","distribution","seed","N","n1","n2","delta","sd","g1","g2","h","null","power0.01","l_CI","u_CI","power0.05","l_CI","u_CI","power0.10","l_CI","u_CI","ct_0.10","ct_0.05","ct_0.01"
"VW","ghEqualK",25588,10000,10,10,0,3,1,1,0.2,1,0.0077,0.00544828864991625,0.00995171135008375,0.0492,0.0449608068058179,0.0534391931941821,0.0994,0.09447818749005,0.10432181250995,994,492,77
"VW","ghEqualK",143607,10000,10,10,0,3,3,3,0.2,1,0.0071,0.00493714308998861,0.00926285691001139,0.0447,0.0406497696675868,0.0487502303324132,0.1008,0.0958475019016258,0.105752498098374,1008,447,71
"VW","ghEqualK",315636691,10000,10,10,0,3,-3,-3,0.2,1,0.007,0.00485232034567536,0.00914767965432464,0.0511,0.0467840466213825,0.0554159533786175,0.1059,0.100838177292025,0.110961822707975,1059,511,70
"VW","ghEqualK",56890,10000,10,10,0,3,-1,-1,0.2,1,0.0068,0.00468301066328241,0.00891698933671759,0.0471,0.0429476859927987,0.0512523140072013,0.1005,0.0955540523305058,0.105445947669494,1005,471,68
"VW","ghEqualK",21543,10000,10,10,0.5,3,1,1,0.2,0,0.0095,0.00700118041435561,0.0119988195856444,0.0667,0.0618097662205575,0.0715902337794424,0.1327,0.127119333923914,0.138280666076086,1327,667,95
"VW","ghEqualK",107323921,10000,10,10,0.5,3,3,3,0.2,0,0.0227,0.0188631684141083,0.0265368315858917,0.1104,0.1042576014087,0.1165423985913,0.1932,0.186705400001509,0.199694599998491,1932,1104,227
"VW","ghEqualK",651743,10000,10,10,0.5,3,1,3,0.2,0,0.0386,0.0336376022651238,0.0435623977348762,0.1603,0.153109072517011,0.167490927482989,0.2675,0.260218319657567,0.274781680342433,2675,1603,386
"VW","ghEqualK",18340277,10000,10,10,0.5,3,-1,1,0.2,0,0.0382,0.0332623542712163,0.0431376457287837,0.1856,0.177979842640575,0.193220157359425,0.3048,0.297227692087719,0.312372307912281,3048,1856,382
"VW","ghEqualK",2055911,10000,10,10,0.5,3,-3,3,0.2,0,0.1409,0.131937622869632,0.149862377130368,0.433,0.423288382948242,0.442711617051758,0.5897,0.58160844063664,0.59779155936336,5897,4330,1409
"VW","ghEqualK",1000488,10000,10,10,0.5,3,-1,3,0.2,0,0.086,0.0787778220964587,0.0932221779035413,0.3125,0.303415156853308,0.321584843146692,0.4623,0.45409841354537,0.47050158645463,4623,3125,860
"VW","ghEqualK",796942,10000,10,10,0.5,3,1,-3,0.2,0,0.0194,0.0158470207748336,0.0229529792251664,0.1223,0.11587841332118,0.12872158667882,0.219,0.212196796269587,0.225803203730413,2190,1223,194
"VW","ghEqualK",5509692,10000,10,10,1,3,1,1,0.2,0,0.0258,0.0217160560378066,0.0298839439621934,0.1174,0.111090832153255,0.123709167846745,0.2035,0.196877209774621,0.210122790225379,2035,1174,258
"VW","ghEqualK",385947,10000,10,10,1,3,3,3,0.2,0,0.0546,0.0487473846904154,0.0604526153095846,0.1982,0.190386584452264,0.206013415547736,0.3113,0.303683235918924,0.318916764081076,3113,1982,546
"VW","ghEqualK",1427895,10000,10,10,1,3,1,3,0.2,0,0.0777,0.0708040759059212,0.0845959240940788,0.2579,0.249325417994188,0.266474582005812,0.3875,0.379485899170252,0.395514100829748,3875,2579,777
"VW","ghEqualK",415442,10000,10,10,1,3,-1,1,0.2,0,0.0772,0.0703244364306323,0.0840755635693677,0.298,0.289035361950419,0.306964638049581,0.447,0.438821338582781,0.455178661417219,4470,2980,772
"VW","ghEqualK",114420956,10000,10,10,1,3,-3,3,0.2,0,0.2764,0.264879690226565,0.287920309773435,0.6203,0.610787881313524,0.629812118686476,0.7606,0.75358050068715,0.76761949931285,7606,6203,2764
"VW","ghEqualK",18923746,10000,10,10,1,3,-1,3,0.2,0,0.1617,0.152215802226528,0.171184197773472,0.4623,0.452527896990228,0.472072103009772,0.6244,0.616433636093198,0.632366363906802,6244,4623,1617
"VW","ghEqualK",37555,10000,10,10,1,3,1,-3,0.2,0,0.0103,0.00769914430765258,0.0129008556923474,0.0766,0.0713872680722677,0.0818127319277323,0.1546,0.148652947549323,0.160547052450677,1546,766,103
"VW","ghEqualK",39490444,10000,10,10,1.5,3,1,1,0.2,0,0.0503,0.0446698097518808,0.0559301902481191,0.1891,0.181424874492857,0.196775125507143,0.3014,0.293851653689774,0.308948346310226,3014,1891,503
"VW","ghEqualK",21739477,10000,10,10,1.5,3,3,3,0.2,0,0.0945,0.0869646055619099,0.10203539443809,0.2919,0.282989123675956,0.300810876324044,0.4228,0.414673630737137,0.430926369262863,4228,2919,945
"VW","ghEqualK",33897266,10000,10,10,1.5,3,1,3,0.2,0,0.1281,0.119490979095201,0.136709020904799,0.3565,0.347112280296046,0.365887719703954,0.5057,0.497475534477866,0.513924465522134,5057,3565,1281
"VW","ghEqualK",8241198,10000,10,10,1.5,3,-1,1,0.2,0,0.1536,0.144311848430053,0.162888151569947,0.4386,0.428874171903308,0.448325828096692,0.6039,0.595854540772213,0.611945459227787,6039,4386,1536
"VW","ghEqualK",1205761,10000,10,10,1.5,3,-3,3,0.2,0,0.5618,0.549018762270931,0.574581237729069,0.858,0.85115861726257,0.86484138273743,0.93,0.925802831579505,0.934197168420495,9300,8580,5618
"VW","ghEqualK",240164,10000,10,10,1.5,3,-1,3,0.2,0,0.3055,0.29363445772425,0.31736554227575,0.6406,0.631195437978172,0.650004562021827,0.7749,0.768029687680391,0.781770312319609,7749,6406,3055
"VW","ghEqualK",44760,10000,10,10,1.5,3,1,-3,0.2,0,0.0099,0.00734963120325236,0.0124503687967476,0.0544,0.0499546162975059,0.0588453837024941,0.1159,0.110634273290231,0.121165726709769,1159,544,99
"VW","ghEqualK",30162557,10000,10,10,2,3,1,1,0.2,0,0.1013,0.0935275497262539,0.109072450273746,0.3019,0.292901990509985,0.310898009490015,0.4289,0.420758582891414,0.437041417108586,4289,3019,1013
"VW","ghEqualK",376338,10000,10,10,2,3,3,3,0.2,0,0.1436,0.13456638852875,0.15263361147125,0.3901,0.380539659437112,0.399660340562888,0.5289,0.520688750698829,0.537111249301171,5289,3901,1436
"VW","ghEqualK",87885761,10000,10,10,2,3,1,3,0.2,0,0.1991,0.188813428822093,0.209386571177907,0.4741,0.464313156707579,0.483886843292421,0.6189,0.61091094119242,0.62688905880758,6189,4741,1991
"VW","ghEqualK",7964196,10000,10,10,2,3,-1,1,0.2,0,0.2715,0.260043668979363,0.282956331020637,0.6181,0.608577296279816,0.627622703720184,0.7609,0.753883516917859,0.767916483082141,7609,6181,2715
"VW","ghEqualK",6256309,10000,10,10,2,3,-3,3,0.2,0,0.9356,0.929276843964849,0.941923156035151,0.9937,0.992149206432306,0.995250793567694,0.9985,0.99786337224819,0.99913662775181,9985,9937,9356
"VW","ghEqualK",592696,10000,10,10,2,3,-1,3,0.2,0,0.499,0.486120025760026,0.511879974239974,0.8113,0.803631105567971,0.818968894432029,0.8975,0.89251063744208,0.90248936255792,8975,8113,4990
"VW","ghEqualK",861513,10000,10,10,2,3,1,-3,0.2,0,0.0096,0.00708818996570521,0.0121118100342948,0.0524,0.0480324866527508,0.0567675133472492,0.1108,0.105636603102182,0.115963396897818,1108,524,96
"VW","ghEqualK",3100789,10000,10,10,2.5,3,1,1,0.2,0,0.1517,0.142459118894568,0.160940881105432,0.3994,0.389800408211679,0.408999591788321,0.5419,0.533703930664948,0.550096069335052,5419,3994,1517
"VW","ghEqualK",327278,10000,10,10,2.5,3,3,3,0.2,0,0.2024,0.192049920505763,0.212750079494237,0.4686,0.45881934390716,0.47838065609284,0.6093,0.601273925309357,0.617326074690643,6093,4686,2024
"VW","ghEqualK",60498501,10000,10,10,2.5,3,1,3,0.2,0,0.2748,0.263300389768653,0.286299610231347,0.5755,0.565812369125529,0.585187630874471,0.7047,0.697195880152158,0.712204119847842,7047,5755,2748
"VW","ghEqualK",206997,10000,10,10,2.5,3,-1,1,0.2,0,0.4329,0.420136509036397,0.445663490963603,0.7676,0.759321691320179,0.775878308679821,0.869,0.863449764149381,0.874550235850619,8690,7676,4329
"VW","ghEqualK",154445306,10000,10,10,2.5,3,-3,3,0.2,0,0.9902,0.987662416407821,0.992737583592179,0.9993,0.998781614273345,0.999818385726655,0.9996,0.999271065806581,0.999928934193419,9996,9993,9902
"VW","ghEqualK",25805025,10000,10,10,2.5,3,-1,3,0.2,0,0.7184,0.706813684622291,0.729986315377709,0.9287,0.923656424120765,0.933743575879235,0.9671,0.964165733584356,0.970034266415644,9671,9287,7184
"VW","ghEqualK",141675031,10000,10,10,2.5,3,1,-3,0.2,0,0.016,0.0127677614979089,0.0192322385020911,0.0628,0.058044983446338,0.067555016553662,0.1233,0.117891548446295,0.128708451553705,1233,628,160
"VW","ghEqualK",125205,10000,20,20,0,3,1,1,0.2,1,0.0085,0.00613516044552701,0.010864839554473,0.0492,0.0449608068058179,0.0534391931941821,0.1033,0.0982934374328513,0.108306562567149,1033,492,85
"VW","ghEqualK",1469418,10000,20,20,0,3,3,3,0.2,1,0.0081,0.00579100861117587,0.0104089913888241,0.0504,0.0461121291840355,0.0546878708159645,0.1039,0.0988805987472633,0.108919401252737,1039,504,81
"VW","ghEqualK",811615,10000,20,20,0,3,-3,-3,0.2,1,0.0093,0.00682737409756834,0.0117726259024317,0.0481,0.0439060401072018,0.0522939598927982,0.0966,0.0917404673028058,0.101459532697194,966,481,93
"VW","ghEqualK",1010437,10000,20,20,0,3,-1,-1,0.2,1,0.0068,0.00468301066328241,0.00891698933671759,0.0461,0.0419898472867301,0.0502101527132699,0.0975,0.0926203146890014,0.102379685310999,975,461,68
"VW","ghEqualK",1155499,10000,20,20,0.5,3,1,1,0.2,0,0.0218,0.0180382672793809,0.0255617327206191,0.0888,0.0832246849981727,0.0943753150018273,0.1578,0.151803097053987,0.163796902946013,1578,888,218
"VW","ghEqualK",35580321,10000,20,20,0.5,3,3,3,0.2,0,0.0562,0.0502672779363048,0.0621327220636952,0.1825,0.174929381068895,0.190070618931105,0.2851,0.277673449142504,0.292526550857496,2851,1825,562
"VW","ghEqualK",245422,10000,20,20,0.5,3,1,3,0.2,0,0.1097,0.101649601863286,0.117750398136714,0.3048,0.295777675678984,0.313822324321016,0.442,0.433830525219453,0.450169474780547,4420,3048,1097
"VW","ghEqualK",1582138,10000,20,20,0.5,3,-1,1,0.2,0,0.1596,0.150165794672555,0.169034205327445,0.4038,0.39418309746698,0.41341690253302,0.5469,0.538711263526345,0.555088736473656,5469,4038,1596
"VW","ghEqualK",1455784,10000,20,20,0.5,3,-3,3,0.2,0,0.4965,0.483620315563866,0.509379684436134,0.7741,0.765903796730778,0.782296203269222,0.8629,0.857241974972398,0.868558025027602,8629,7741,4965
"VW","ghEqualK",293784,10000,20,20,0.5,3,-1,3,0.2,0,0.3355,0.323337030615446,0.347662969384554,0.6234,0.613903148913961,0.632896851086039,0.7494,0.742271251716949,0.756528748283051,7494,6234,3355
"VW","ghEqualK",144789,10000,20,20,0.5,3,1,-3,0.2,0,0.0768,0.0699407857784892,0.0836592142215108,0.2526,0.244083732561832,0.261116267438168,0.3758,0.36783279169019,0.38376720830981,3758,2526,768
"VW","ghEqualK",94858,10000,20,20,1,3,1,1,0.2,0,0.0639,0.0575997554057081,0.0702002445942919,0.1977,0.18989401338756,0.20550598661244,0.3072,0.299611071737959,0.314788928262041,3072,1977,639
"VW","ghEqualK",2706577,10000,20,20,1,3,3,3,0.2,0,0.155,0.145677335350877,0.164322664649123,0.368,0.358547677737191,0.377452322262809,0.5029,0.494675138345664,0.511124861654337,5029,3680,1550
"VW","ghEqualK",60144,10000,20,20,1,3,1,3,0.2,0,0.2393,0.228309336378518,0.250290663621482,0.5006,0.490800007056003,0.510399992943998,0.636,0.628085105107457,0.643914894892543,6360,5006,2393
"VW","ghEqualK",267922,10000,20,20,1,3,-1,1,0.2,0,0.313,0.301054718299446,0.324945281700554,0.6033,0.593711430195405,0.612888569804595,0.733,0.725722645681465,0.740277354318535,7330,6033,3130
"VW","ghEqualK",135607,10000,20,20,1,3,-3,3,0.2,0,0.7534,0.742296620013575,0.764503379986425,0.9283,0.923243385747598,0.933356614252402,0.968,0.9651048,0.9708952,9680,9283,7534
"VW","ghEqualK",10502881,10000,20,20,1,3,-1,3,0.2,0,0.5643,0.551526948483288,0.577073051516712,0.8206,0.813079736689291,0.828120263310709,0.8983,0.89332793178257,0.90327206821743,8983,8206,5643
"VW","ghEqualK",105235,10000,20,20,1,3,1,-3,0.2,0,0.0326,0.0280253518135463,0.0371746481864537,0.1373,0.130554389839785,0.144045610160215,0.2343,0.227332429525669,0.241267570474331,2343,1373,326
"VW","ghEqualK",79113,10000,20,20,1.5,3,1,1,0.2,0,0.148,0.138852624362715,0.157147375637285,0.3666,0.357155231200797,0.376044768799203,0.4988,0.490575023688034,0.507024976311966,4988,3666,1480
"VW","ghEqualK",2114380,10000,20,20,1.5,3,3,3,0.2,0,0.2841,0.272482634403147,0.295717365596853,0.5504,0.540649914249895,0.560150085750105,0.6762,0.6685026380675,0.6838973619325,6762,5504,2841
"VW","ghEqualK",369109,10000,20,20,1.5,3,1,3,0.2,0,0.3888,0.376242573073999,0.401357426926001,0.6645,0.655245566772622,0.673754433227378,0.7784,0.771567931784767,0.785232068215233,7784,6645,3888
"VW","ghEqualK",281056048,10000,20,20,1.5,3,-1,1,0.2,0,0.5323,0.519446903247633,0.545153096752367,0.7988,0.79094241500144,0.80665758499856,0.881,0.875673678990382,0.886326321009618,8810,7988,5323
"VW","ghEqualK",118139,10000,20,20,1.5,3,-3,3,0.2,0,0.9671,0.962505063655502,0.971694936344497,0.994,0.992486352009217,0.995513647990783,0.9982,0.997502714012833,0.998897285987167,9982,9940,9671
"VW","ghEqualK",248059,10000,20,20,1.5,3,-1,3,0.2,0,0.7849,0.774315429780694,0.795484570219306,0.9405,0.93586346060515,0.94513653939485,0.9702,0.967402921406914,0.972997078593086,9702,9405,7849
"VW","ghEqualK",51675506,10000,20,20,1.5,3,1,-3,0.2,0,0.0136,0.0106163914386931,0.0165836085613069,0.0698,0.0648057307728157,0.0747942692271843,0.1393,0.133604034344839,0.144995965655161,1393,698,136
"VW","ghEqualK",2308294,10000,20,20,2,3,1,1,0.2,0,0.2717,0.260241023391946,0.283158976608054,0.5392,0.529430164567527,0.548969835432473,0.6761,0.668402018833098,0.683797981166902,6761,5392,2717
"VW","ghEqualK",72353690,10000,20,20,2,3,3,3,0.2,0,0.4121,0.39942059435953,0.42477940564047,0.6805,0.671360855009357,0.689639144990643,0.7886,0.781883441833863,0.795316558166137,7886,6805,4121
"VW","ghEqualK",97676,10000,20,20,2,3,1,3,0.2,0,0.5365,0.523654364603399,0.549345635396601,0.7919,0.783943404442703,0.799856595557297,0.8731,0.867624437916983,0.878575562083017,8731,7919,5365
"VW","ghEqualK",369605,10000,20,20,2,3,-1,1,0.2,0,0.7521,0.740977000533004,0.763222999466996,0.9239,0.918702902274692,0.929097097725308,0.9634,0.960311057913282,0.966488942086718,9634,9239,7521
"VW","ghEqualK",145134230,10000,20,20,2,3,-3,3,0.2,0,1,1,1,1,1,1,1,1,1,10000,10000,10000
"VW","ghEqualK",335174827,10000,20,20,2,3,-1,3,0.2,0,0.9408,0.934720674928914,0.946879325071086,0.9882,0.98608349402042,0.99031650597958,0.995,0.993839720965673,0.996160279034327,9950,9882,9408
"VW","ghEqualK",5935673,10000,20,20,2,3,1,-3,0.2,0,0.0081,0.00579100861117587,0.0104089913888241,0.0499,0.0456323282977249,0.0541676717022751,0.1052,0.100152959846762,0.110247040153238,1052,499,81
"VW","ghEqualK",224277762,10000,20,20,2.5,3,1,1,0.2,0,0.4406,0.427811213531407,0.453388786468593,0.6999,0.69091729647832,0.70888270352168,0.8075,0.801014364536965,0.813985635463035,8075,6999,4406
"VW","ghEqualK",2612624,10000,20,20,2.5,3,3,3,0.2,0,0.5246,0.511735598366827,0.537464401633173,0.7754,0.767220554827227,0.783579445172773,0.8594,0.853681840867631,0.865118159132369,8594,7754,5246
"VW","ghEqualK",25337789,10000,20,20,2.5,3,1,3,0.2,0,0.6741,0.662026026940309,0.686173973059691,0.8777,0.87127841332118,0.88412158667882,0.9323,0.928167260047163,0.936432739952837,9323,8777,6741
"VW","ghEqualK",27936,10000,20,20,2.5,3,-1,1,0.2,0,0.9085,0.901072906837908,0.915927093162092,0.9798,0.97704259554044,0.98255740445956,0.9914,0.989881063615848,0.992918936384152,9914,9798,9085
"VW","ghEqualK",308711,10000,20,20,2.5,3,-3,3,0.2,0,1,1,1,1,1,1,1,1,1,10000,10000,10000
"VW","ghEqualK",32949,10000,20,20,2.5,3,-1,3,0.2,0,0.9908,0.988340579598374,0.993259420401626,0.9996,0.999208078407842,0.999991921592158,1,1,1,10000,9996,9908
"VW","ghEqualK",604251,10000,20,20,2.5,3,1,-3,0.2,0,0.0144,0.011331137346041,0.017468862653959,0.0605,0.0558271466575549,0.0651728533424451,0.1125,0.107302118858672,0.117697881141328,1125,605,144
"VW","ghEqualK",13598457,10000,100,100,0,3,1,1,0.2,1,0.0104,0.00778668132697445,0.0130133186730255,0.0501,0.0458242345061498,0.0543757654938502,0.1012,0.0962387890860799,0.10616121091392,1012,501,104
"VW","ghEqualK",368244070,10000,100,100,0,3,3,3,0.2,1,0.0098,0.00726241640782102,0.012337583592179,0.0512,0.0468800532862546,0.0555199467137454,0.0992,0.0942825955815695,0.104117404418431,992,512,98
"VW","ghEqualK",157909702,10000,100,100,0,3,-3,-3,0.2,1,0.0103,0.00769914430765258,0.0129008556923474,0.0512,0.0468800532862546,0.0555199467137454,0.1002,0.0952606163769252,0.105139383623075,1002,512,103
"VW","ghEqualK",53877326,10000,100,100,0,3,-1,-1,0.2,1,0.0089,0.00648064499126234,0.0113193550087377,0.0478,0.0436184806749699,0.0519815193250301,0.1005,0.0955540523305058,0.105445947669494,1005,478,89
"VW","ghEqualK",17306,10000,100,100,0.5,3,1,1,0.2,0,0.0956,0.0880254806102523,0.103174519389748,0.2533,0.244775935212729,0.261824064787271,0.3638,0.3558860357873,0.3717139642127,3638,2533,956
"VW","ghEqualK",3035671,10000,100,100,0.5,3,3,3,0.2,0,0.4194,0.406688447733559,0.432111552266441,0.6611,0.651822618103883,0.670377381896117,0.7751,0.768231854319107,0.781968145680893,7751,6611,4194
"VW","ghEqualK",116523456,10000,100,100,0.5,3,1,3,0.2,0,0.7889,0.778387622370753,0.799412377629248,0.9302,0.925205730772816,0.935194269227184,0.9654,0.962393524985785,0.968406475014215,9654,9302,7889
"VW","ghEqualK",39473,10000,100,100,0.5,3,-1,1,0.2,0,0.9446,0.93870715915596,0.95049284084404,0.9884,0.986301294820514,0.990498705179486,0.9946,0.993394445052642,0.995805554947358,9946,9884,9446
"VW","ghEqualK",199732650,10000,100,100,0.5,3,-3,3,0.2,0,1,1,1,1,1,1,1,1,1,10000,10000,10000
"VW","ghEqualK",105806756,10000,100,100,0.5,3,-1,3,0.2,0,0.9975,0.99621361100751,0.99878638899249,0.9994,0.998920044062022,0.999879955937978,0.9998,0.999567385133966,1.00003261486603,9998,9994,9975
"VW","ghEqualK",11092930,10000,100,100,0.5,3,1,-3,0.2,0,0.7562,0.745139339914948,0.767260660085052,0.9117,0.906138878284231,0.917261121715769,0.9545,0.951071851968719,0.957928148031281,9545,9117,7562
"VW","ghEqualK",1923079,10000,100,100,1,3,1,1,0.2,0,0.469,0.456144779195735,0.481855220804265,0.7184,0.709584325256091,0.727215674743909,0.822,0.81570766534663,0.82829233465337,8220,7184,4690
"VW","ghEqualK",5536322,10000,100,100,1,3,3,3,0.2,0,0.8667,0.857944210104215,0.875455789895785,0.9622,0.958462040018192,0.965937959981808,0.9829,0.980767354724063,0.985032645275937,9829,9622,8667
"VW","ghEqualK",47317,10000,100,100,1,3,1,3,0.2,0,0.9707,0.966355676238334,0.975044323761666,0.9954,0.99407372432187,0.99672627567813,0.9987,0.998107272464133,0.999292727535867,9987,9954,9707
"VW","ghEqualK",123851,10000,100,100,1,3,-1,1,0.2,0,0.9962,0.994615066935339,0.997784933064661,0.9997,0.99936056896783,1.00003943103217,0.9999,0.999735508225206,1.00006449177479,9999,9997,9962
"VW","ghEqualK",10762741,10000,100,100,1,3,-3,3,0.2,0,1,1,1,1,1,1,1,1,1,10000,10000,10000
"VW","ghEqualK",478944,10000,100,100,1,3,-1,3,0.2,0,1,1,1,1,1,1,1,1,1,10000,10000,10000
"VW","ghEqualK",328220136,10000,100,100,1,3,1,-3,0.2,0,0.377,0.364515804611846,0.389484195388154,0.6326,0.623150904439133,0.642049095560867,0.7459,0.738738425100093,0.753061574899907,7459,6326,3770
"VW","ghEqualK",2036734,10000,100,100,1.5,3,1,1,0.2,0,0.8652,0.856402706929555,0.873997293070445,0.9618,0.958043095641143,0.965556904358857,0.98,0.977697,0.982303,9800,9618,8652
"VW","ghEqualK",9161757,10000,100,100,1.5,3,3,3,0.2,0,0.9833,0.979998987918359,0.98660101208164,0.9969,0.995810410984637,0.997989589015363,0.9991,0.998606722124989,0.999593277875011,9991,9969,9833
"VW","ghEqualK",232449643,10000,100,100,1.5,3,1,3,0.2,0,0.9978,0.996593078708276,0.999006921291724,0.9998,0.999522841861747,1.00007715813825,1,1,1,10000,9998,9978
"VW","ghEqualK",130066,10000,100,100,1.5,3,-1,1,0.2,0,1,1,1,1,1,1,1,1,1,10000,10000,10000
"VW","ghEqualK",90470,10000,100,100,1.5,3,-3,3,0.2,0,1,1,1,1,1,1,1,1,1,10000,10000,10000
"VW","ghEqualK",337952555,10000,100,100,1.5,3,-1,3,0.2,0,1,1,1,1,1,1,1,1,1,10000,10000,10000
"VW","ghEqualK",22165032,10000,100,100,1.5,3,1,-3,0.2,0,0.1031,0.0952666559205366,0.110933344079463,0.2814,0.272586229773451,0.290213770226549,0.4058,0.397722290186451,0.413877709813549,4058,2814,1031
"VW","ghEqualK",182031,10000,100,100,2,3,1,1,0.2,0,0.9851,0.981979105035887,0.988220894964113,0.998,0.997124338330175,0.998875661669825,0.9994,0.998997179837769,0.999802820162231,9994,9980,9851
"VW","ghEqualK",650245,10000,100,100,2,3,3,3,0.2,0,0.998,0.996849130376802,0.999150869623198,0.9997,0.99936056896783,1.00003943103217,0.9999,0.999735508225206,1.00006449177479,9999,9997,9980
"VW","ghEqualK",4576404,10000,100,100,2,3,1,3,0.2,0,0.9999,0.999642412880322,1.00015758711968,1,1,1,1,1,1,10000,10000,9999
"VW","ghEqualK",4096222,10000,100,100,2,3,-1,1,0.2,0,1,1,1,1,1,1,1,1,1,10000,10000,10000
"VW","ghEqualK",112176,10000,100,100,2,3,-3,3,0.2,0,1,1,1,1,1,1,1,1,1,10000,10000,10000
"VW","ghEqualK",43448,10000,100,100,2,3,-1,3,0.2,0,1,1,1,1,1,1,1,1,1,10000,10000,10000
"VW","ghEqualK",2359138,10000,100,100,2,3,1,-3,0.2,0,0.02,0.0163936,0.0236064,0.0808,0.0754584566221363,0.0861415433778637,0.1523,0.146389326832942,0.158210673167058,1523,808,200
"VW","ghEqualK",15587517,10000,100,100,2.5,3,1,1,0.2,0,0.9986,0.997636823989136,0.999563176010864,0.9998,0.999522841861747,1.00007715813825,1,1,1,10000,9998,9986
"VW","ghEqualK",257950,10000,100,100,2.5,3,3,3,0.2,0,0.9998,0.999435735018296,1.0001642649817,1,1,1,1,1,1,10000,10000,9998
"VW","ghEqualK",254370,10000,100,100,2.5,3,1,3,0.2,0,1,1,1,1,1,1,1,1,1,10000,10000,10000
"VW","ghEqualK",1431523,10000,100,100,2.5,3,-1,1,0.2,0,1,1,1,1,1,1,1,1,1,10000,10000,10000
"VW","ghEqualK",45602,10000,100,100,2.5,3,-3,3,0.2,0,1,1,1,1,1,1,1,1,1,10000,10000,10000
"VW","ghEqualK",1022083,10000,100,100,2.5,3,-1,3,0.2,0,1,1,1,1,1,1,1,1,1,10000,10000,10000
"VW","ghEqualK",65512965,10000,100,100,2.5,3,1,-3,0.2,0,0.0118,0.00901830642683706,0.0145816935731629,0.0542,0.049762326260573,0.058637673739427,0.1052,0.100152959846762,0.110247040153238,1052,542,118
"VW","ghEqualK",19184,10000,10,100,0,3,1,1,0.2,1,0.0086,0.00622141025800917,0.0109785897419908,0.0479,0.0437143287928458,0.0520856712071542,0.0986,0.0936958568720825,0.103504143127917,986,479,86
"VW","ghEqualK",113463,10000,10,100,0,3,3,3,0.2,1,0.0081,0.00579100861117587,0.0104089913888241,0.0487,0.0444812936141988,0.0529187063858012,0.0982,0.0933047287462389,0.103095271253761,982,487,81
"VW","ghEqualK",175284,10000,10,100,0,3,-3,-3,0.2,1,0.008,0.00570519024021598,0.010294809759784,0.0476,0.0434267995928305,0.0517732004071695,0.0985,0.0935980725072299,0.10340192749277,985,476,80
"VW","ghEqualK",591554,10000,10,100,0,3,-1,-1,0.2,1,0.0099,0.00734963120325236,0.0124503687967476,0.0505,0.0462081034541825,0.0547918965458175,0.1003,0.0953584268450447,0.105241573154955,1003,505,99
"VW","ghEqualK",998676,10000,10,100,0.5,3,1,1,0.2,0,0.0324,0.0278389346618773,0.0369610653381227,0.1099,0.103769804597046,0.116030195402954,0.1819,0.175554213621231,0.188245786378769,1819,1099,324
"VW","ghEqualK",2585250,10000,10,100,0.5,3,3,3,0.2,0,0.1133,0.105135132002149,0.121464867997851,0.2558,0.247248325260068,0.264351674739933,0.3537,0.345834967706565,0.361565032293435,3537,2558,1133
"VW","ghEqualK",555911,10000,10,100,0.5,3,1,3,0.2,0,0.2472,0.236087548024328,0.258312451975672,0.4324,0.422689980381153,0.442110019618847,0.5305,0.522290316874302,0.538709683125698,5305,4324,2472
"VW","ghEqualK",327491303,10000,10,100,0.5,3,-1,1,0.2,0,0.2249,0.214144776125239,0.235655223874761,0.4455,0.435758390853663,0.455241609146337,0.5699,0.561755771462012,0.578044228537988,5699,4455,2249
"VW","ghEqualK",260943,10000,10,100,0.5,3,-3,3,0.2,0,0.5836,0.5709013117726,0.5962986882274,0.7947,0.786783154811063,0.802616845188937,0.8712,0.865689604545734,0.876710395454266,8712,7947,5836
"VW","ghEqualK",349736936,10000,10,100,0.5,3,-1,3,0.2,0,0.4605,0.447660254946082,0.473339745053918,0.6846,0.675492370329531,0.693707629670469,0.7824,0.775612501155094,0.789187498844906,7824,6846,4605
"VW","ghEqualK",1729423,10000,10,100,0.5,3,1,-3,0.2,0,0.1739,0.164136355440354,0.183663644559646,0.3531,0.343732504228856,0.362467495771144,0.4631,0.454897429065837,0.471302570934163,4631,3531,1739
"VW","ghEqualK",69357631,10000,10,100,1,3,1,1,0.2,0,0.1018,0.0940105593427656,0.109589440657234,0.245,0.236570290870973,0.253429709129027,0.3458,0.337975913077432,0.353624086922568,3458,2450,1018
"VW","ghEqualK",36518,10000,10,100,1,3,3,3,0.2,0,0.3041,0.292249750697789,0.315950249302211,0.5008,0.491000012544008,0.510599987455992,0.6006,0.592543199749088,0.608656800250912,6006,5008,3041
"VW","ghEqualK",4405003,10000,10,100,1,3,1,3,0.2,0,0.4097,0.397031790634521,0.422368209365479,0.6058,0.596221907744357,0.615378092255643,0.7003,0.692763818715969,0.707836181284031,7003,6058,4097
"VW","ghEqualK",1005179,10000,10,100,1,3,-1,1,0.2,0,0.3845,0.371968355697611,0.397031644302389,0.6308,0.621341271498896,0.640258728501104,0.7417,0.734499838382455,0.748900161617545,7417,6308,3845
"VW","ghEqualK",941900,10000,10,100,1,3,-3,3,0.2,0,0.7922,0.781748321325891,0.802651678674109,0.9264,0.921282071058875,0.931517928941125,0.9623,0.95916677328896,0.96543322671104,9623,9264,7922
"VW","ghEqualK",95535,10000,10,100,1,3,-1,3,0.2,0,0.6573,0.645073990552691,0.669526009447309,0.8398,0.832610887788217,0.846989112211783,0.9004,0.895473785540235,0.905326214459765,9004,8398,6573
"VW","ghEqualK",289832,10000,10,100,1,3,1,-3,0.2,0,0.0936,0.0860968482256119,0.101103151774388,0.2253,0.217111517123081,0.233488482876919,0.3266,0.318885450881931,0.334314549118069,3266,2253,936
"VW","ghEqualK",4453809,10000,10,100,1.5,3,1,1,0.2,0,0.2394,0.228407762778176,0.250392237221825,0.4342,0.424485231577768,0.443914768422232,0.5418,0.533603792493604,0.549996207506396,5418,4342,2394
"VW","ghEqualK",2573558,10000,10,100,1.5,3,3,3,0.2,0,0.4736,0.460737966220076,0.486462033779924,0.6544,0.645078955452182,0.663721044547818,0.7393,0.732078178149194,0.746521821850806,7393,6544,4736
"VW","ghEqualK",446487,10000,10,100,1.5,3,1,3,0.2,0,0.5669,0.554135812385519,0.579664187614481,0.7451,0.736558222180459,0.753641777819541,0.8176,0.811247440219124,0.823952559780876,8176,7451,5669
"VW","ghEqualK",4173155,10000,10,100,1.5,3,-1,1,0.2,0,0.5714,0.558651999845532,0.584148000154468,0.7918,0.783841995458559,0.799758004541441,0.8749,0.869457809180213,0.880342190819787,8749,7918,5714
"VW","ghEqualK",4068157,10000,10,100,1.5,3,-3,3,0.2,0,0.9697,0.965284439183839,0.974115560816161,0.9945,0.993050427939011,0.995949572060989,0.9977,0.996911993488114,0.998488006511886,9977,9945,9697
"VW","ghEqualK",22473,10000,10,100,1.5,3,-1,3,0.2,0,0.8288,0.819096629592381,0.838503370407619,0.9381,0.933376912799619,0.942823087200381,0.9662,0.963227254235576,0.969172745764424,9662,9381,8288
"VW","ghEqualK",49744,10000,10,100,1.5,3,1,-3,0.2,0,0.0489,0.0433446250129173,0.0544553749870827,0.1388,0.13202354100067,0.14557645899933,0.2172,0.210417009305889,0.223982990694111,2172,1388,489
"VW","ghEqualK",1140542,10000,10,100,2,3,1,1,0.2,0,0.4052,0.392553624963425,0.417846375036575,0.6117,0.602147676830341,0.621252323169659,0.7081,0.700621228799463,0.715578771200536,7081,6117,4052
"VW","ghEqualK",26632585,10000,10,100,2,3,3,3,0.2,0,0.6157,0.603169580011294,0.628230419988707,0.7812,0.773096719967223,0.789303280032777,0.8449,0.83894510022721,0.85085489977279,8449,7812,6157
"VW","ghEqualK",47994,10000,10,100,2,3,1,3,0.2,0,0.7037,0.691937342274186,0.715462657725814,0.847,0.839944245004254,0.854055754995746,0.8957,0.890672068600331,0.900727931399669,8957,8470,7037
"VW","ghEqualK",444875,10000,10,100,2,3,-1,1,0.2,0,0.7636,0.752655332942154,0.774544667057846,0.9173,0.911901606687763,0.922698393312237,0.9565,0.953144532645163,0.959855467354837,9565,9173,7636
"VW","ghEqualK",6645461,10000,10,100,2,3,-3,3,0.2,0,0.9997,0.999253890643434,1.00014610935657,1,1,1,1,1,1,10000,10000,9997
"VW","ghEqualK",3767102,10000,10,100,2,3,-1,3,0.2,0,0.9446,0.93870715915596,0.95049284084404,0.9852,0.98283326773935,0.98756673226065,0.9934,0.992068013117519,0.99473198688248,9934,9852,9446
"VW","ghEqualK",185330194,10000,10,100,2,3,1,-3,0.2,0,0.0267,0.0225473545679006,0.0308526454320994,0.0924,0.086724040335027,0.098075959664973,0.1594,0.153378499127036,0.165421500872963,1594,924,267
"VW","ghEqualK",29037482,10000,10,100,2.5,3,1,1,0.2,0,0.5751,0.562366115451276,0.587833884548724,0.7577,0.749301892644554,0.766098107355446,0.8278,0.821589233713631,0.834010766286369,8278,7577,5751
"VW","ghEqualK",1713270,10000,10,100,2.5,3,3,3,0.2,0,0.7091,0.697400387926305,0.720799612073695,0.8435,0.836378757324736,0.850621242675264,0.8924,0.887302563565909,0.897497436434091,8924,8435,7091
"VW","ghEqualK",62706148,10000,10,100,2.5,3,1,3,0.2,0,0.7956,0.785211958124764,0.805988041875236,0.9026,0.896788567278338,0.908411432721662,0.9373,0.933312148467185,0.941287851532815,9373,9026,7956
"VW","ghEqualK",33708,10000,10,100,2.5,3,-1,1,0.2,0,0.9077,0.900243794365222,0.915156205634778,0.9751,0.972045920603782,0.978154079396217,0.9884,0.98663858672436,0.99016141327564,9884,9751,9077
"VW","ghEqualK",146073,10000,10,100,2.5,3,-3,3,0.2,0,1,1,1,1,1,1,1,1,1,10000,10000,10000
"VW","ghEqualK",162164748,10000,10,100,2.5,3,-1,3,0.2,0,0.9902,0.987662416407821,0.992737583592179,0.9989,0.998250299171618,0.999549700828382,0.9997,0.999415120383714,0.999984879616286,9997,9989,9902
"VW","ghEqualK",42607326,10000,10,100,2.5,3,1,-3,0.2,0,0.016,0.0127677614979089,0.0192322385020911,0.077,0.0717748076245941,0.0822251923754059,0.1438,0.138027911821542,0.149572088178458,1438,770,160
