"method","distribution","seed","N","n1","n2","delta","sd","null","power0.01","l_CI","u_CI","power0.05","l_CI","u_CI","power0.10","l_CI","u_CI","ct_0.10","ct_0.05","ct_0.01"
"Gastwirth","Logistic",44095,10000,10,10,0,1,1,0.1179,0.109592665991235,0.126207334008765,0.2133,0.205271099531218,0.221328900468782,0.3539,0.346033961746154,0.361766038253846,3539,2133,1179
"Gastwirth","Logistic",83434711,10000,10,10,0,3,1,0.117,0.108720213442751,0.125279786557249,0.2082,0.200241995458559,0.216158004541441,0.3547,0.346829952943865,0.362570047056135,3547,2082,1170
"Gastwirth","Logistic",1284593,10000,10,10,0,5,1,0.1192,0.110853149414927,0.127546850585073,0.2135,0.20546835740088,0.22153164259912,0.3551,0.347227957558297,0.362972042441703,3551,2135,1192
"Gastwirth","Logistic",11549443,10000,10,10,0,2,1,0.1209,0.112501955933639,0.129298044066361,0.2149,0.206849242082984,0.222950757917016,0.3564,0.348521513998769,0.364278486001231,3564,2149,1209
"Gastwirth","Logistic",186306,10000,10,10,0.5,1,0,0.1645,0.154950029348234,0.174049970651766,0.2708,0.262090289269006,0.279509710730994,0.416,0.407891901964086,0.424108098035914,4160,2708,1645
"Gastwirth","Logistic",25390,10000,10,10,1.5,1,0,0.4596,0.446762113289782,0.472437886710218,0.5998,0.590197200875078,0.609402799124922,0.7238,0.716444926300852,0.731155073699148,7238,5998,4596
"Gastwirth","Logistic",31003,10000,10,10,2,1,0,0.6275,0.615045799237205,0.639954200762795,0.7648,0.756487174391725,0.773112825608275,0.8514,0.845548837900118,0.857251162099882,8514,7648,6275
"Gastwirth","Logistic",5963177,10000,10,10,2.5,1,0,0.7628,0.751842574079374,0.773757425920626,0.8723,0.865758392898255,0.878841607101745,0.9271,0.922823455879103,0.931376544120897,9271,8723,7628
"Gastwirth","Logistic",29545,10000,10,10,0.5,3,0,0.1258,0.117257370318787,0.134342629681213,0.2127,0.204679343042269,0.220720656957731,0.3577,0.349815133704192,0.365584866295808,3577,2127,1258
"Gastwirth","Logistic",390035,10000,10,10,1.5,3,0,0.1636,0.154071061578586,0.173128938421414,0.2726,0.263872182721986,0.281327817278014,0.4167,0.408589947964484,0.424810052035516,4167,2726,1636
"Gastwirth","Logistic",847074,10000,10,10,2,3,0,0.1919,0.181755844464044,0.202044155535956,0.3046,0.29557933896134,0.31362066103866,0.4591,0.450902563911077,0.467297436088923,4591,3046,1919
"Gastwirth","Logistic",6577638,10000,10,10,2.5,3,0,0.2412,0.230179579358724,0.252220420641276,0.3629,0.353475607651716,0.372324392348284,0.5025,0.494275102813143,0.510724897186857,5025,3629,2412
"Gastwirth","Logistic",1154797,10000,10,10,1,1,0,0.2877,0.276038692116538,0.299361307883462,0.4142,0.404545366274291,0.423854633725709,0.5553,0.547125460367655,0.563474539632345,5553,4142,2877
"Gastwirth","Logistic",329317880,10000,10,10,1,3,0,0.1366,0.127753382899766,0.145446617100234,0.228,0.219776964881505,0.236223035118495,0.3734,0.365443020221522,0.381356979778478,3734,2280,1366
"Gastwirth","Logistic",37482,10000,10,10,5,1,0,0.9825,0.979122221534795,0.985877778465205,0.9987,0.997993771446627,0.999406228553373,0.9992,0.998734909885721,0.999665090114279,9992,9987,9825
"Gastwirth","Logistic",2046285,10000,10,10,5,3,0,0.5174,0.504527801460286,0.530272198539714,0.6618,0.652527299036333,0.671072700963668,0.775,0.768130770717358,0.781869229282642,7750,6618,5174
"Gastwirth","Logistic",313134992,10000,10,10,0.5,5,0,0.1171,0.108817144885851,0.125382855114149,0.2089,0.200932153045747,0.216867846954253,0.3496,0.341755922415376,0.357444077584624,3496,2089,1171
"Gastwirth","Logistic",19331,10000,10,10,1,5,0,0.1231,0.114636501526859,0.131563498473141,0.2174,0.20931545164413,0.22548454835587,0.37,0.362057869130391,0.377942130869609,3700,2174,1231
"Gastwirth","Logistic",47408,10000,10,10,1.5,5,0,0.1355,0.126683463595629,0.144316536404371,0.2347,0.226393301017516,0.243006698982484,0.38,0.372015392996521,0.387984607003479,3800,2347,1355
"Gastwirth","Logistic",6757810,10000,10,10,2,5,0,0.1479,0.138755178593828,0.157044821406172,0.249,0.240524297324705,0.257475702675295,0.3986,0.390545914023361,0.406654085976639,3986,2490,1479
"Gastwirth","Logistic",2065305,10000,10,10,2.5,5,0,0.1671,0.157489842293386,0.176710157706614,0.2741,0.265357231329241,0.282842768670759,0.425,0.416868057677436,0.433131942322564,4250,2741,1671
"Gastwirth","Logistic",3829260,10000,10,10,5,5,0,0.2791,0.267545177200297,0.290654822799703,0.4082,0.398566589831135,0.417833410168865,0.5567,0.548528056061819,0.564871943938181,5567,4082,2791
"Gastwirth","Logistic",44880,10000,10,10,3,1,0,0.8523,0.843160291375624,0.861439708624376,0.9357,0.930892382885295,0.940507617114705,0.9668,0.963852843047885,0.969747156952115,9668,9357,8523
"Gastwirth","Logistic",21257,10000,10,10,3,3,0,0.2883,0.276631456145074,0.299968543854926,0.4135,0.403847766121773,0.423152233878227,0.5591,0.550932658824197,0.567267341175804,5591,4135,2883
"Gastwirth","Logistic",85859,10000,10,10,3,5,0,0.182,0.172060644951628,0.191939355048372,0.288,0.279124510550961,0.296875489449039,0.4324,0.424250519248467,0.440549480751533,4324,2880,1820
"Gastwirth","Logistic",28363,10000,10,10,0.5,2,0,0.1311,0.122405750417805,0.139794249582195,0.2221,0.213953102798341,0.230246897201659,0.3689,0.360962763515809,0.376837236484191,3689,2221,1311
"Gastwirth","Logistic",16439950,10000,10,10,1,2,0,0.1674,0.157782951886685,0.177017048113315,0.2683,0.259615737644589,0.276984262355411,0.4152,0.407094155713413,0.423305844286587,4152,2683,1674
"Gastwirth","Logistic",2302339,10000,10,10,1.5,2,0,0.2229,0.212178899986719,0.233621100013281,0.3409,0.33160936864845,0.35019063135155,0.4828,0.474579868008578,0.491020131991422,4828,3409,2229
"Gastwirth","Logistic",41036567,10000,10,10,2,2,0,0.2879,0.276236277351566,0.299563722648434,0.4144,0.404744684294007,0.424055315705993,0.564,0.555842657469494,0.572157342530506,5640,4144,2879
"Gastwirth","Logistic",228514,10000,10,10,2.5,2,0,0.3728,0.360343763786584,0.385256236213416,0.5034,0.493600226578619,0.513199773421381,0.6407,0.632807367656176,0.648592632343824,6407,5034,3728
"Gastwirth","Logistic",656263,10000,10,10,3,2,0,0.4598,0.446961696683156,0.472638303316844,0.5988,0.589193229199695,0.608406770800305,0.7234,0.716041636425461,0.730758363574539,7234,5988,4598
"Gastwirth","Logistic",167370705,10000,10,10,5,2,0,0.7669,0.75600853339161,0.77779146660839,0.8759,0.86943796620015,0.88236203379985,0.9285,0.924261522547025,0.932738477452975,9285,8759,7669
"Gastwirth","Logistic",216299,10000,20,20,0,1,1,0.0481,0.0425879384266081,0.0536120615733919,0.1339,0.127225321079902,0.140574678920098,0.2205,0.213680096038112,0.227319903961888,2205,1339,481
"Gastwirth","Logistic",1058769,10000,20,20,0,3,1,0.037,0.0321374972014815,0.0418625027985185,0.1205,0.114119311889772,0.126880688110228,0.2002,0.193617533784675,0.206782466215325,2002,1205,370
"Gastwirth","Logistic",16835738,10000,20,20,0,5,1,0.0423,0.0371152145930525,0.0474847854069475,0.1267,0.120180322571047,0.133219677428953,0.21,0.203299779499897,0.216700220500103,2100,1267,423
"Gastwirth","Logistic",2673347,10000,20,20,0,2,1,0.0448,0.0394711680741746,0.0501288319258254,0.126,0.119495752477035,0.132504247522965,0.2072,0.200532813579447,0.213867186420553,2072,1260,448
"Gastwirth","Logistic",244147,10000,20,20,0.5,1,0,0.0958,0.0882184000530801,0.10338159994692,0.2134,0.205369728109808,0.221430271890192,0.3097,0.302094015401621,0.317305984598379,3097,2134,958
"Gastwirth","Logistic",85803562,10000,20,20,1.5,1,0,0.4821,0.469228256407884,0.494971743592116,0.6904,0.681338357201125,0.699461642798875,0.7815,0.774702392035107,0.788297607964893,7815,6904,4821
"Gastwirth","Logistic",6000451,10000,20,20,2,1,0,0.6963,0.684454143911449,0.708145856088551,0.8637,0.856975105754765,0.870424894245235,0.9191,0.914614389639974,0.923585610360026,9191,8637,6963
"Gastwirth","Logistic",47991843,10000,20,20,2.5,1,0,0.8576,0.848597912301814,0.866602087698186,0.9544,0.95031112618654,0.95848887381346,0.9764,0.973902900836651,0.978897099163349,9764,9544,8576
"Gastwirth","Logistic",305238372,10000,20,20,0.5,3,0,0.0475,0.0420206990372859,0.0529793009627141,0.1363,0.129575105754765,0.143024894245235,0.226,0.219119965718835,0.232880034281165,2260,1363,475
"Gastwirth","Logistic",29682100,10000,20,20,1.5,3,0,0.0895,0.0821464448917819,0.0968535551082181,0.2069,0.198960369495852,0.214839630504148,0.3048,0.297227692087719,0.312372307912281,3048,2069,895
"Gastwirth","Logistic",108009,10000,20,20,2,3,0,0.1325,0.123766495676992,0.141233504323008,0.2778,0.269020881035913,0.286579118964087,0.3849,0.376895896029288,0.392904103970712,3849,2778,1325
"Gastwirth","Logistic",142118,10000,20,20,2.5,3,0,0.1797,0.169809773150285,0.189590226849715,0.3437,0.334391128409437,0.353008871590563,0.4558,0.44760720040939,0.46399279959061,4558,3437,1797
"Gastwirth","Logistic",22903416,10000,20,20,1,1,0,0.2446,0.233527069468421,0.255672930531579,0.4415,0.431767307235919,0.451232692764081,0.5537,0.545522574287909,0.561877425712091,5537,4415,2446
"Gastwirth","Logistic",81612999,10000,20,20,1,3,0,0.0628,0.0565505496723299,0.0690494503276701,0.166,0.158707219526134,0.173292780473866,0.2538,0.24664121476786,0.26095878523214,2538,1660,628
"Gastwirth","Logistic",44128,10000,20,20,5,1,0,0.9991,0.998327547838281,0.999872452161719,0.9998,0.999522841861747,1.00007715813825,0.9999,0.999735508225206,1.00006449177479,9999,9998,9991
"Gastwirth","Logistic",80979971,10000,20,20,5,3,0,0.5504,0.537585601585576,0.563214398414424,0.7459,0.737367059693728,0.754432940306272,0.8276,0.821386378798189,0.833813621201811,8276,7459,5504
"Gastwirth","Logistic",2039427,10000,20,20,0.5,5,0,0.046,0.0406036642618903,0.0513963357381097,0.1318,0.125169845217372,0.138430154782628,0.2159,0.209131725712416,0.222668274287584,2159,1318,460
"Gastwirth","Logistic",295348474,10000,20,20,1,5,0,0.0504,0.0447645126418752,0.0560354873581248,0.1426,0.135746576432293,0.149453423567707,0.2324,0.225452133786579,0.239347866213421,2324,1426,504
"Gastwirth","Logistic",22727075,10000,20,20,1.5,5,0,0.0577,0.0516934048536549,0.0637065951463451,0.1579,0.15075291462382,0.16504708537618,0.2482,0.241094118650871,0.255305881349129,2482,1579,577
"Gastwirth","Logistic",68145,10000,20,20,2,5,0,0.0779,0.070995955236502,0.084804044763498,0.1905,0.182803168342753,0.198196831657247,0.2857,0.278268758973444,0.293131241026556,2857,1905,779
"Gastwirth","Logistic",25728,10000,20,20,2.5,5,0,0.09,0.0826279578514498,0.0973720421485502,0.2091,0.201129347497827,0.217070652502173,0.3099,0.30229266215099,0.31750733784901,3099,2091,900
"Gastwirth","Logistic",7432214,10000,20,20,5,5,0,0.2432,0.232148576909204,0.254251423090796,0.4319,0.422191322657416,0.441608677342584,0.5542,0.546023466977264,0.562376533022736,5542,4319,2432
"Gastwirth","Logistic",116263754,10000,20,20,3,1,0,0.9373,0.931055194195422,0.943544805804578,0.9852,0.98283326773935,0.98756673226065,0.9939,0.992619138519989,0.995180861480011,9939,9852,9373
"Gastwirth","Logistic",92149363,10000,20,20,3,3,0,0.2486,0.237466492238836,0.259733507761164,0.4457,0.435957961810709,0.455442038189291,0.5608,0.552636036197141,0.568963963802859,5608,4457,2486
"Gastwirth","Logistic",106476,10000,20,20,3,5,0,0.1208,0.11240495234968,0.12919504765032,0.2562,0.247643941977195,0.264756058022805,0.3628,0.354890711357119,0.370709288642881,3628,2562,1208
"Gastwirth","Logistic",6121408,10000,20,20,0.5,2,0,0.0545,0.0486524374450888,0.0603475625549112,0.1457,0.138785018056307,0.152614981943693,0.2383,0.231291583534865,0.245308416465135,2383,1457,545
"Gastwirth","Logistic",71628412,10000,20,20,1,2,0,0.0898,0.0824353443956628,0.0971646556043372,0.2104,0.202411182336891,0.218388817663109,0.3098,0.30219333856834,0.31740666143166,3098,2104,898
"Gastwirth","Logistic",163992354,10000,20,20,1.5,2,0,0.1604,0.150946682255695,0.169853317744305,0.3209,0.311750280186235,0.330049719813765,0.4323,0.424150743882551,0.440449256117449,4323,3209,1604
"Gastwirth","Logistic",114452553,10000,20,20,2,2,0,0.2507,0.239535201434554,0.261864798565446,0.4425,0.432765018181835,0.452234981818165,0.5603,0.552135032764562,0.568464967235438,5603,4425,2507
"Gastwirth","Logistic",292918,10000,20,20,2.5,2,0,0.3611,0.348726970540247,0.373473029459753,0.5691,0.559394037451628,0.578805962548372,0.6761,0.668402018833098,0.683797981166902,6761,5691,3611
"Gastwirth","Logistic",686828,10000,20,20,3,2,0,0.4841,0.471226514032829,0.496973485967171,0.6879,0.678818332227261,0.696981667772739,0.7766,0.769748176301516,0.783451823698483,7766,6879,4841
"Gastwirth","Logistic",127193,10000,20,20,5,2,0,0.8533,0.84418594199141,0.86241405800859,0.9491,0.944792047071938,0.953407952928062,0.9725,0.969809846545385,0.975190153454615,9725,9491,8533
"Gastwirth","Logistic",1653587,10000,100,100,0,1,1,0.0154,0.012227978408588,0.018572021591412,0.0665,0.0616165802515041,0.0713834197484959,0.1208,0.115439032071127,0.126160967928873,1208,665,154
"Gastwirth","Logistic",7003175,10000,100,100,0,3,1,0.0133,0.0103490337449683,0.0162509662550317,0.066,0.0611336708865922,0.0708663291134078,0.1264,0.120933671187936,0.131866328812064,1264,660,133
"Gastwirth","Logistic",221259,10000,100,100,0,5,1,0.0122,0.00937212450238417,0.0150278754976158,0.065,0.0601680931300365,0.0698319068699634,0.1238,0.118382139119551,0.129217860880449,1238,650,122
"Gastwirth","Logistic",99221,10000,100,100,0,2,1,0.0137,0.0107055941757577,0.0166944058242423,0.0625,0.0577555954008959,0.0672444045991041,0.1165,0.111222452608515,0.121777547391485,1165,625,137
"Gastwirth","Logistic",1370919,10000,100,100,0.5,1,0,0.1684,0.15876006417782,0.17803993582218,0.3629,0.353475607651716,0.372324392348284,0.4852,0.476978603997593,0.493421396002407,4852,3629,1684
"Gastwirth","Logistic",15723394,10000,100,100,1.5,1,0,0.9736,0.969470113609807,0.977729886390193,0.9948,0.993390303467551,0.99620969653245,0.9976,0.996795085514107,0.998404914485893,9976,9948,9736
"Gastwirth","Logistic",11527812,10000,100,100,2,1,0,0.9994,0.998769200767229,1.00003079923277,1,1,1,1,1,1,10000,10000,9994
"Gastwirth","Logistic",28282350,10000,100,100,2.5,1,0,1,1,1,1,1,1,1,1,1,10000,10000,10000
"Gastwirth","Logistic",148919616,10000,100,100,0.5,3,0,0.0273,0.023102249324877,0.031497750675123,0.0946,0.0888638317062346,0.100336168293765,0.1674,0.161258678514595,0.173541321485405,1674,946,273
"Gastwirth","Logistic",969289,10000,100,100,1.5,3,0,0.1687,0.15905322186774,0.17834677813226,0.3691,0.359641802952444,0.378558197047556,0.4841,0.475879159776399,0.492320840223601,4841,3691,1687
"Gastwirth","Logistic",203268,10000,100,100,2,3,0,0.3185,0.306498555886628,0.330501444113372,0.5543,0.544557961810709,0.564042038189291,0.6696,0.661862625032118,0.677337374967881,6696,5543,3185
"Gastwirth","Logistic",26007065,10000,100,100,2.5,3,0,0.5063,0.493421022454983,0.519178977545017,0.7432,0.734637384719515,0.751762615280485,0.8358,0.829705982990514,0.841894017009486,8358,7432,5063
"Gastwirth","Logistic",2100267,10000,100,100,1,1,0,0.6966,0.68475744577471,0.70844255422529,0.8715,0.864940944119769,0.878059055880232,0.9223,0.917896352820357,0.926703647179643,9223,8715,6966
"Gastwirth","Logistic",319754,10000,100,100,1,3,0,0.0731,0.0663946571556061,0.0798053428443939,0.198,0.190189553702893,0.205810446297107,0.3014,0.293851653689774,0.308948346310226,3014,1980,731
"Gastwirth","Logistic",20826411,10000,100,100,5,1,0,1,1,1,1,1,1,1,1,1,10000,10000,10000
"Gastwirth","Logistic",36345593,10000,100,100,5,3,0,0.9906,0.98811424141895,0.99308575858105,0.9985,0.997741464806354,0.999258535193646,0.9997,0.999415120383714,0.999984879616286,9997,9985,9906
"Gastwirth","Logistic",31523,10000,100,100,0.5,5,0,0.0179,0.0144845319294152,0.0213154680705848,0.0747,0.0695470295337932,0.0798529704662068,0.1339,0.128298037334918,0.139501962665082,1339,747,179
"Gastwirth","Logistic",16421951,10000,100,100,1,5,0,0.0341,0.0294249190925778,0.0387750809074222,0.1088,0.102696792888194,0.114903207111806,0.1819,0.175554213621231,0.188245786378769,1819,1088,341
"Gastwirth","Logistic",50953180,10000,100,100,1.5,5,0,0.0592,0.0531206749289139,0.0652793250710861,0.1789,0.17138793620059,0.18641206379941,0.2733,0.265968998671138,0.280631001328862,2733,1789,592
"Gastwirth","Logistic",1359964,10000,100,100,2,5,0,0.109,0.100972173835066,0.117027826164934,0.2593,0.25071028999316,0.26788971000684,0.371,0.36305345806042,0.37894654193958,3710,2593,1090
"Gastwirth","Logistic",14068308,10000,100,100,2.5,5,0,0.1749,0.165114251340841,0.184685748659159,0.3654,0.355961773905315,0.374838226094685,0.4881,0.479877329814472,0.496322670185528,4881,3654,1749
"Gastwirth","Logistic",13087420,10000,100,100,5,5,0,0.6879,0.675964093784401,0.699835906215599,0.8689,0.862284810100504,0.875515189899497,0.9245,0.920153968839346,0.928846031160654,9245,8689,6879
"Gastwirth","Logistic",100332585,10000,100,100,3,1,0,1,1,1,1,1,1,1,1,1,10000,10000,10000
"Gastwirth","Logistic",76877,10000,100,100,3,3,0,0.6886,0.676671422075071,0.700528577924929,0.8688,0.862182668446451,0.875417331553549,0.9274,0.923131573982473,0.931668426017527,9274,8688,6886
"Gastwirth","Logistic",167666,10000,100,100,3,5,0,0.254,0.24278673384074,0.26521326615926,0.4733,0.463513982619186,0.483086017380814,0.5958,0.58772738377774,0.60387261622226,5958,4733,2540
"Gastwirth","Logistic",293026,10000,100,100,0.5,2,0,0.0437,0.0384339660452048,0.0489660339547952,0.1379,0.131142018057556,0.144657981942444,0.2269,0.220010289289457,0.233789710710543,2269,1379,437
"Gastwirth","Logistic",47730647,10000,100,100,1,2,0,0.1691,0.159444115950999,0.178755884049001,0.3674,0.357950904439133,0.376849095560867,0.4855,0.477278459339979,0.493721540660021,4855,3674,1691
"Gastwirth","Logistic",63836,10000,100,100,1.5,2,0,0.4063,0.393648186122889,0.418951813877111,0.6484,0.639041591302449,0.657758408697551,0.7547,0.747622141901269,0.761777858098731,7547,6484,4063
"Gastwirth","Logistic",2062055,10000,100,100,2,2,0,0.6858,0.673842299009394,0.697757700990606,0.8672,0.8605485743103,0.8738514256897,0.9231,0.918717181888331,0.927482818111669,9231,8672,6858
"Gastwirth","Logistic",16223308,10000,100,100,2.5,2,0,0.8827,0.87441101358162,0.890988986418381,0.9669,0.963393604919237,0.970406395080763,0.9843,0.982255065174688,0.986344934825312,9843,9669,8827
"Gastwirth","Logistic",1567624,10000,100,100,3,2,0,0.9682,0.963679963333359,0.972720036666641,0.9936,0.992037025653953,0.995162974346047,0.9973,0.996446387641974,0.998153612358026,9973,9936,9682
"Gastwirth","Logistic",26648668,10000,100,100,5,2,0,1,1,1,1,1,1,1,1,1,10000,10000,10000
"Gastwirth","Logistic",104317,10000,10,100,0,1,1,0.013,0.0100820616549351,0.0159179383450649,0.0591,0.0544780893441781,0.0637219106558219,0.1146,0.109360040021994,0.119839959978006,1146,591,130
"Gastwirth","Logistic",80929204,10000,10,100,0,3,1,0.0148,0.011689437600289,0.017910562399711,0.0604,0.0557307616408669,0.0650692383591331,0.116,0.110732300050307,0.121267699949693,1160,604,148
"Gastwirth","Logistic",61607,10000,10,100,0,5,1,0.0152,0.012048323215922,0.018351676784078,0.0615,0.056791194329769,0.066208805670231,0.1193,0.113967877451261,0.124632122548739,1193,615,152
"Gastwirth","Logistic",97714,10000,10,100,0,2,1,0.0129,0.00999315891531993,0.0158068410846801,0.0618,0.0570804779096184,0.0665195220903816,0.1153,0.110046139109115,0.120553860890885,1153,618,129
"Gastwirth","Logistic",122358091,10000,10,100,0.5,1,0,0.0375,0.0326060237025502,0.0423939762974498,0.1188,0.112458360709596,0.125141639290404,0.1933,0.186804122029797,0.199795877970203,1933,1188,375
"Gastwirth","Logistic",9083920,10000,10,100,1.5,1,0,0.3535,0.341185271758808,0.365814728241191,0.5748,0.565110283315101,0.584489716684898,0.6788,0.671118879338768,0.686481120661232,6788,5748,3535
"Gastwirth","Logistic",253895909,10000,10,100,2,1,0,0.6227,0.610213845796463,0.635186154203537,0.8062,0.798452628982061,0.813947371017939,0.8797,0.874348617280013,0.885051382719987,8797,8062,6227
"Gastwirth","Logistic",23444920,10000,10,100,2.5,1,0,0.8461,0.836804430203979,0.855395569796021,0.9457,0.941258469173629,0.950141530826371,0.9712,0.968448835980462,0.973951164019538,9712,9457,8461
"Gastwirth","Logistic",6688889,10000,10,100,0.5,3,0,0.0144,0.011331137346041,0.017468862653959,0.0642,0.0593958660741399,0.0690041339258601,0.1262,0.120737372333766,0.131662627666234,1262,642,144
"Gastwirth","Logistic",25700237,10000,10,100,1.5,3,0,0.0367,0.0318564959082978,0.0415435040917022,0.1234,0.116953642536254,0.129846357463746,0.199,0.19243236968934,0.20556763031066,1990,1234,367
"Gastwirth","Logistic",68829627,10000,10,100,2,3,0,0.0602,0.054072803271112,0.066327196728888,0.1659,0.158608979405433,0.173191020594567,0.2573,0.250108946706652,0.264491053293348,2573,1659,602
"Gastwirth","Logistic",21477201,10000,10,100,2.5,3,0,0.0915,0.0840729068379076,0.0989270931620924,0.2325,0.22422044983106,0.24077955016894,0.3336,0.325843846107664,0.341356153892336,3336,2325,915
"Gastwirth","Logistic",1913376,10000,10,100,1,1,0,0.1352,0.12639170107078,0.14400829892922,0.2944,0.285466857532626,0.303333142467374,0.4073,0.399217595701601,0.415382404298399,4073,2944,1352
"Gastwirth","Logistic",33142514,10000,10,100,1,3,0,0.0268,0.0226397990788213,0.0309602009211787,0.0898,0.0841964576923521,0.0954035423076479,0.153,0.14707820562857,0.15892179437143,1530,898,268
"Gastwirth","Logistic",6649227,10000,10,100,5,1,0,1,1,1,1,1,1,1,1,1,10000,10000,10000
"Gastwirth","Logistic",48836,10000,10,100,5,3,0,0.4354,0.42262795300264,0.44817204699736,0.6544,0.645078955452182,0.663721044547818,0.7548,0.747723115935074,0.761876884064926,7548,6544,4354
"Gastwirth","Logistic",3765044,10000,10,100,0.5,5,0,0.015,0.0118688086867775,0.0181311913132225,0.0666,0.0617131716553167,0.0714868283446833,0.1262,0.120737372333766,0.131662627666234,1262,666,150
"Gastwirth","Logistic",561364,10000,10,100,1,5,0,0.0189,0.015392211510723,0.022407788489277,0.0685,0.0635490015915979,0.0734509984084021,0.127,0.121522594612638,0.132477405387362,1270,685,189
"Gastwirth","Logistic",9824076,10000,10,100,1.5,5,0,0.0226,0.0187714330533444,0.0264285669466556,0.0841,0.078660260547563,0.089539739452437,0.1533,0.14737345263549,0.15922654736451,1533,841,226
"Gastwirth","Logistic",68524,10000,10,100,2,5,0,0.0291,0.0247700826783247,0.0334299173216753,0.1021,0.0961655164795578,0.108034483520442,0.173,0.166777832348972,0.179222167651028,1730,1021,291
"Gastwirth","Logistic",107022237,10000,10,100,2.5,5,0,0.0377,0.0327935002993075,0.0426064997006925,0.1191,0.112751439581259,0.125448560418741,0.1929,0.186409237927795,0.199390762072205,1929,1191,377
"Gastwirth","Logistic",8219329,10000,10,100,5,5,0,0.1387,0.129796488728583,0.147603511271417,0.306,0.296967738143743,0.315032261856257,0.4177,0.40958718570453,0.42581281429547,4177,3060,1387
"Gastwirth","Logistic",35851,10000,10,100,3,1,0,0.9621,0.957181014175708,0.967018985824292,0.9912,0.989369464928061,0.993030535071939,0.9959,0.994848847574338,0.996951152425662,9959,9912,9621
"Gastwirth","Logistic",517365,10000,10,100,3,3,0,0.1437,0.134663771285041,0.152736228714959,0.3035,0.29448852298233,0.31251147701767,0.4128,0.404701049025559,0.420898950974441,4128,3035,1437
"Gastwirth","Logistic",2795147,10000,10,100,3,5,0,0.0484,0.0428716471261917,0.0539283528738083,0.1456,0.138686986918687,0.152513013081313,0.2291,0.222186826289831,0.236013173710169,2291,1456,484
"Gastwirth","Logistic",39730,10000,10,100,0.5,2,0,0.023,0.0191384909362271,0.0268615090637729,0.0818,0.0764284284197639,0.0871715715802361,0.1445,0.138716245734873,0.150283754265127,1445,818,230
"Gastwirth","Logistic",13402349,10000,10,100,1,2,0,0.0401,0.035046048838441,0.045153951161559,0.1236,0.117149156718196,0.130050843281804,0.2037,0.197074788078727,0.210325211921273,2037,1236,401
"Gastwirth","Logistic",364331121,10000,10,100,1.5,2,0,0.0757,0.068886029093181,0.082513970906819,0.1961,0.188317916569041,0.203882083430959,0.2922,0.28471897187922,0.29968102812078,2922,1961,757
"Gastwirth","Logistic",125645021,10000,10,100,2,2,0,0.1319,0.123183279220345,0.140616720779655,0.296,0.287052777110187,0.304947222889813,0.4036,0.395529316832411,0.411670683167589,4036,2960,1319
"Gastwirth","Logistic",3793335,10000,10,100,2.5,2,0,0.2308,0.219946160412392,0.241653839587608,0.439,0.429273205017068,0.448726794982932,0.553,0.544821338582781,0.561178661417219,5530,4390,2308
"Gastwirth","Logistic",204520,10000,10,100,3,2,0,0.3388,0.326607746554067,0.350992253445933,0.5584,0.548667076530127,0.568132923469873,0.6707,0.662969173604344,0.678430826395656,6707,5584,3388
"Gastwirth","Logistic",351812159,10000,10,100,5,2,0,0.8472,0.837931690895982,0.856468309104018,0.9449,0.94042776315493,0.94937223684507,0.9713,0.96855347507261,0.97404652492739,9713,9449,8472
