"method","distribution","seed","N","n1","n2","delta","sd","null","power0.01","l_CI","u_CI","power0.05","l_CI","u_CI","power0.10","l_CI","u_CI","ct_0.10","ct_0.05","ct_0.01"
"SmoothFixed_6_asymp","Logistic",33964,10000,10,10,0,1,1,0.0059,0.00392718254677631,0.00787281745322369,0.0382,0.0344430956411428,0.0419569043588572,0.0867,0.0820710533029884,0.0913289466970116,867,382,59
"SmoothFixed_6_asymp","Logistic",1436836,10000,10,10,0,3,1,0.0062,0.0041779532159082,0.0082220467840918,0.0397,0.0358730323667948,0.0435269676332052,0.0901,0.0853899541988453,0.0948100458011547,901,397,62
"SmoothFixed_6_asymp","Logistic",104926328,10000,10,10,0,5,1,0.006,0.00401063406925724,0.00798936593074276,0.0371,0.033395465706138,0.040804534293862,0.0835,0.0789493296681286,0.0880506703318715,835,371,60
"SmoothFixed_6_asymp","Logistic",6137495,10000,10,10,0,2,1,0.0038,0.00221506693533891,0.00538493306466109,0.0386,0.034824262593029,0.042375737406971,0.0887,0.0840230966263162,0.0933769033736838,887,386,38
"SmoothFixed_6_asymp","Logistic",2377565,10000,10,10,0.5,1,0,0.0067,0.00459852862937988,0.00880147137062012,0.0366,0.0329195583647611,0.0402804416352389,0.0819,0.0773892075291613,0.0864107924708387,819,366,67
"SmoothFixed_6_asymp","Logistic",234884,10000,10,10,1.5,1,0,0.0025,0.00121361100750978,0.00378638899249022,0.0219,0.0190314015578335,0.0247685984421665,0.0568,0.0529924819907977,0.0606075180092023,568,219,25
"SmoothFixed_6_asymp","Logistic",10491704,10000,10,10,2,1,0,0.001,0.00018580467797954,0.00181419532202046,0.0153,0.0128942319343711,0.0177057680656289,0.0377,0.0345667732889599,0.0408332267110401,377,153,10
"SmoothFixed_6_asymp","Logistic",628073,10000,10,10,2.5,1,0,4e-04,-0.000115096949693939,0.000915096949693939,0.0083,0.00652178088594234,0.0100782191140577,0.0253,0.0227167785043138,0.0278832214956862,253,83,4
"SmoothFixed_6_asymp","Logistic",2758106,10000,10,10,0.5,3,0,0.007,0.00485232034567536,0.00914767965432464,0.04,0.036159200083316,0.043840799916684,0.0867,0.0820710533029884,0.0913289466970116,867,400,70
"SmoothFixed_6_asymp","Logistic",17708765,10000,10,10,1.5,3,0,0.0085,0.00613516044552701,0.010864839554473,0.0403,0.0364454264067734,0.0441545735932266,0.0893,0.0846088502134578,0.0939911497865422,893,403,85
"SmoothFixed_6_asymp","Logistic",231710,10000,10,10,2,3,0,0.0043,0.0026144395204633,0.0059855604795367,0.0328,0.0293089896440142,0.0362910103559858,0.0772,0.0728093547858658,0.0815906452141343,772,328,43
"SmoothFixed_6_asymp","Logistic",220393500,10000,10,10,2.5,3,0,0.0053,0.00342961998908885,0.00717038001091115,0.034,0.0304479089200867,0.0375520910799134,0.0745,0.0701805122150451,0.0788194877849549,745,340,53
"SmoothFixed_6_asymp","Logistic",166455,10000,10,10,1,1,0,0.004,0.00237405622532635,0.00562594377467365,0.0285,0.0252386312627978,0.0317613687372022,0.0683,0.0641503229217474,0.0724496770782526,683,285,40
"SmoothFixed_6_asymp","Logistic",1338207,10000,10,10,1,3,0,0.0053,0.00342961998908885,0.00717038001091115,0.0368,0.0331098993019702,0.0404901006980298,0.0866,0.0819734703270053,0.0912265296729946,866,368,53
"SmoothFixed_6_asymp","Logistic",104095623,10000,10,10,5,1,0,0,0,0,0,0,0,0.0011,0.000554715376179559,0.00164528462382044,11,0,0
"SmoothFixed_6_asymp","Logistic",51863,10000,10,10,5,3,0,0.0018,0.000708079815840004,0.00289192018416,0.019,0.0163241154284985,0.0216758845715015,0.0473,0.0438079974251477,0.0507920025748523,473,190,18
"SmoothFixed_6_asymp","Logistic",8862085,10000,10,10,0.5,5,0,0.0056,0.00367770325743812,0.00752229674256188,0.0377,0.0339667937059948,0.0414332062940052,0.0851,0.080509949157256,0.089690050842744,851,377,56
"SmoothFixed_6_asymp","Logistic",1537731,10000,10,10,1,5,0,0.0049,0.00310122326515379,0.00669877673484621,0.0355,0.0318732187328156,0.0391267812671844,0.0815,0.0769992562509764,0.0860007437490236,815,355,49
"SmoothFixed_6_asymp","Logistic",45765980,10000,10,10,1.5,5,0,0.0044,0.00269503824744835,0.00610496175255165,0.035,0.0313979167139001,0.0386020832860999,0.08,0.0755372268711036,0.0844627731288964,800,350,44
"SmoothFixed_6_asymp","Logistic",39626223,10000,10,10,2,5,0,0.0052,0.00334725598592358,0.00705274401407642,0.0357,0.0320633939006816,0.0393366060993184,0.0833,0.078754286935059,0.087845713064941,833,357,52
"SmoothFixed_6_asymp","Logistic",129990,10000,10,10,2.5,5,0,0.0054,0.00351215225264748,0.00728784774735252,0.0377,0.0339667937059948,0.0414332062940052,0.0808,0.0763169189507215,0.0852830810492785,808,377,54
"SmoothFixed_6_asymp","Logistic",31713074,10000,10,10,5,5,0,0.0041,0.00245394003130384,0.00574605996869616,0.0279,0.0246721477706686,0.0311278522293314,0.0655,0.061430170596404,0.0695698294035961,655,279,41
"SmoothFixed_6_asymp","Logistic",80167650,10000,10,10,3,1,0,2e-04,-0.000164264981704253,0.000564264981704253,0.0037,0.0025099861977271,0.0048900138022729,0.014,0.0120672825064175,0.0159327174935825,140,37,2
"SmoothFixed_6_asymp","Logistic",36686681,10000,10,10,3,3,0,0.0032,0.00174512774259181,0.00465487225740819,0.0306,0.0272242654218082,0.0339757345781918,0.0701,0.0659000604934148,0.0742999395065852,701,306,32
"SmoothFixed_6_asymp","Logistic",1383765,10000,10,10,3,5,0,0.0048,0.00301958329256997,0.00658041670743003,0.032,0.0285504,0.0354496,0.0766,0.0722250285606532,0.0809749714393468,766,320,48
"SmoothFixed_6_asymp","Logistic",91876,10000,10,10,0.5,2,0,0.0054,0.00351215225264748,0.00728784774735252,0.0413,0.0373999294712018,0.0452000705287982,0.0903,0.0855852477678276,0.0950147522321724,903,413,54
"SmoothFixed_6_asymp","Logistic",11924590,10000,10,10,1,2,0,0.0048,0.00301958329256997,0.00658041670743003,0.0368,0.0331098993019702,0.0404901006980298,0.0804,0.0759270565458973,0.0848729434541027,804,368,48
"SmoothFixed_6_asymp","Logistic",631170,10000,10,10,1.5,2,0,0.0045,0.00277585912594127,0.00622414087405873,0.0356,0.0319683024654578,0.0392316975345422,0.0765,0.0721276484851541,0.0808723515148459,765,356,45
"SmoothFixed_6_asymp","Logistic",1781118,10000,10,10,2,2,0,0.0033,0.00182264434886653,0.00477735565113347,0.0312,0.0277923856894302,0.0346076143105698,0.0716,0.0673587880213788,0.0758412119786212,716,312,33
"SmoothFixed_6_asymp","Logistic",1376934,10000,10,10,2.5,2,0,0.0029,0.00151479447287271,0.00428520552712729,0.0244,0.0213759645335413,0.0274240354664587,0.0635,0.0594885013000906,0.0675114986999094,635,244,29
"SmoothFixed_6_asymp","Logistic",116477,10000,10,10,3,2,0,0.0026,0.00128820124431222,0.00391179875568778,0.0212,0.0183766092849908,0.0240233907150092,0.0569,0.0530893337997176,0.0607106662002824,569,212,26
"SmoothFixed_6_asymp","Logistic",1182101,10000,10,10,5,2,0,4e-04,-0.000115096949693939,0.000915096949693939,0.0084,0.00661119099107814,0.0101888090089219,0.0234,0.0209132496315271,0.0258867503684729,234,84,4
"SmoothFixed_6_asymp","Logistic",153454,10000,20,20,0,1,1,0.0076,0.00536284521817913,0.00983715478182087,0.0448,0.0407454539694807,0.0488545460305193,0.0936,0.0888085851440728,0.0983914148559272,936,448,76
"SmoothFixed_6_asymp","Logistic",387672,10000,20,20,0,3,1,0.0081,0.00579100861117587,0.0104089913888241,0.048,0.0438101819418977,0.0521898180581023,0.0994,0.09447818749005,0.10432181250995,994,480,81
"SmoothFixed_6_asymp","Logistic",94019,10000,20,20,0,5,1,0.0077,0.00544828864991625,0.00995171135008375,0.0455,0.0414153980903887,0.0495846019096113,0.0948,0.0899811618092739,0.0996188381907261,948,455,77
"SmoothFixed_6_asymp","Logistic",59074519,10000,20,20,0,2,1,0.0074,0.00519225528409102,0.00960774471590898,0.0462,0.0420856075139093,0.0503143924860907,0.0972,0.0923270179687998,0.1020729820312,972,462,74
"SmoothFixed_6_asymp","Logistic",917347,10000,20,20,0.5,1,0,0.0074,0.00519225528409102,0.00960774471590898,0.0473,0.0431393160810271,0.0514606839189729,0.0972,0.0923270179687998,0.1020729820312,972,473,74
"SmoothFixed_6_asymp","Logistic",33783847,10000,20,20,1.5,1,0,0.0032,0.00174512774259181,0.00465487225740819,0.026,0.0228809508115453,0.0291190491884547,0.0616,0.0576449656666977,0.0655550343333023,616,260,32
"SmoothFixed_6_asymp","Logistic",54568,10000,20,20,2,1,0,0.0018,0.000708079815840004,0.00289192018416,0.017,0.0144662877511446,0.0195337122488554,0.0433,0.0399519052688469,0.0466480947311531,433,170,18
"SmoothFixed_6_asymp","Logistic",12149854,10000,20,20,2.5,1,0,8e-04,7.16886721078684e-05,0.00152831132789213,0.0108,0.0087741373250884,0.0128258626749116,0.0302,0.0273847921576019,0.0330152078423981,302,108,8
"SmoothFixed_6_asymp","Logistic",233903,10000,20,20,0.5,3,0,0.0099,0.00734963120325236,0.0124503687967476,0.0485,0.0442895226351398,0.0527104773648602,0.103,0.0979998764437766,0.108000123556223,1030,485,99
"SmoothFixed_6_asymp","Logistic",100148,10000,20,20,1.5,3,0,0.0072,0.00502207464379148,0.00937792535620852,0.0452,0.041128246354014,0.049271753645986,0.0934,0.0886131788883331,0.0981868211116669,934,452,72
"SmoothFixed_6_asymp","Logistic",476646,10000,20,20,2,3,0,0.0074,0.00519225528409102,0.00960774471590898,0.0404,0.0365408480964854,0.0442591519035146,0.0875,0.0828517833140682,0.0921482166859318,875,404,74
"SmoothFixed_6_asymp","Logistic",783271,10000,20,20,2.5,3,0,0.0079,0.00561946296632043,0.0101805370336796,0.0401,0.0362546023770746,0.0439453976229254,0.0831,0.0785592519977459,0.0876407480022541,831,401,79
"SmoothFixed_6_asymp","Logistic",152815776,10000,20,20,1,1,0,0.0044,0.00269503824744835,0.00610496175255165,0.0357,0.0320633939006816,0.0393366060993184,0.0795,0.0750499861461592,0.0839500138538408,795,357,44
"SmoothFixed_6_asymp","Logistic",4432548,10000,20,20,1,3,0,0.0072,0.00502207464379148,0.00937792535620852,0.0439,0.0398844966683615,0.0479155033316385,0.0917,0.0869524972255116,0.0964475027744884,917,439,72
"SmoothFixed_6_asymp","Logistic",263367523,10000,20,20,5,1,0,0,0,0,7e-04,0.000181614273344645,0.00121838572665535,0.0099,0.00827136775207692,0.0115286322479231,99,7,0
"SmoothFixed_6_asymp","Logistic",114543,10000,20,20,5,3,0,0.0031,0.0016679687226656,0.0045320312773344,0.0229,0.0199681393869421,0.0258318606130579,0.0574,0.0535736423053901,0.0612263576946099,574,229,31
"SmoothFixed_6_asymp","Logistic",26183,10000,20,20,0.5,5,0,0.0085,0.00613516044552701,0.010864839554473,0.0491,0.0448648944251176,0.0533351055748824,0.104,0.0989784640437412,0.109021535956259,1040,491,85
"SmoothFixed_6_asymp","Logistic",543562,10000,20,20,1,5,0,0.0077,0.00544828864991625,0.00995171135008375,0.0484,0.0441936445525372,0.0526063554474628,0.1025,0.0975106374420799,0.10748936255792,1025,484,77
"SmoothFixed_6_asymp","Logistic",167150534,10000,20,20,1.5,5,0,0.0081,0.00579100861117587,0.0104089913888241,0.0481,0.0439060401072018,0.0522939598927982,0.0973,0.0924247819630528,0.102175218036947,973,481,81
"SmoothFixed_6_asymp","Logistic",59608195,10000,20,20,2,5,0,0.0071,0.00493714308998861,0.00926285691001139,0.0468,0.0426602795503078,0.0509397204496922,0.0948,0.0899811618092739,0.0996188381907261,948,468,71
"SmoothFixed_6_asymp","Logistic",29689658,10000,20,20,2.5,5,0,0.0073,0.00510711276402639,0.00949288723597361,0.0471,0.0429476859927987,0.0512523140072013,0.0957,0.0908607491323785,0.100539250867621,957,471,73
"SmoothFixed_6_asymp","Logistic",64939,10000,20,20,5,5,0,0.0066,0.00451416522232848,0.00868583477767152,0.0358,0.0321584930073389,0.0394415069926611,0.0802,0.0757321376032939,0.0846678623967061,802,358,66
"SmoothFixed_6_asymp","Logistic",4831197,10000,20,20,3,1,0,1e-04,-0.000157587119677984,0.000357587119677984,0.004,0.00276286886709614,0.00523713113290386,0.0164,0.0143107178860671,0.0184892821139329,164,40,1
"SmoothFixed_6_asymp","Logistic",245015091,10000,20,20,3,3,0,0.0058,0.00384387440854734,0.00775612559145266,0.0352,0.0315880140651437,0.0388119859348563,0.0799,0.0754397745926943,0.0843602254073057,799,352,58
"SmoothFixed_6_asymp","Logistic",120881321,10000,20,20,3,5,0,0.0057,0.0037607133569851,0.0076392866430149,0.0407,0.0368271515906764,0.0445728484093236,0.0867,0.0820710533029884,0.0913289466970116,867,407,57
"SmoothFixed_6_asymp","Logistic",38511558,10000,20,20,0.5,2,0,0.0092,0.00674057959837363,0.0116594204016264,0.047,0.0428518786710126,0.0511481213289874,0.0983,0.0934025084421946,0.103197491557805,983,470,92
"SmoothFixed_6_asymp","Logistic",1281935,10000,20,20,1,2,0,0.0063,0.00426181416817406,0.00833818583182594,0.0437,0.039693235034395,0.047706764965605,0.0923,0.0875385643364868,0.0970614356635131,923,437,63
"SmoothFixed_6_asymp","Logistic",994909,10000,20,20,1.5,2,0,0.0067,0.00459852862937988,0.00880147137062012,0.0421,0.0381639808213882,0.0460360191786118,0.0871,0.0824614036349371,0.0917385963650629,871,421,67
"SmoothFixed_6_asymp","Logistic",7597837,10000,20,20,2,2,0,0.0055,0.00359484814841441,0.00740515185158559,0.0377,0.0339667937059948,0.0414332062940052,0.0782,0.0737834044482317,0.0826165955517684,782,377,55
"SmoothFixed_6_asymp","Logistic",15095950,10000,20,20,2.5,2,0,0.0039,0.00229442856754861,0.00550557143245139,0.0305,0.0271296120163993,0.0338703879836007,0.0711,0.0668724847385284,0.0753275152614716,711,305,39
"SmoothFixed_6_asymp","Logistic",173978914,10000,20,20,3,2,0,0.0027,0.00136327937126114,0.00403672062873885,0.0271,0.0239174530554287,0.0302825469445713,0.0633,0.059294395950824,0.067305604049176,633,271,27
"SmoothFixed_6_asymp","Logistic",17000,10000,20,20,5,2,0,5e-04,-7.58670902213462e-05,0.00107586709022135,0.0102,0.00823061837278805,0.012169381627212,0.0295,0.0267166060421897,0.0322833939578103,295,102,5
"SmoothFixed_6_asymp","Logistic",199684183,10000,100,100,0,1,1,0.009,0.00656721381654696,0.011432786183453,0.0488,0.0445771864817873,0.0530228135182127,0.1023,0.0973149521453877,0.107285047854612,1023,488,90
"SmoothFixed_6_asymp","Logistic",57747,10000,100,100,0,3,1,0.0097,0.00717526898390819,0.0122247310160918,0.0495,0.0452485729501731,0.0537514270498269,0.0989,0.0939892192707295,0.103810780729271,989,495,97
"SmoothFixed_6_asymp","Logistic",404164,10000,100,100,0,5,1,0.0102,0.00761166986137858,0.0127883301386214,0.0519,0.0475522273768745,0.0562477726231255,0.1055,0.100446615958155,0.110553384041845,1055,519,102
"SmoothFixed_6_asymp","Logistic",753800,10000,100,100,0,2,1,0.0107,0.00804965901805522,0.0133503409819448,0.0538,0.0493777969370912,0.0582222030629088,0.1023,0.0973149521453877,0.107285047854612,1023,538,107
"SmoothFixed_6_asymp","Logistic",36645,10000,100,100,0.5,1,0,0.0077,0.00544828864991625,0.00995171135008375,0.0432,0.0392151816551316,0.0471848183448684,0.0925,0.0877339336335532,0.0972660663664468,925,432,77
"SmoothFixed_6_asymp","Logistic",222721,10000,100,100,1.5,1,0,0.0029,0.00151479447287271,0.00428520552712729,0.0284,0.0251441904370188,0.0316558095629812,0.0655,0.061430170596404,0.0695698294035961,655,284,29
"SmoothFixed_6_asymp","Logistic",536278,10000,100,100,2,1,0,9e-04,0.00012754783828123,0.00167245216171877,0.0168,0.0142809798171511,0.0193190201828489,0.0467,0.0432291236749525,0.0501708763250475,467,168,9
"SmoothFixed_6_asymp","Logistic",65139,10000,100,100,2.5,1,0,0.0014,0.000436823989135942,0.00236317601086406,0.013,0.0107798295200593,0.0152201704799407,0.0365,0.0334151205745808,0.0395848794254192,365,130,14
"SmoothFixed_6_asymp","Logistic",25145253,10000,100,100,0.5,3,0,0.0105,0.00787428002833509,0.0131257199716649,0.0501,0.0458242345061498,0.0543757654938502,0.0972,0.0923270179687998,0.1020729820312,972,501,105
"SmoothFixed_6_asymp","Logistic",2859670,10000,100,100,1.5,3,0,0.007,0.00485232034567536,0.00914767965432464,0.0442,0.0401714318104816,0.0482285681895185,0.0943,0.0894925593373631,0.0991074406626369,943,442,70
"SmoothFixed_6_asymp","Logistic",66926103,10000,100,100,2,3,0,0.0093,0.00682737409756834,0.0117726259024317,0.0455,0.0414153980903887,0.0495846019096113,0.0948,0.0899811618092739,0.0996188381907261,948,455,93
"SmoothFixed_6_asymp","Logistic",106769377,10000,100,100,2.5,3,0,0.0058,0.00384387440854734,0.00775612559145266,0.039,0.0352055392161731,0.0427944607838269,0.0862,0.0815831569379174,0.0908168430620826,862,390,58
"SmoothFixed_6_asymp","Logistic",2831770,10000,100,100,1,1,0,0.0049,0.00310122326515379,0.00669877673484621,0.0381,0.034347821232617,0.041852178767383,0.0809,0.0764143896399737,0.0853856103600263,809,381,49
"SmoothFixed_6_asymp","Logistic",1165493,10000,100,100,1,3,0,0.0088,0.00639415390545114,0.0112058460945489,0.0478,0.0436184806749699,0.0519815193250301,0.098,0.0931091740380586,0.102890825961941,980,478,88
"SmoothFixed_6_asymp","Logistic",26139,10000,100,100,5,1,0,0.0341,0.0294249190925778,0.0387750809074222,0.4593,0.449532521164517,0.469067478835483,0.7444,0.737224543940933,0.751575456059067,7444,4593,341
"SmoothFixed_6_asymp","Logistic",3570410,10000,100,100,5,3,0,0.0024,0.00113953816677219,0.0036604618332278,0.0197,0.0169762409530944,0.0224237590469056,0.0524,0.0487344084407016,0.0560655915592984,524,197,24
"SmoothFixed_6_asymp","Logistic",274934,10000,100,100,0.5,5,0,0.0109,0.00822527455888572,0.0135747254411143,0.051,0.0466880445456846,0.0553119554543154,0.1022,0.0972171117126811,0.107182888287319,1022,510,109
"SmoothFixed_6_asymp","Logistic",84353,10000,100,100,1,5,0,0.0106,0.00796193954184822,0.0132380604581518,0.0464,0.0422771438435958,0.0505228561564042,0.0949,0.090078887220882,0.099721112779118,949,464,106
"SmoothFixed_6_asymp","Logistic",59497,10000,100,100,1.5,5,0,0.0102,0.00761166986137858,0.0127883301386214,0.0468,0.0426602795503078,0.0509397204496922,0.0976,0.092718083416362,0.102481916583638,976,468,102
"SmoothFixed_6_asymp","Logistic",22632,10000,100,100,2,5,0,0.0087,0.00630774187608109,0.0110922581239189,0.0461,0.0419898472867301,0.0502101527132699,0.0983,0.0934025084421946,0.103197491557805,983,461,87
"SmoothFixed_6_asymp","Logistic",194812,10000,100,100,2.5,5,0,0.0089,0.00648064499126234,0.0113193550087377,0.0483,0.0440977714272543,0.0525022285727457,0.0963,0.0914472134755612,0.101152786524439,963,483,89
"SmoothFixed_6_asymp","Logistic",60389,10000,100,100,5,5,0,0.0058,0.00384387440854734,0.00775612559145266,0.0391,0.035300875317866,0.042899124682134,0.0834,0.0788518073287184,0.0879481926712816,834,391,58
"SmoothFixed_6_asymp","Logistic",111773670,10000,100,100,3,1,0,0.0018,0.000708079815840004,0.00289192018416,0.0191,0.0164172196156972,0.0217827803843028,0.0538,0.0500885081436301,0.0575114918563699,538,191,18
"SmoothFixed_6_asymp","Logistic",178825922,10000,100,100,3,3,0,0.0069,0.00476760873419909,0.00903239126580091,0.0355,0.0318732187328156,0.0391267812671844,0.0784,0.07397824,0.08282176,784,355,69
"SmoothFixed_6_asymp","Logistic",198250268,10000,100,100,3,5,0,0.0075,0.00527750011023622,0.00972249988976378,0.0462,0.0420856075139093,0.0503143924860907,0.0956,0.0907630107157861,0.100436989284214,956,462,75
"SmoothFixed_6_asymp","Logistic",37322,10000,100,100,0.5,2,0,0.0091,0.00665385910075809,0.0115461408992419,0.0502,0.0459201946967648,0.0544798053032352,0.1041,0.0990763307859718,0.109123669214028,1041,502,91
"SmoothFixed_6_asymp","Logistic",35399440,10000,100,100,1,2,0,0.0098,0.00726241640782102,0.012337583592179,0.0506,0.0463040823911066,0.0548959176088934,0.0966,0.0917404673028058,0.101459532697194,966,506,98
"SmoothFixed_6_asymp","Logistic",157177,10000,100,100,1.5,2,0,0.0064,0.00434580514519581,0.00845419485480419,0.0422,0.0382595146865392,0.0461404853134608,0.0885,0.0838278597174983,0.0931721402825017,885,422,64
"SmoothFixed_6_asymp","Logistic",48090640,10000,100,100,2,2,0,0.0063,0.00426181416817406,0.00833818583182594,0.0386,0.034824262593029,0.042375737406971,0.0843,0.0797295780512326,0.0888704219487674,843,386,63
"SmoothFixed_6_asymp","Logistic",42972881,10000,100,100,2.5,2,0,0.005,0.00318305240581903,0.00681694759418097,0.0325,0.0290244524172442,0.0359755475827558,0.076,0.0716407810378463,0.0803592189621537,760,325,50
"SmoothFixed_6_asymp","Logistic",631534,10000,100,100,3,2,0,0.0038,0.00221506693533891,0.00538493306466109,0.0273,0.0241060592689281,0.0304939407310719,0.062,0.0580329911784822,0.0659670088215178,620,273,38
"SmoothFixed_6_asymp","Logistic",100850606,10000,100,100,5,2,0,7e-04,1.86930449672482e-05,0.00138130695503275,0.0119,0.00977465223965583,0.0140253477603442,0.0382,0.0350468838416734,0.0413531161583265,382,119,7
"SmoothFixed_6_asymp","Logistic",2477235,10000,10,100,0,1,1,0.2576,0.246334829489181,0.268865170510819,0.3899,0.380340543496704,0.399459456503296,0.4667,0.458493261513014,0.474906738486986,4667,3899,2576
"SmoothFixed_6_asymp","Logistic",3269503,10000,10,100,0,3,1,0.2538,0.242589646955628,0.265010353044372,0.3843,0.374765984791202,0.393834015208798,0.4659,0.457694150518869,0.474105849481131,4659,3843,2538
"SmoothFixed_6_asymp","Logistic",50525,10000,10,100,0,5,1,0.2643,0.252940876580626,0.275659123419374,0.4011,0.391493624493785,0.410706375506215,0.4823,0.47408015523609,0.49051984476391,4823,4011,2643
"SmoothFixed_6_asymp","Logistic",4285604,10000,10,100,0,2,1,0.2535,0.242294022489118,0.264705977510882,0.3841,0.374566918037151,0.393633081962849,0.4602,0.452001098865342,0.468398901134658,4602,3841,2535
"SmoothFixed_6_asymp","Logistic",37500018,10000,10,100,0.5,1,0,0.2553,0.244067874611401,0.266532125388599,0.388,0.378449026386802,0.397550973613198,0.4701,0.461889719635787,0.478310280364213,4701,3880,2553
"SmoothFixed_6_asymp","Logistic",1412722,10000,10,100,1.5,1,0,0.2761,0.264583557320809,0.287616442679192,0.4053,0.39567737985029,0.41492262014971,0.4896,0.481376779424483,0.497823220575517,4896,4053,2761
"SmoothFixed_6_asymp","Logistic",15713371,10000,10,100,2,1,0,0.2741,0.262609504032717,0.285590495967283,0.4113,0.401655439449638,0.420944560550362,0.4907,0.482476422883576,0.498923577116424,4907,4113,2741
"SmoothFixed_6_asymp","Logistic",27052453,10000,10,100,2.5,1,0,0.2867,0.275050807627722,0.298349192372278,0.4197,0.410027208172115,0.429372791827885,0.5003,0.4920750014805,0.5085249985195,5003,4197,2867
"SmoothFixed_6_asymp","Logistic",938127,10000,10,100,0.5,3,0,0.2579,0.24663054936379,0.26916945063621,0.3901,0.380539659437112,0.399660340562888,0.473,0.464787000804974,0.481212999195026,4730,3901,2579
"SmoothFixed_6_asymp","Logistic",129198824,10000,10,100,1.5,3,0,0.2533,0.242096943422443,0.264503056577557,0.385,0.37546273183768,0.39453726816232,0.4708,0.462589037907504,0.479010962092496,4708,3850,2533
"SmoothFixed_6_asymp","Logistic",39108743,10000,10,100,2,3,0,0.2638,0.252447770539588,0.275152229460412,0.3927,0.383128320183291,0.402271679816709,0.4722,0.4639877230585,0.4804122769415,4722,3927,2638
"SmoothFixed_6_asymp","Logistic",90344952,10000,10,100,2.5,3,0,0.2685,0.257083705357411,0.279916294642589,0.405,0.395378515914891,0.414621484085109,0.4806,0.472381193453846,0.488818806546154,4806,4050,2685
"SmoothFixed_6_asymp","Logistic",425810,10000,10,100,1,1,0,0.2676,0.256195845797139,0.279004154202861,0.3996,0.389999603876173,0.409200396123827,0.4782,0.469982821416818,0.486417178583182,4782,3996,2676
"SmoothFixed_6_asymp","Logistic",17540309,10000,10,100,1,3,0,0.2545,0.243279464711806,0.265720535288194,0.385,0.37546273183768,0.39453726816232,0.4678,0.459592073739129,0.476007926260871,4678,3850,2545
"SmoothFixed_6_asymp","Logistic",29222,10000,10,100,5,1,0,0.3416,0.329383418382684,0.353816581617316,0.5639,0.554180360395241,0.573619639604759,0.6461,0.638233961746154,0.653966038253846,6461,5639,3416
"SmoothFixed_6_asymp","Logistic",1676501,10000,10,100,5,3,0,0.2695,0.258070286258283,0.280929713741717,0.4037,0.394083481958131,0.413316518041869,0.4824,0.474180097131377,0.490619902868623,4824,4037,2695
"SmoothFixed_6_asymp","Logistic",17164,10000,10,100,0.5,5,0,0.2595,0.248207838748867,0.270792161251133,0.3875,0.377951284117747,0.397048715882253,0.4694,0.461190417571941,0.477609582428059,4694,3875,2595
"SmoothFixed_6_asymp","Logistic",54588432,10000,10,100,1,5,0,0.2541,0.242885278454614,0.265314721545386,0.3867,0.377154918526403,0.396245081473597,0.4656,0.457394489362288,0.473805510637712,4656,3867,2541
"SmoothFixed_6_asymp","Logistic",694353,10000,10,100,1.5,5,0,0.2605,0.249193744078184,0.271806255921816,0.3877,0.378150379754482,0.397249620245518,0.467,0.458792933601006,0.475207066398994,4670,3877,2605
"SmoothFixed_6_asymp","Logistic",89630,10000,10,100,2,5,0,0.263,0.251658840015871,0.274341159984129,0.395,0.385418526418134,0.404581473581866,0.4787,0.470482466589555,0.486917533410445,4787,3950,2630
"SmoothFixed_6_asymp","Logistic",82578554,10000,10,100,2.5,5,0,0.2616,0.250278327902728,0.272921672097272,0.3921,0.382530911653956,0.401669088346044,0.473,0.464787000804974,0.481212999195026,4730,3921,2616
"SmoothFixed_6_asymp","Logistic",76098290,10000,10,100,5,5,0,0.2679,0.256491792313374,0.279308207686626,0.3987,0.389103236526328,0.408296763473672,0.4798,0.471581714999107,0.488018285000893,4798,3987,2679
"SmoothFixed_6_asymp","Logistic",47584,10000,10,100,3,1,0,0.274,0.262510808970933,0.285489191029067,0.4069,0.397271383747267,0.416528616252733,0.4881,0.479877329814472,0.496322670185528,4881,4069,2740
"SmoothFixed_6_asymp","Logistic",25967418,10000,10,100,3,3,0,0.2665,0.255110765776471,0.277889234223529,0.4034,0.393784637920993,0.413015362079007,0.4862,0.477978133334826,0.494421866665174,4862,4034,2665
"SmoothFixed_6_asymp","Logistic",18543,10000,10,100,3,5,0,0.2621,0.25077135091533,0.27342864908467,0.3975,0.387908132663553,0.407091867336447,0.4746,0.466385619737856,0.482814380262144,4746,3975,2621
"SmoothFixed_6_asymp","Logistic",9187567,10000,10,100,0.5,2,0,0.2581,0.246827699793136,0.269372300206864,0.3844,0.374865518806857,0.393934481193143,0.4679,0.459691967746288,0.476108032253712,4679,3844,2581
"SmoothFixed_6_asymp","Logistic",36896,10000,10,100,1,2,0,0.2667,0.255308046357049,0.278091953642951,0.3967,0.387111430195405,0.406288569804595,0.472,0.463787906926977,0.480212093073023,4720,3967,2667
"SmoothFixed_6_asymp","Logistic",41189,10000,10,100,1.5,2,0,0.262,0.250672744797366,0.273327255202634,0.4006,0.390995607208032,0.410204392791968,0.4794,0.471181983686856,0.487618016313144,4794,4006,2620
"SmoothFixed_6_asymp","Logistic",19163267,10000,10,100,2,2,0,0.2656,0.254223040079386,0.276976959920614,0.3964,0.386812673673729,0.40598732632627,0.4762,0.467984323222041,0.484415676777959,4762,3964,2656
"SmoothFixed_6_asymp","Logistic",323151669,10000,10,100,2.5,2,0,0.2753,0.263793901301744,0.286806098698256,0.4104,0.400758635882076,0.420041364117924,0.4933,0.485075738473652,0.501524261526348,4933,4104,2753
"SmoothFixed_6_asymp","Logistic",34007800,10000,10,100,3,2,0,0.2736,0.262116035984909,0.285083964015091,0.41,0.400360067220151,0.419639932779849,0.4875,0.479277570714237,0.495722429285763,4875,4100,2736
"SmoothFixed_6_asymp","Logistic",38438665,10000,10,100,5,2,0,0.2766,0.265077115764126,0.288122884235874,0.4131,0.403449146488398,0.422750853511602,0.4926,0.484375900851333,0.500824099148667,4926,4131,2766
