"method","distribution","seed","N","n1","n2","delta","rate1","null","power0.01","l_CI","u_CI","power0.05","l_CI","u_CI","power0.10","l_CI","u_CI","ct_0.10","ct_0.05","ct_0.01"
"BWS","Exp",1211187,10000,10,10,0,1,1,0.0119,0.00910668580069051,0.0146933141993095,0.0551,0.0506277631549302,0.0595722368450698,0.1064,0.101327660705197,0.111472339294803,1064,551,119
"BWS","Exp",249690570,10000,10,10,0,0.5,1,0.0122,0.00937212450238417,0.0150278754976158,0.0535,0.0490894447016277,0.0579105552983723,0.0999,0.0949671940952461,0.104832805904754,999,535,122
"BWS","Exp",30585,10000,10,10,0,0.25,1,0.0125,0.00963800139762438,0.0153619986023756,0.0568,0.0522633827975462,0.0613366172024538,0.1058,0.100740284836881,0.110859715163119,1058,568,125
"BWS","Exp",72035683,10000,10,10,0,0.125,1,0.0127,0.00981548841415119,0.0155845115858488,0.055,0.0505315868588502,0.0594684131411498,0.1019,0.0969235993001995,0.106876400699801,1019,550,127
"BWS","Exp",18840229,10000,10,10,0.5,1,0,0.1626,0.153094551622768,0.172105448377232,0.3706,0.361133876893765,0.380066123106235,0.5021,0.49387507254482,0.51032492745518,5021,3706,1626
"BWS","Exp",265404087,10000,10,10,0.5,0.5,0,0.0466,0.0411702930477839,0.0520297069522161,0.1445,0.137608718322402,0.151391281677598,0.2307,0.223769930887807,0.237630069112193,2307,1445,466
"BWS","Exp",30978,10000,10,10,0.5,0.25,0,0.0228,0.0189549232646908,0.0266450767353092,0.0813,0.0759434125145201,0.0866565874854799,0.1405,0.134783542158874,0.146216457841126,1405,813,228
"BWS","Exp",40587163,10000,10,10,0.5,0.125,0,0.0123,0.00946070223032243,0.0151392977696776,0.0601,0.055441628370514,0.064758371629486,0.1089,0.103775599510579,0.114024400489421,1089,601,123
"BWS","Exp",255608674,10000,10,10,1,1,0,0.5743,0.561563001668565,0.587036998331435,0.8069,0.799163276679214,0.814636723320786,0.89,0.884852963498284,0.895147036501716,8900,8069,5743
"BWS","Exp",26994,10000,10,10,1,0.5,0,0.1666,0.15700135112276,0.17619864887724,0.3704,0.360934928041774,0.379865071958226,0.4988,0.490575023688034,0.507024976311966,4988,3704,1666
"BWS","Exp",8855589,10000,10,10,1,0.25,0,0.0455,0.0401316660616538,0.0508683339383462,0.1434,0.13653058613924,0.15026941386076,0.2259,0.21902104368476,0.23277895631524,2259,1434,455
"BWS","Exp",147189,10000,10,10,1,0.125,0,0.0191,0.0155740600663449,0.0226259399336551,0.081,0.0756524317451761,0.0863475682548239,0.1434,0.137634599081148,0.149165400918852,1434,810,191
"BWS","Exp",36682,10000,10,10,1.5,1,0,0.8478,0.838546630787199,0.857053369212801,0.9637,0.96003410253695,0.96736589746305,0.9853,0.983320257022799,0.987279742977201,9853,9637,8478
"BWS","Exp",261969257,10000,10,10,1.5,0.5,0,0.3498,0.337514884501931,0.362085115498069,0.617,0.607472081352152,0.626527918647848,0.7395,0.732279972441232,0.746720027558768,7395,6170,3498
"BWS","Exp",38334,10000,10,10,1.5,0.25,0,0.0888,0.0814724431404556,0.0961275568595444,0.2456,0.23716332940892,0.25403667059108,0.3584,0.350511724311511,0.366288275688489,3584,2456,888
"BWS","Exp",107951,10000,10,10,1.5,0.125,0,0.0303,0.025884439183839,0.034715560816161,0.1059,0.0998688920926251,0.111931107907375,0.1761,0.169834109058085,0.182365890941915,1761,1059,303
"BWS","Exp",74101,10000,10,10,2,1,0,0.9588,0.953680135357389,0.963919864642611,0.9934,0.991812951799598,0.994987048200402,0.9982,0.997502714012833,0.998897285987167,9982,9934,9588
"BWS","Exp",23490,10000,10,10,2,0.5,0,0.5723,0.559555366327458,0.585044633672542,0.8094,0.801701623987983,0.817098376012017,0.8933,0.888221367600055,0.898378632399945,8933,8094,5723
"BWS","Exp",9196400,10000,10,10,2,0.25,0,0.1598,0.150361008722152,0.169238991277848,0.3728,0.363322428968053,0.382277571031947,0.5029,0.494675138345664,0.511124861654337,5029,3728,1598
"BWS","Exp",4349480,10000,10,10,2,0.125,0,0.045,0.0396598457550367,0.0503401542449633,0.1451,0.13819684800121,0.15200315199879,0.2291,0.222186826289831,0.236013173710169,2291,1451,450
"BWS","Exp",102231769,10000,10,10,2.5,1,0,0.9891,0.986425274558886,0.991774725441114,0.999,0.998380503559332,0.999619496440668,0.9998,0.999567385133966,1.00003261486603,9998,9990,9891
"BWS","Exp",40465783,10000,10,10,2.5,0.5,0,0.7418,0.730526276160816,0.753073723839184,0.9092,0.903568440083103,0.914831559916897,0.9561,0.952729845418089,0.959470154581911,9561,9092,7418
"BWS","Exp",82469,10000,10,10,2.5,0.25,0,0.2517,0.240520423835371,0.262879576164629,0.5069,0.497100933200432,0.516699066799568,0.6433,0.635420036013485,0.651179963986515,6433,5069,2517
"BWS","Exp",16011179,10000,10,10,2.5,0.125,0,0.0609,0.0547395785370363,0.0670604214629637,0.1857,0.17807825805202,0.19332174194798,0.2889,0.281444015224937,0.296355984775063,2889,1857,609
"BWS","Exp",63001,10000,10,10,5,1,0,1,1,1,1,1,1,1,1,1,10000,10000,10000
"BWS","Exp",1442442,10000,10,10,5,0.5,0,0.9899,0.98732425890101,0.99247574109899,0.9993,0.998781614273345,0.999818385726655,1,1,1,10000,9993,9899
"BWS","Exp",48137435,10000,10,10,5,0.25,0,0.7316,0.720185051332234,0.743014948667767,0.91,0.904390837495668,0.915609162504332,0.9567,0.953351905268847,0.960048094731153,9567,9100,7316
"BWS","Exp",23516633,10000,10,10,5,0.12,0,0.23,0.21915935458748,0.24084064541252,0.4746,0.46481265330468,0.48438734669532,0.6116,0.603582494781567,0.619617505218433,6116,4746,2300
"BWS","Exp",351871964,10000,10,10,0,1.5,1,0.0142,0.0111522142245991,0.0172477857754009,0.0593,0.0546707675364484,0.0639292324635516,0.1066,0.101523463901921,0.111676536098079,1066,593,142
"BWS","Exp",648835,10000,10,10,0.5,1.5,0,0.3588,0.346444257957749,0.371155742042251,0.6244,0.614908162153597,0.633891837846402,0.7483,0.741160868481827,0.755439131518173,7483,6244,3588
"BWS","Exp",12127942,10000,10,10,1,1.5,0,0.8506,0.841417015598398,0.859782984401602,0.963,0.959300269609823,0.966699730390177,0.9838,0.981723285387951,0.98587671461205,9838,9630,8506
"BWS","Exp",73570125,10000,10,10,1.5,1.5,0,0.9785,0.974763667619925,0.982236332380075,0.9978,0.996881690321515,0.998718309678485,0.9993,0.998864926265128,0.999735073734871,9993,9978,9785
"BWS","Exp",14885142,10000,10,10,2,1.5,0,0.9971,0.995714794472873,0.998485205527127,0.9999,0.999704009800245,1.00009599019976,1,1,1,10000,9999,9971
"BWS","Exp",227039954,10000,10,10,2.5,1.5,0,1,1,1,1,1,1,1,1,1,10000,10000,10000
"BWS","Exp",73929836,10000,10,10,5,1.5,0,1,1,1,1,1,1,1,1,1,10000,10000,10000
"BWS","Exp",39170350,10000,20,20,0,1,1,0.0121,0.00928359545455842,0.0149164045454416,0.0507,0.0464000659817155,0.0549999340182845,0.1005,0.0955540523305058,0.105445947669494,1005,507,121
"BWS","Exp",65514624,10000,20,20,0,0.5,1,0.0141,0.0110628107899994,0.0171371892100006,0.0556,0.0511087062952419,0.0600912937047581,0.107,0.101915087072771,0.112084912927229,1070,556,141
"BWS","Exp",28486,10000,20,20,0,0.25,1,0.0132,0.0102599995648,0.0161400004352,0.0546,0.0501469231340117,0.0590530768659883,0.1039,0.0988805987472633,0.108919401252737,1039,546,132
"BWS","Exp",332044,10000,20,20,0,0.125,1,0.011,0.00831316902087236,0.0136868309791276,0.0509,0.0465920470719378,0.0552079529280622,0.1024,0.0974127940558265,0.107387205944174,1024,509,110
"BWS","Exp",219615959,10000,20,20,0.5,1,0,0.4963,0.483420352659228,0.509179647340772,0.7418,0.733222166644099,0.750377833355901,0.8414,0.835390771094466,0.847409228905534,8414,7418,4963
"BWS","Exp",260488569,10000,20,20,0.5,0.5,0,0.1177,0.109398774151386,0.126001225848614,0.2897,0.280808987388064,0.298591012611936,0.4175,0.409387735412699,0.425612264587301,4175,2897,1177
"BWS","Exp",53407282,10000,20,20,0.5,0.25,0,0.0306,0.0261633202686622,0.0350366797313378,0.113,0.106794781151321,0.119205218848679,0.1914,0.184928518149674,0.197871481850326,1914,1130,306
"BWS","Exp",24624,10000,20,20,0.5,0.125,0,0.0177,0.0143033205488748,0.0210966794511252,0.0706,0.065579352206896,0.075620647793104,0.1287,0.12319142796845,0.13420857203155,1287,706,177
"BWS","Exp",2822612,10000,20,20,1,1,0,0.962,0.957074785005139,0.966925214994861,0.9935,0.991924941512197,0.995075058487803,0.9976,0.996795085514107,0.998404914485893,9976,9935,9620
"BWS","Exp",206742,10000,20,20,1,0.5,0,0.4976,0.484720148378455,0.510479851621545,0.7513,0.742827713014209,0.759772286985791,0.8474,0.841484555297604,0.853315444702396,8474,7513,4976
"BWS","Exp",115843,10000,20,20,1,0.25,0,0.1181,0.109786565511748,0.126413434488252,0.2899,0.281007171122843,0.298792828877157,0.4154,0.40729359021446,0.42350640978554,4154,2899,1181
"BWS","Exp",241252,10000,20,20,1,0.125,0,0.0306,0.0261633202686622,0.0350366797313378,0.11,0.103867360763912,0.116132639236088,0.187,0.180585955357382,0.193414044642618,1870,1100,306
"BWS","Exp",82211527,10000,20,20,1.5,1,0,0.9994,0.998769200767229,1.00003079923277,0.9999,0.999704009800245,1.00009599019976,1,1,1,10000,9999,9994
"BWS","Exp",302212,10000,20,20,1.5,0.5,0,0.84,0.830556228007835,0.849443771992165,0.9561,0.952084496668361,0.960115503331638,0.9816,0.979389237503123,0.983810762496877,9816,9561,8400
"BWS","Exp",246826,10000,20,20,1.5,0.25,0,0.2868,0.275149592946554,0.298450407053446,0.5454,0.535640482349296,0.555159517650704,0.6713,0.663572765751786,0.679027234248214,6713,5454,2868
"BWS","Exp",136705,10000,20,20,1.5,0.125,0,0.0641,0.0577905776903631,0.0704094223096369,0.189,0.181326431036343,0.196673568963657,0.2954,0.287895142209802,0.302904857790198,2954,1890,641
"BWS","Exp",138986,10000,20,20,2,1,0,1,1,1,1,1,1,1,1,1,10000,10000,10000
"BWS","Exp",9482954,10000,20,20,2,0.5,0,0.9665,0.961864792384542,0.971135207615458,0.9949,0.993503853876415,0.996296146123585,0.9985,0.99786337224819,0.99913662775181,9985,9949,9665
"BWS","Exp",191064,10000,20,20,2,0.25,0,0.4991,0.486220020865617,0.511979979134383,0.7447,0.736153817639109,0.753246182360891,0.8494,0.843516516815432,0.855283483184568,8494,7447,4991
"BWS","Exp",271613,10000,20,20,2,0.125,0,0.1138,0.105619443234971,0.121980556765029,0.2931,0.284178395405399,0.302021604594601,0.4169,0.408789392768111,0.425010607231889,4169,2931,1138
"BWS","Exp",143769644,10000,20,20,2.5,1,0,1,1,1,1,1,1,1,1,1,10000,10000,10000
"BWS","Exp",23841,10000,20,20,2.5,0.5,0,0.9923,0.990048288649916,0.994551711350084,0.9994,0.998920044062022,0.999879955937978,0.9998,0.999567385133966,1.00003261486603,9998,9994,9923
"BWS","Exp",32237,10000,20,20,2.5,0.25,0,0.6896,0.677681946204905,0.701518053795095,0.8796,0.873221597443372,0.885978402556628,0.9427,0.938876774036527,0.946523225963473,9427,8796,6896
"BWS","Exp",2306518,10000,20,20,2.5,0.125,0,0.1873,0.177249680290812,0.197350319709188,0.405,0.395378515914891,0.414621484085109,0.545,0.536808378979866,0.553191621020134,5450,4050,1873
"BWS","Exp",17041829,10000,20,20,5,1,0,1,1,1,1,1,1,1,1,1,10000,10000,10000
"BWS","Exp",131240,10000,20,20,5,0.5,0,1,1,1,1,1,1,1,1,1,10000,10000,10000
"BWS","Exp",1280953,10000,20,20,5,0.25,0,0.9946,0.992712152252648,0.996487847747353,0.9994,0.998920044062022,0.999879955937978,0.9999,0.999735508225206,1.00006449177479,9999,9994,9946
"BWS","Exp",104679236,10000,20,20,5,0.12,0,0.6517,0.639427120888531,0.663972879111469,0.8597,0.852892958940509,0.866507041059491,0.9234,0.919025028560653,0.927774971439347,9234,8597,6517
"BWS","Exp",8139182,10000,20,20,0,1.5,1,0.0154,0.012227978408588,0.018572021591412,0.0568,0.0522633827975462,0.0613366172024538,0.1049,0.0998593165509055,0.109940683449094,1049,568,154
"BWS","Exp",4726923,10000,20,20,0.5,1.5,0,0.8344,0.824824462252841,0.843975537747159,0.9521,0.947914328792846,0.956285671207154,0.9802,0.977908310122224,0.982491689877776,9802,9521,8344
"BWS","Exp",9412072,10000,20,20,1,1.5,0,0.9995,0.998924132909779,1.00007586709022,1,1,1,1,1,1,10000,10000,9995
"BWS","Exp",2082375,10000,20,20,1.5,1.5,0,1,1,1,1,1,1,1,1,1,10000,10000,10000
"BWS","Exp",203453,10000,20,20,2,1.5,0,1,1,1,1,1,1,1,1,1,10000,10000,10000
"BWS","Exp",18297867,10000,20,20,2.5,1.5,0,1,1,1,1,1,1,1,1,1,10000,10000,10000
"BWS","Exp",56017,10000,20,20,5,1.5,0,1,1,1,1,1,1,1,1,1,10000,10000,10000
"BWS","Exp",4764409,10000,100,100,0,1,1,0.0124,0.00954932805320851,0.0152506719467915,0.0539,0.0494739228964692,0.0583260771035308,0.1074,0.102306732521544,0.112493267478456,1074,539,124
"BWS","Exp",376170,10000,100,100,0,0.5,1,0.0093,0.00682737409756834,0.0117726259024317,0.053,0.0486089437990388,0.0573910562009612,0.106,0.100936071158675,0.111063928841325,1060,530,93
"BWS","Exp",784564,10000,100,100,0,0.25,1,0.0109,0.00822527455888572,0.0135747254411143,0.0535,0.0490894447016277,0.0579105552983723,0.1021,0.0971192727596289,0.107080727240371,1021,535,109
"BWS","Exp",129604140,10000,100,100,0,0.125,1,0.0128,0.00990430099526626,0.0156956990047337,0.0526,0.0482246214474174,0.0569753785525826,0.1077,0.102600481162132,0.112799518837868,1077,526,128
"BWS","Exp",2724207,10000,100,100,0.5,1,0,0.9999,0.999642412880322,1.00015758711968,1,1,1,1,1,1,10000,10000,9999
"BWS","Exp",56479,10000,100,100,0.5,0.5,0,0.9324,0.925932739731028,0.938867260268972,0.9902,0.988269229875516,0.992130770124484,0.9976,0.996795085514107,0.998404914485893,9976,9902,9324
"BWS","Exp",357669,10000,100,100,0.5,0.25,0,0.2885,0.276829049700114,0.300170950299886,0.5672,0.557488913814325,0.576911086185675,0.7213,0.713924484963626,0.728675515036374,7213,5672,2885
"BWS","Exp",321571,10000,100,100,0.5,0.125,0,0.0536,0.0477981617173258,0.0594018382826742,0.1753,0.167847619398769,0.182752380601231,0.2874,0.279955557270883,0.294844442729117,2874,1753,536
"BWS","Exp",222558,10000,100,100,1,1,0,1,1,1,1,1,1,1,1,1,10000,10000,10000
"BWS","Exp",10787554,10000,100,100,1,0.5,0,1,1,1,1,1,1,1,1,1,10000,10000,10000
"BWS","Exp",4021775,10000,100,100,1,0.25,0,0.9356,0.929276843964849,0.941923156035151,0.9888,0.986737379586642,0.990862620413358,0.9959,0.994848847574338,0.996951152425662,9959,9888,9356
"BWS","Exp",19137776,10000,100,100,1,0.125,0,0.286,0.274359329906298,0.297640670093702,0.5703,0.560597348470361,0.580002651529639,0.7228,0.715436715393495,0.730163284606505,7228,5703,2860
"BWS","Exp",18521680,10000,100,100,1.5,1,0,1,1,1,1,1,1,1,1,1,10000,10000,10000
"BWS","Exp",42812,10000,100,100,1.5,0.5,0,1,1,1,1,1,1,1,1,1,10000,10000,10000
"BWS","Exp",15501688,10000,100,100,1.5,0.25,0,0.9995,0.998924132909779,1.00007586709022,0.9999,0.999704009800245,1.00009599019976,1,1,1,10000,9999,9995
"BWS","Exp",21902833,10000,100,100,1.5,0.125,0,0.6957,0.683847558060797,0.707552441939203,0.8992,0.893299151201937,0.905100848798063,0.9548,0.951382635332833,0.958217364667167,9548,8992,6957
"BWS","Exp",805879,10000,100,100,2,1,0,1,1,1,1,1,1,1,1,1,10000,10000,10000
"BWS","Exp",495451,10000,100,100,2,0.5,0,1,1,1,1,1,1,1,1,1,10000,10000,10000
"BWS","Exp",45676040,10000,100,100,2,0.25,0,1,1,1,1,1,1,1,1,1,10000,10000,10000
"BWS","Exp",17264820,10000,100,100,2,0.125,0,0.9305,0.923949168182773,0.937050831817227,0.9908,0.988928701868328,0.992671298131672,0.9967,0.995756579951042,0.997643420048958,9967,9908,9305
"BWS","Exp",120195,10000,100,100,2.5,1,0,1,1,1,1,1,1,1,1,1,10000,10000,10000
"BWS","Exp",90603,10000,100,100,2.5,0.5,0,1,1,1,1,1,1,1,1,1,10000,10000,10000
"BWS","Exp",5944085,10000,100,100,2.5,0.25,0,1,1,1,1,1,1,1,1,1,10000,10000,10000
"BWS","Exp",1898460,10000,100,100,2.5,0.125,0,0.9906,0.98811424141895,0.99308575858105,0.9993,0.998781614273345,0.999818385726655,0.9998,0.999567385133966,1.00003261486603,9998,9993,9906
"BWS","Exp",274374,10000,100,100,5,1,0,1,1,1,1,1,1,1,1,1,10000,10000,10000
"BWS","Exp",117540887,10000,100,100,5,0.5,0,1,1,1,1,1,1,1,1,1,10000,10000,10000
"BWS","Exp",97650,10000,100,100,5,0.25,0,1,1,1,1,1,1,1,1,1,10000,10000,10000
"BWS","Exp",6348009,10000,100,100,5,0.12,0,1,1,1,1,1,1,1,1,1,10000,10000,10000
"BWS","Exp",108863,10000,100,100,0,1.5,1,0.012,0.00919511568409676,0.0148048843159032,0.053,0.0486089437990388,0.0573910562009612,0.104,0.0989784640437412,0.109021535956259,1040,530,120
"BWS","Exp",872740,10000,100,100,0.5,1.5,0,1,1,1,1,1,1,1,1,1,10000,10000,10000
"BWS","Exp",727462,10000,100,100,1,1.5,0,1,1,1,1,1,1,1,1,1,10000,10000,10000
"BWS","Exp",265689437,10000,100,100,1.5,1.5,0,1,1,1,1,1,1,1,1,1,10000,10000,10000
"BWS","Exp",3440372,10000,100,100,2,1.5,0,1,1,1,1,1,1,1,1,1,10000,10000,10000
"BWS","Exp",940450,10000,100,100,2.5,1.5,0,1,1,1,1,1,1,1,1,1,10000,10000,10000
"BWS","Exp",6084956,10000,100,100,5,1.5,0,1,1,1,1,1,1,1,1,1,10000,10000,10000
"BWS","Exp",98815,10000,10,100,0,1,1,0.0115,0.00875347778774684,0.0142465222122532,0.0569,0.0523596317613656,0.0614403682386344,0.1033,0.0982934374328513,0.108306562567149,1033,569,115
"BWS","Exp",4174627,10000,10,100,0,0.5,1,0.013,0.0100820616549351,0.0159179383450649,0.0601,0.055441628370514,0.064758371629486,0.1089,0.103775599510579,0.114024400489421,1089,601,130
"BWS","Exp",10782650,10000,10,100,0,0.25,1,0.0129,0.00999315891531993,0.0158068410846801,0.059,0.0543817558488101,0.0636182441511899,0.1109,0.105734564053541,0.116065435946459,1109,590,129
"BWS","Exp",19138666,10000,10,100,0,0.125,1,0.0138,0.0107948379142123,0.0168051620857877,0.0554,0.0509163167491001,0.0598836832508999,0.1057,0.100642393795008,0.110757606204992,1057,554,138
"BWS","Exp",7497887,10000,10,100,0.5,1,0,0.6271,0.614643086442349,0.639556913557651,0.7932,0.78526178803246,0.80113821196754,0.8657,0.860090971878768,0.871309028121232,8657,7932,6271
"BWS","Exp",530488,10000,10,100,0.5,0.5,0,0.2346,0.223684237158293,0.245515762841707,0.423,0.41331690569291,0.43268309430709,0.5368,0.528597307498729,0.545002692501271,5368,4230,2346
"BWS","Exp",107040,10000,10,100,0.5,0.25,0,0.0811,0.0740678129907188,0.0881321870092813,0.1987,0.190879174853662,0.206520825146338,0.2927,0.285215219088525,0.300184780911475,2927,1987,811
"BWS","Exp",351961768,10000,10,100,0.5,0.125,0,0.0365,0.0316692100912584,0.0413307899087416,0.1151,0.108844805320504,0.121355194679496,0.1851,0.178711170906263,0.191488829093737,1851,1151,365
"BWS","Exp",27546495,10000,10,100,1,1,0,0.9513,0.945755414464376,0.956844585535624,0.9843,0.981863481910266,0.986736518089734,0.9916,0.990098678153226,0.993101321846774,9916,9843,9513
"BWS","Exp",56584,10000,10,100,1,0.5,0,0.6258,0.613334332757917,0.638265667242083,0.7889,0.780901451803833,0.796898548196167,0.8601,0.854393770516885,0.865806229483115,8601,7889,6258
"BWS","Exp",33761,10000,10,100,1,0.25,0,0.2365,0.225553735149267,0.247446264850733,0.427,0.417305011018057,0.436694988981943,0.5378,0.529598538098369,0.546001461901631,5378,4270,2365
"BWS","Exp",16537892,10000,10,100,1,0.125,0,0.0838,0.0766622224047918,0.0909377775952082,0.2007,0.192849728733247,0.208550271266752,0.2963,0.288788520202265,0.303811479797735,2963,2007,838
"BWS","Exp",35103,10000,10,100,1.5,1,0,0.997,0.995591184681514,0.998408815318486,0.9998,0.999522841861747,1.00007715813825,0.9998,0.999567385133966,1.00003261486603,9998,9998,9970
"BWS","Exp",10548863,10000,10,100,1.5,0.5,0,0.8607,0.851780360165535,0.869619639834465,0.9426,0.938040935512805,0.947159064487195,0.9643,0.961247848452358,0.967352151547642,9643,9426,8607
"BWS","Exp",7906703,10000,10,100,1.5,0.25,0,0.4354,0.42262795300264,0.44817204699736,0.6421,0.632704102822274,0.651495897177726,0.7387,0.731472806932026,0.745927193067974,7387,6421,4354
"BWS","Exp",55651,10000,10,100,1.5,0.125,0,0.1531,0.143824239631639,0.162375760368361,0.3084,0.299348079139188,0.317451920860812,0.4205,0.412379633656701,0.428620366343298,4205,3084,1531
"BWS","Exp",194109869,10000,10,100,2,1,0,0.9998,0.999435735018296,1.0001642649817,0.9999,0.999704009800245,1.00009599019976,1,1,1,10000,9999,9998
"BWS","Exp",34985042,10000,10,100,2,0.5,0,0.9556,0.950293900198596,0.960906099801404,0.987,0.984779829520059,0.989220170479941,0.9929,0.991518827788444,0.994281172211556,9929,9870,9556
"BWS","Exp",2137964,10000,10,100,2,0.25,0,0.6218,0.609307999878107,0.634292000121893,0.7962,0.788304688889626,0.804095311110374,0.8637,0.858055892329892,0.869344107670108,8637,7962,6218
"BWS","Exp",73850100,10000,10,100,2,0.125,0,0.2391,0.228112486067115,0.250087513932885,0.4266,0.416906171295592,0.436293828704408,0.5387,0.53049967401003,0.54690032598997,5387,4266,2391
"BWS","Exp",251341128,10000,10,100,2.5,1,0,0.9999,0.999642412880322,1.00015758711968,1,1,1,1,1,1,10000,10000,9999
"BWS","Exp",13478290,10000,10,100,2.5,0.5,0,0.9876,0.984749328053209,0.990450671946791,0.9969,0.995810410984637,0.997989589015363,0.9988,0.998230497293773,0.999369502706227,9988,9969,9876
"BWS","Exp",47855,10000,10,100,2.5,0.25,0,0.7641,0.753163334509214,0.775036665490786,0.8863,0.880078047685043,0.892521952314957,0.9285,0.924261522547025,0.932738477452975,9285,8863,7641
"BWS","Exp",10529334,10000,10,100,2.5,0.125,0,0.3367,0.324526305033625,0.348873694966375,0.5402,0.530431725737184,0.549968274262816,0.6464,0.638535471251143,0.654264528748857,6464,5402,3367
"BWS","Exp",314739871,10000,10,100,5,1,0,1,1,1,1,1,1,1,1,1,10000,10000,10000
"BWS","Exp",140081028,10000,10,100,5,0.5,0,1,1,1,1,1,1,1,1,1,10000,10000,10000
"BWS","Exp",599048,10000,10,100,5,0.25,0,0.9877,0.984860702230322,0.990539297769678,0.9973,0.996282929956394,0.998317070043606,0.999,0.998480065487297,0.999519934512703,9990,9973,9877
"BWS","Exp",35616279,10000,10,100,5,0.12,0,0.7359,0.724543631909041,0.747256368090959,0.8705,0.863919250744786,0.877080749255214,0.9188,0.914306813864038,0.923293186135962,9188,8705,7359
"BWS","Exp",147857,10000,10,100,0,1.5,1,0.0128,0.00990430099526626,0.0156956990047337,0.0544,0.0499546162975059,0.0588453837024941,0.1034,0.0983912940159059,0.108408705984094,1034,544,128
"BWS","Exp",150300426,10000,10,100,0.5,1.5,0,0.8524,0.843262849928724,0.861537150071276,0.94,0.935345257901881,0.944654742098119,0.9678,0.964896066632324,0.970703933367676,9678,9400,8524
"BWS","Exp",30072,10000,10,100,1,1.5,0,0.9959,0.994253940031304,0.997546059968696,0.9994,0.998920044062022,0.999879955937978,0.9998,0.999567385133966,1.00003261486603,9998,9994,9959
"BWS","Exp",11035967,10000,10,100,1.5,1.5,0,1,1,1,1,1,1,1,1,1,10000,10000,10000
"BWS","Exp",24372,10000,10,100,2,1.5,0,1,1,1,1,1,1,1,1,1,10000,10000,10000
"BWS","Exp",4281784,10000,10,100,2.5,1.5,0,1,1,1,1,1,1,1,1,1,10000,10000,10000
"BWS","Exp",512577,10000,10,100,5,1.5,0,1,1,1,1,1,1,1,1,1,10000,10000,10000
