"method","distribution","seed","N","n1","n2","delta","sd1","sd2","null","power0.01","l_CI","u_CI","power0.05","l_CI","u_CI","power0.10","l_CI","u_CI","ct_0.10","ct_0.05","ct_0.01"
"SmoothFixed_4_asymp","Normal2Var",137007155,10000,10,10,0.5,1,3,0,0.0736,0.0668735791059506,0.0803264208940494,0.2886,0.279719014414695,0.297480985585305,0.47,0.461789818348538,0.478210181651462,4700,2886,736
"SmoothFixed_4_asymp","Normal2Var",156256,10000,10,10,1.5,1,3,0,0.1091,0.101068942904764,0.117131057095236,0.3999,0.3902984005,0.4095015995,0.5912,0.583112979229506,0.599287020770494,5912,3999,1091
"SmoothFixed_4_asymp","Normal2Var",306395,10000,10,10,2,1,3,0,0.1586,0.149189803245803,0.168010196754197,0.4875,0.477703062978665,0.497296937021335,0.6731,0.665383627975209,0.680816372024791,6731,4875,1586
"SmoothFixed_4_asymp","Normal2Var",5949510,10000,10,10,2.5,1,3,0,0.215,0.204417216366192,0.225582783633808,0.589,0.579356501224141,0.598643498775859,0.7626,0.755600699167267,0.769599300832733,7626,5890,2150
"SmoothFixed_4_asymp","Normal2Var",2203397,10000,10,10,0.5,3,5,0,0.0091,0.00665385910075809,0.0115461408992419,0.0658,0.0609405295044007,0.0706594704955993,0.1523,0.146389326832942,0.158210673167058,1523,658,91
"SmoothFixed_4_asymp","Normal2Var",6779661,10000,10,10,1.5,3,5,0,0.0123,0.00946070223032243,0.0151392977696776,0.0893,0.0837105449351838,0.0948894550648162,0.1896,0.183151855147905,0.196048144852095,1896,893,123
"SmoothFixed_4_asymp","Normal2Var",34914922,10000,10,10,2,3,5,0,0.0153,0.0121381333994591,0.0184618666005409,0.1103,0.104160038854716,0.116439961145284,0.2234,0.216548176301516,0.230251823698483,2234,1103,153
"SmoothFixed_4_asymp","Normal2Var",174059,10000,10,10,2.5,3,5,0,0.0197,0.0161202023954955,0.0232797976045045,0.1307,0.12409338947405,0.137306610525951,0.2492,0.242084555209658,0.256315444790342,2492,1307,197
"SmoothFixed_4_asymp","Normal2Var",113678,10000,10,10,0.5,1,5,0,0.2382,0.227226700787139,0.249173299212861,0.5911,0.581464037386623,0.600735962613377,0.7702,0.763279417159234,0.777120582840766,7702,5911,2382
"SmoothFixed_4_asymp","Normal2Var",844390,10000,10,10,1.5,1,5,0,0.2544,0.24318091697786,0.26561908302214,0.6144,0.604859960179203,0.623940039820797,0.7869,0.780163762359078,0.793636237640922,7869,6144,2544
"SmoothFixed_4_asymp","Normal2Var",1160649,10000,10,10,2,1,5,0,0.2665,0.255110765776471,0.277889234223529,0.6493,0.639947092144066,0.658652907855934,0.8161,0.809727226900636,0.822472773099364,8161,6493,2665
"SmoothFixed_4_asymp","Normal2Var",1160896,10000,10,10,2.5,1,5,0,0.2963,0.284537342274186,0.308062657725814,0.6821,0.672973056541514,0.691226943458486,0.8378,0.831735967709197,0.843864032290803,8378,6821,2963
"SmoothFixed_4_asymp","Normal2Var",85779,10000,10,10,1,1,3,0,0.0891,0.0817612843308012,0.0964387156691988,0.3371,0.327834700612803,0.346365299387197,0.5282,0.519988092117668,0.536411907882332,5282,3371,891
"SmoothFixed_4_asymp","Normal2Var",31043344,10000,10,10,1,3,5,0,0.0111,0.00840112023907993,0.0137988797609201,0.0757,0.0705154569187247,0.0808845430812754,0.1676,0.161455749051381,0.173744250948619,1676,757,111
"SmoothFixed_4_asymp","Normal2Var",16696375,10000,10,10,1,1,5,0,0.2459,0.234807240596653,0.256992759403347,0.6109,0.601344096633473,0.620455903366527,0.7903,0.783603295918082,0.796996704081918,7903,6109,2459
"SmoothFixed_4_asymp","Normal2Var",363028,10000,10,10,5,1,3,0,0.7403,0.729005013707684,0.751594986292316,0.9659,0.962342873222613,0.969457126777386,0.9918,0.990316509121059,0.993283490878941,9918,9659,7403
"SmoothFixed_4_asymp","Normal2Var",194915,10000,10,10,5,3,5,0,0.1011,0.0933343622696456,0.108865637730354,0.3842,0.374666451201279,0.393733548798721,0.5758,0.567670065163121,0.583929934836879,5758,3842,1011
"SmoothFixed_4_asymp","Normal2Var",83963,10000,10,10,5,1,5,0,0.5128,0.499924221210116,0.525675778789884,0.8739,0.867393544193157,0.880406455806843,0.9539,0.95045040754422,0.95734959245578,9539,8739,5128
"SmoothFixed_4_asymp","Normal2Var",134666668,10000,20,20,0.5,1,3,0,0.5254,0.512536630057579,0.538263369942421,0.8401,0.832916339562702,0.847283660437298,0.9354,0.931356282159806,0.939443717840194,9354,8401,5254
"SmoothFixed_4_asymp","Normal2Var",54660,10000,20,20,1.5,1,3,0,0.6534,0.641141150792552,0.665658849207448,0.9101,0.90449364654714,0.91570635345286,0.9674,0.964478689337455,0.970321310662545,9674,9101,6534
"SmoothFixed_4_asymp","Normal2Var",78259289,10000,20,20,2,1,3,0,0.7681,0.757228108349396,0.778971891650604,0.9529,0.948747685992799,0.957052314007201,0.9868,0.984922554069913,0.988677445930087,9868,9529,7681
"SmoothFixed_4_asymp","Normal2Var",75897662,10000,20,20,2.5,1,3,0,0.8638,0.854964298971454,0.872635701028546,0.9807,0.978003485167554,0.983396514832446,0.9954,0.994286875770141,0.996513124229859,9954,9807,8638
"SmoothFixed_4_asymp","Normal2Var",842097,10000,20,20,0.5,3,5,0,0.0536,0.0477981617173258,0.0594018382826742,0.2242,0.216025734055122,0.232374265944878,0.3766,0.368629428552789,0.384570571447211,3766,2242,536
"SmoothFixed_4_asymp","Normal2Var",12440384,10000,20,20,1.5,3,5,0,0.0796,0.0726274650869297,0.0865725349130703,0.2901,0.2812053569561,0.2989946430439,0.4534,0.445210800073566,0.461589199926434,4534,2901,796
"SmoothFixed_4_asymp","Normal2Var",330839,10000,20,20,2,3,5,0,0.1026,0.0947834956903086,0.110416504309691,0.3358,0.326543520303182,0.345056479696818,0.5127,0.504477653648576,0.520922346351424,5127,3358,1026
"SmoothFixed_4_asymp","Normal2Var",61383,10000,20,20,2.5,3,5,0,0.1479,0.138755178593828,0.157044821406172,0.4185,0.408831064523951,0.428168935476049,0.5975,0.589432893332528,0.605567106667472,5975,4185,1479
"SmoothFixed_4_asymp","Normal2Var",21341463,10000,20,20,0.5,1,5,0,0.9032,0.895583148267862,0.910816851732138,0.9913,0.989479803601366,0.993120196398634,0.9975,0.996678528768383,0.998321471231617,9975,9913,9032
"SmoothFixed_4_asymp","Normal2Var",61566,10000,20,20,1.5,1,5,0,0.9198,0.912803517608562,0.926796482391438,0.9926,0.990920194237895,0.994279805762105,0.9988,0.998230497293773,0.999369502706227,9988,9926,9198
"SmoothFixed_4_asymp","Normal2Var",185083622,10000,20,20,2,1,5,0,0.9297,0.923114406248574,0.936285593751426,0.9949,0.993503853876415,0.996296146123585,0.9993,0.998864926265128,0.999735073734871,9993,9949,9297
"SmoothFixed_4_asymp","Normal2Var",46216967,10000,20,20,2.5,1,5,0,0.9457,0.939862559485341,0.951537440514658,0.9958,0.994532445102727,0.997067554897273,0.9995,0.999132258787495,0.999867741212506,9995,9958,9457
"SmoothFixed_4_asymp","Normal2Var",1770497,10000,20,20,1,1,3,0,0.5691,0.556343592079283,0.581856407920718,0.8686,0.861978388956878,0.875221611043122,0.9501,0.946518204107019,0.953681795892981,9501,8686,5691
"SmoothFixed_4_asymp","Normal2Var",5318164,10000,20,20,1,3,5,0,0.0558,0.0498871759436344,0.0617128240563656,0.2306,0.222344149617247,0.238855850382753,0.3884,0.380382494781567,0.396417505218433,3884,2306,558
"SmoothFixed_4_asymp","Normal2Var",251791,10000,20,20,1,1,5,0,0.9147,0.907504520937393,0.921895479062607,0.9933,0.991701054391919,0.99489894560808,0.999,0.998480065487297,0.999519934512703,9990,9933,9147
"SmoothFixed_4_asymp","Normal2Var",240436,10000,20,20,5,1,3,0,0.9994,0.998769200767229,1.00003079923277,1,1,1,1,1,1,10000,10000,9994
"SmoothFixed_4_asymp","Normal2Var",7761552,10000,20,20,5,3,5,0,0.6067,0.594116691928688,0.619283308071312,0.8752,0.868722356861203,0.881677643138797,0.945,0.941249724685106,0.948750275314894,9450,8752,6067
"SmoothFixed_4_asymp","Normal2Var",40736412,10000,20,20,5,1,5,0,0.9945,0.992594848148414,0.996405151851586,0.9998,0.999522841861747,1.00007715813825,1,1,1,10000,9998,9945
"SmoothFixed_4_asymp","Normal2Var",8909137,10000,100,100,0.5,1,3,0,1,1,1,1,1,1,1,1,1,10000,10000,10000
"SmoothFixed_4_asymp","Normal2Var",54025984,10000,100,100,1.5,1,3,0,1,1,1,1,1,1,1,1,1,10000,10000,10000
"SmoothFixed_4_asymp","Normal2Var",45754572,10000,100,100,2,1,3,0,1,1,1,1,1,1,1,1,1,10000,10000,10000
"SmoothFixed_4_asymp","Normal2Var",73752,10000,100,100,2.5,1,3,0,1,1,1,1,1,1,1,1,1,10000,10000,10000
"SmoothFixed_4_asymp","Normal2Var",43652,10000,100,100,0.5,3,5,0,0.9126,0.905324852426773,0.919875147573227,0.9792,0.976402800504504,0.981997199495495,0.9913,0.989772335165432,0.992827664834568,9913,9792,9126
"SmoothFixed_4_asymp","Normal2Var",48711241,10000,100,100,1.5,3,5,0,0.9703,0.965927023947606,0.974672976052395,0.9941,0.992598943242112,0.995601056757888,0.9977,0.996911993488114,0.998488006511886,9977,9941,9703
"SmoothFixed_4_asymp","Normal2Var",21197293,10000,100,100,2,3,5,0,0.9881,0.98530668580069,0.990893314199309,0.998,0.997124338330175,0.998875661669825,0.9994,0.998997179837769,0.999802820162231,9994,9980,9881
"SmoothFixed_4_asymp","Normal2Var",58213,10000,100,100,2.5,3,5,0,0.9982,0.99710807981584,0.99929192018416,0.9999,0.999704009800245,1.00009599019976,1,1,1,10000,9999,9982
"SmoothFixed_4_asymp","Normal2Var",562516,10000,100,100,0.5,1,5,0,1,1,1,1,1,1,1,1,1,10000,10000,10000
"SmoothFixed_4_asymp","Normal2Var",972494,10000,100,100,1.5,1,5,0,1,1,1,1,1,1,1,1,1,10000,10000,10000
"SmoothFixed_4_asymp","Normal2Var",115469345,10000,100,100,2,1,5,0,1,1,1,1,1,1,1,1,1,10000,10000,10000
"SmoothFixed_4_asymp","Normal2Var",11904409,10000,100,100,2.5,1,5,0,1,1,1,1,1,1,1,1,1,10000,10000,10000
"SmoothFixed_4_asymp","Normal2Var",29709,10000,100,100,1,1,3,0,1,1,1,1,1,1,1,1,1,10000,10000,10000
"SmoothFixed_4_asymp","Normal2Var",7666635,10000,100,100,1,3,5,0,0.943,0.937027734133714,0.948972265866286,0.9877,0.985539664740463,0.989860335259537,0.9945,0.993283394877384,0.995716605122616,9945,9877,9430
"SmoothFixed_4_asymp","Normal2Var",35871,10000,100,100,1,1,5,0,1,1,1,1,1,1,1,1,1,10000,10000,10000
"SmoothFixed_4_asymp","Normal2Var",77502999,10000,100,100,5,1,3,0,1,1,1,1,1,1,1,1,1,10000,10000,10000
"SmoothFixed_4_asymp","Normal2Var",56085,10000,100,100,5,3,5,0,1,1,1,1,1,1,1,1,1,10000,10000,10000
"SmoothFixed_4_asymp","Normal2Var",641182,10000,100,100,5,1,5,0,1,1,1,1,1,1,1,1,1,10000,10000,10000
"SmoothFixed_4_asymp","Normal2Var",817921,10000,10,100,0.5,1,3,0,0.9995,0.998924132909779,1.00007586709022,1,1,1,1,1,1,10000,10000,9995
"SmoothFixed_4_asymp","Normal2Var",1019682,10000,10,100,1.5,1,3,0,1,1,1,1,1,1,1,1,1,10000,10000,10000
"SmoothFixed_4_asymp","Normal2Var",516661,10000,10,100,2,1,3,0,1,1,1,1,1,1,1,1,1,10000,10000,10000
"SmoothFixed_4_asymp","Normal2Var",321590,10000,10,100,2.5,1,3,0,1,1,1,1,1,1,1,1,1,10000,10000,10000
"SmoothFixed_4_asymp","Normal2Var",21452713,10000,10,100,0.5,3,5,0,0.8584,0.849419048732092,0.867380951267908,0.9429,0.938352141504576,0.947447858495424,0.965,0.961976822956309,0.968023177043691,9650,9429,8584
"SmoothFixed_4_asymp","Normal2Var",6250776,10000,10,100,1.5,3,5,0,0.9066,0.899104041833645,0.914095958166355,0.9651,0.961502879863224,0.968697120136776,0.9812,0.978965792030182,0.983434207969818,9812,9651,9066
"SmoothFixed_4_asymp","Normal2Var",99399,10000,10,100,2,3,5,0,0.9304,0.923844809316794,0.936955190683206,0.9787,0.975870102749286,0.981529897250714,0.9881,0.986316225986854,0.989883774013146,9881,9787,9304
"SmoothFixed_4_asymp","Normal2Var",19694,10000,10,100,2.5,3,5,0,0.9587,0.953574193019294,0.963825806980706,0.9868,0.984563043147131,0.98903695685287,0.9937,0.992398441112829,0.995001558887171,9937,9868,9587
"SmoothFixed_4_asymp","Normal2Var",267622691,10000,10,100,0.5,1,5,0,1,1,1,1,1,1,1,1,1,10000,10000,10000
"SmoothFixed_4_asymp","Normal2Var",52968566,10000,10,100,1.5,1,5,0,1,1,1,1,1,1,1,1,1,10000,10000,10000
"SmoothFixed_4_asymp","Normal2Var",724541,10000,10,100,2,1,5,0,1,1,1,1,1,1,1,1,1,10000,10000,10000
"SmoothFixed_4_asymp","Normal2Var",3240769,10000,10,100,2.5,1,5,0,1,1,1,1,1,1,1,1,1,10000,10000,10000
"SmoothFixed_4_asymp","Normal2Var",6832812,10000,10,100,1,1,3,0,0.9996,0.999084903050306,1.00011509694969,1,1,1,1,1,1,10000,10000,9996
"SmoothFixed_4_asymp","Normal2Var",10265506,10000,10,100,1,3,5,0,0.8747,0.866171926053439,0.883228073946561,0.9504,0.946144504619389,0.954655495380611,0.9713,0.96855347507261,0.97404652492739,9713,9504,8747
"SmoothFixed_4_asymp","Normal2Var",15375744,10000,10,100,1,1,5,0,1,1,1,1,1,1,1,1,1,10000,10000,10000
"SmoothFixed_4_asymp","Normal2Var",207075,10000,10,100,5,1,3,0,1,1,1,1,1,1,1,1,1,10000,10000,10000
"SmoothFixed_4_asymp","Normal2Var",55248122,10000,10,100,5,3,5,0,0.9998,0.999435735018296,1.0001642649817,0.9999,0.999704009800245,1.00009599019976,1,1,1,10000,9999,9998
"SmoothFixed_4_asymp","Normal2Var",519679,10000,10,100,5,1,5,0,1,1,1,1,1,1,1,1,1,10000,10000,10000
