"method","distribution","seed","N","n1","n2","delta","sd","g1","g2","h","null","power0.01","l_CI","u_CI","power0.05","l_CI","u_CI","power0.10","l_CI","u_CI","ct_0.10","ct_0.05","ct_0.01"
"Yuen","ghEqualK",118300,10000,10,10,0,3,1,1,0.2,1,0.005,0.00318305240581903,0.00681694759418097,0.0352,0.0315880140651437,0.0388119859348563,0.08,0.0755372268711036,0.0844627731288964,800,352,50
"Yuen","ghEqualK",17279834,10000,10,10,0,3,3,3,0.2,1,0.0037,0.00213598185986991,0.00526401814013009,0.0203,0.0175359197722208,0.0230640802277792,0.0549,0.0511529373358623,0.0586470626641377,549,203,37
"Yuen","ghEqualK",162188149,10000,10,10,0,3,-3,-3,0.2,1,0.0042,0.0025340707064416,0.0058659292935584,0.0199,0.0171627289505056,0.0226372710494944,0.0573,0.0534767740365269,0.0611232259634731,573,199,42
"Yuen","ghEqualK",109663,10000,10,10,0,3,-1,-1,0.2,1,0.0051,0.00326506509471753,0.00693493490528247,0.0347,0.0311128299753706,0.0382871700246294,0.0827,0.0781692056129443,0.0872307943870557,827,347,51
"Yuen","ghEqualK",116571227,10000,10,10,0.5,3,1,1,0.2,0,0.008,0.00570519024021598,0.010294809759784,0.0449,0.0408411438066371,0.0489588561933629,0.0952,0.090372073248443,0.100027926751557,952,449,80
"Yuen","ghEqualK",1326255,10000,10,10,0.5,3,3,3,0.2,0,0.0044,0.00269503824744835,0.00610496175255165,0.0306,0.0272242654218082,0.0339757345781918,0.0809,0.0764143896399737,0.0853856103600263,809,306,44
"Yuen","ghEqualK",25456978,10000,10,10,0.5,3,1,3,0.2,0,0.0091,0.00665385910075809,0.0115461408992419,0.0588,0.0541891001041445,0.0634108998958555,0.1299,0.124369618868561,0.135430381131439,1299,588,91
"Yuen","ghEqualK",7425135,10000,10,10,0.5,3,-1,1,0.2,0,0.0108,0.00813743762725904,0.013462562372741,0.0595,0.0548634606051496,0.0641365393948504,0.13,0.124467808503857,0.135532191496143,1300,595,108
"Yuen","ghEqualK",279834575,10000,10,10,0.5,3,-3,3,0.2,0,0.0124,0.00954932805320851,0.0152506719467915,0.0854,0.0799222702098041,0.0908777297901959,0.2012,0.194605241161923,0.207794758838077,2012,854,124
"Yuen","ghEqualK",2930955,10000,10,10,0.5,3,-1,3,0.2,0,0.0116,0.00884170176410454,0.0143582982358955,0.0723,0.0672239136853674,0.0773760863146326,0.1649,0.158795565025002,0.171004434974998,1649,723,116
"Yuen","ghEqualK",9853393,10000,10,10,0.5,3,1,-3,0.2,0,0.0137,0.0107055941757577,0.0166944058242423,0.0511,0.0467840466213825,0.0554159533786175,0.1005,0.0955540523305058,0.105445947669494,1005,511,137
"Yuen","ghEqualK",36424,10000,10,10,1,3,1,1,0.2,0,0.0174,0.01403171475587,0.02076828524413,0.0761,0.0709029022746921,0.0812970977253079,0.1466,0.14078152454374,0.15241847545626,1466,761,174
"Yuen","ghEqualK",15765359,10000,10,10,1,3,3,3,0.2,0,0.0154,0.012227978408588,0.018572021591412,0.0741,0.0689661022185478,0.0792338977814522,0.1553,0.149341967371626,0.161258032628374,1553,741,154
"Yuen","ghEqualK",33982,10000,10,10,1,3,1,3,0.2,0,0.0188,0.015301325391944,0.022298674608056,0.1106,0.104452731290858,0.116747268709142,0.2064,0.199742340522256,0.213057659477744,2064,1106,188
"Yuen","ghEqualK",24511760,10000,10,10,1,3,-1,1,0.2,0,0.0161,0.0128578412422733,0.0193421587577267,0.0952,0.0894475766364427,0.100952423363557,0.2007,0.194111379472547,0.207288620527453,2007,952,161
"Yuen","ghEqualK",113411,10000,10,10,1,3,-3,3,0.2,0,0.021,0.0173064255959301,0.0246935744040699,0.151,0.143982241964844,0.158017758035156,0.329,0.321270967893876,0.336729032106124,3290,1510,210
"Yuen","ghEqualK",186643,10000,10,10,1,3,-1,3,0.2,0,0.0189,0.015392211510723,0.022407788489277,0.1245,0.118029038405306,0.130970961594694,0.2633,0.256055028744103,0.270544971255897,2633,1245,189
"Yuen","ghEqualK",14807880,10000,10,10,1,3,1,-3,0.2,0,0.0236,0.0196896489697338,0.0275103510302662,0.0589,0.0542854260991507,0.0635145739008494,0.1025,0.0975106374420799,0.10748936255792,1025,589,236
"Yuen","ghEqualK",8342829,10000,10,10,1.5,3,1,1,0.2,0,0.0323,0.0277457434629024,0.0368542565370976,0.136,0.129281344134427,0.142718655865573,0.2325,0.225551091822497,0.239448908177503,2325,1360,323
"Yuen","ghEqualK",6013665,10000,10,10,1.5,3,3,3,0.2,0,0.0344,0.0297051285160013,0.0390948714839987,0.1386,0.131827638686071,0.145372361313929,0.2482,0.241094118650871,0.255305881349129,2482,1386,344
"Yuen","ghEqualK",1476760,10000,10,10,1.5,3,1,3,0.2,0,0.0436,0.0383397196951584,0.0488602803048416,0.1887,0.181031105567971,0.196368894432029,0.3136,0.305967926103502,0.321232073896498,3136,1887,436
"Yuen","ghEqualK",112171959,10000,10,10,1.5,3,-1,1,0.2,0,0.0288,0.024491794216213,0.033108205783787,0.1648,0.157528401056604,0.172071598943396,0.309,0.30139876489,0.31660123511,3090,1648,288
"Yuen","ghEqualK",36995859,10000,10,10,1.5,3,-3,3,0.2,0,0.0395,0.0344824340313654,0.0445175659686346,0.2798,0.271001543626658,0.288598456373342,0.5305,0.522290316874302,0.538709683125698,5305,2798,395
"Yuen","ghEqualK",20957,10000,10,10,1.5,3,-1,3,0.2,0,0.0376,0.0326997573231294,0.0425002426768706,0.2184,0.21030205796573,0.22649794203427,0.4113,0.403205458109518,0.419394541890482,4113,2184,376
"Yuen","ghEqualK",32956,10000,10,10,1.5,3,1,-3,0.2,0,0.0406,0.0355159626489114,0.0456840373510886,0.0943,0.0885719855934539,0.100028014406546,0.1461,0.140289754044709,0.151910245955291,1461,943,406
"Yuen","ghEqualK",1089829,10000,10,10,2,3,1,1,0.2,0,0.0671,0.0606549741243356,0.0735450258756644,0.2209,0.212768876985902,0.229031123014098,0.3418,0.333997552224596,0.349602447775404,3418,2209,671
"Yuen","ghEqualK",27547,10000,10,10,2,3,3,3,0.2,0,0.0721,0.0654370879843432,0.0787629120156568,0.2235,0.215334823722662,0.231665176277338,0.342,0.334196455664892,0.349803544335108,3420,2235,721
"Yuen","ghEqualK",30024,10000,10,10,2,3,1,3,0.2,0,0.0832,0.0760854927848672,0.0903145072151327,0.2815,0.272685277245426,0.290314722754574,0.4253,0.417167310488173,0.433432689511827,4253,2815,832
"Yuen","ghEqualK",11629663,10000,10,10,2,3,-1,1,0.2,0,0.0586,0.0525496323727641,0.0646503676272359,0.2661,0.257438423360242,0.274761576639758,0.4526,0.444412042615701,0.460787957384299,4526,2661,586
"Yuen","ghEqualK",1291541,10000,10,10,2,3,-3,3,0.2,0,0.0888,0.0814724431404556,0.0961275568595444,0.4741,0.464313156707579,0.483886843292421,0.7522,0.745097958301735,0.759302041698265,7522,4741,888
"Yuen","ghEqualK",3158084,10000,10,10,2,3,-1,3,0.2,0,0.0732,0.0664904342703439,0.0799095657296561,0.3399,0.33061597032327,0.34918402967673,0.5749,0.566767808273966,0.583032191726034,5749,3399,732
"Yuen","ghEqualK",4252488,10000,10,10,2,3,1,-3,0.2,0,0.0677,0.0612283050951319,0.0741716949048681,0.1457,0.138785018056307,0.152614981943693,0.2041,0.197469952238334,0.210730047761666,2041,1457,677
"Yuen","ghEqualK",7954807,10000,10,10,2.5,3,1,1,0.2,0,0.1097,0.101649601863286,0.117750398136714,0.3132,0.304109618887989,0.322290381112011,0.4503,0.442115733846534,0.458484266153466,4503,3132,1097
"Yuen","ghEqualK",412441,10000,10,10,2.5,3,3,3,0.2,0,0.1175,0.109204890009168,0.125795109990832,0.3215,0.312345777037891,0.330654222962109,0.4574,0.449204907175199,0.465595092824801,4574,3215,1175
"Yuen","ghEqualK",827151,10000,10,10,2.5,3,1,3,0.2,0,0.1436,0.13456638852875,0.15263361147125,0.3897,0.380141429245666,0.399258570754334,0.5429,0.534705330668479,0.551094669331521,5429,3897,1436
"Yuen","ghEqualK",93140,10000,10,10,2.5,3,-1,1,0.2,0,0.0995,0.0917892032146088,0.107210796785391,0.39,0.380440101255766,0.399559898744234,0.6117,0.603682871625465,0.619717128374535,6117,3900,995
"Yuen","ghEqualK",29420277,10000,10,10,2.5,3,-3,3,0.2,0,0.1775,0.167657328500859,0.187342671499141,0.6752,0.666021318535127,0.684378681464873,0.8905,0.885363232327195,0.895636767672805,8905,6752,1775
"Yuen","ghEqualK",45480288,10000,10,10,2.5,3,-1,3,0.2,0,0.1294,0.120753858709363,0.138046141290637,0.5157,0.505904832395431,0.525495167604569,0.7512,0.744088374476788,0.758311625523212,7512,5157,1294
"Yuen","ghEqualK",91374,10000,10,10,2.5,3,1,-3,0.2,0,0.0913,0.0838802117472629,0.0987197882527371,0.1914,0.183689298220888,0.199110701779112,0.2634,0.256154144901042,0.270645855098958,2634,1914,913
"Yuen","ghEqualK",13751159,10000,20,20,0,3,1,1,0.2,1,0.0072,0.00502207464379148,0.00937792535620852,0.0431,0.0391195883953541,0.0470804116046459,0.093,0.0882223864244269,0.0977776135755731,930,431,72
"Yuen","ghEqualK",5041076,10000,20,20,0,3,3,3,0.2,1,0.0029,0.00151479447287271,0.00428520552712729,0.0295,0.026183615709843,0.032816384290157,0.0763,0.0719328949083203,0.0806671050916797,763,295,29
"Yuen","ghEqualK",5397550,10000,20,20,0,3,-3,-3,0.2,1,0.0034,0.00190050245650618,0.00489949754349382,0.0304,0.0270349682476387,0.0337650317523613,0.0769,0.0725171818883309,0.0812828181116691,769,304,34
"Yuen","ghEqualK",154098,10000,20,20,0,3,-1,-1,0.2,1,0.0068,0.00468301066328241,0.00891698933671759,0.0405,0.036636276205524,0.044363723794476,0.0892,0.0845112201667811,0.0938887798332189,892,405,68
"Yuen","ghEqualK",19095,10000,20,20,0.5,3,1,1,0.2,0,0.0134,0.0104381107640318,0.0163618892359682,0.0663,0.0614234069546865,0.0711765930453135,0.1289,0.123387782217113,0.134412217782887,1289,663,134
"Yuen","ghEqualK",401661,10000,20,20,0.5,3,3,3,0.2,0,0.009,0.00656721381654696,0.011432786183453,0.0544,0.0499546162975059,0.0588453837024941,0.1181,0.112791149171904,0.123408850828096,1181,544,90
"Yuen","ghEqualK",472506,10000,20,20,0.5,3,1,3,0.2,0,0.0211,0.0173978309092231,0.0248021690907769,0.1009,0.0949965532076252,0.106803446792375,0.1858,0.179401851641928,0.192198148358072,1858,1009,211
"Yuen","ghEqualK",138032914,10000,20,20,0.5,3,-1,1,0.2,0,0.02,0.0163936,0.0236064,0.1137,0.107478047685043,0.119921952314957,0.2205,0.213680096038112,0.227319903961888,2205,1137,200
"Yuen","ghEqualK",1029370,10000,20,20,0.5,3,-3,3,0.2,0,0.0494,0.0438177634224207,0.0549822365775793,0.2705,0.261793324586273,0.279206675413727,0.4679,0.459691967746288,0.476108032253712,4679,2705,494
"Yuen","ghEqualK",350431329,10000,20,20,0.5,3,-1,3,0.2,0,0.0321,0.0275593960792441,0.0366406039207559,0.1729,0.165488048337017,0.180311951662983,0.3189,0.311233474190941,0.326566525809059,3189,1729,321
"Yuen","ghEqualK",51825445,10000,20,20,0.5,3,1,-3,0.2,0,0.0093,0.00682737409756834,0.0117726259024317,0.0481,0.0439060401072018,0.0522939598927982,0.1048,0.0997614383085646,0.109838561691435,1048,481,93
"Yuen","ghEqualK",3996145,10000,20,20,1,3,1,1,0.2,0,0.0359,0.0311075882487683,0.0406924117512317,0.1376,0.130848198554578,0.144351801445422,0.2276,0.220702794534045,0.234497205465955,2276,1376,359
"Yuen","ghEqualK",700458,10000,20,20,1,3,3,3,0.2,0,0.0345,0.0297985529927904,0.0392014470072096,0.1394,0.132611276365737,0.146188723634263,0.2336,0.226639666171684,0.240560333828316,2336,1394,345
"Yuen","ghEqualK",286231,10000,20,20,1,3,1,3,0.2,0,0.0589,0.052835131444598,0.064964868555402,0.2135,0.20546835740088,0.22153164259912,0.3336,0.325843846107664,0.341356153892336,3336,2135,589
"Yuen","ghEqualK",24274,10000,20,20,1,3,-1,1,0.2,0,0.0532,0.0474186295350171,0.0589813704649828,0.234,0.225701905336766,0.242298094663234,0.3846,0.376597065025186,0.392602934974814,3846,2340,532
"Yuen","ghEqualK",13791111,10000,20,20,1,3,-3,3,0.2,0,0.144,0.134955928500592,0.153044071499408,0.5242,0.51441148527418,0.53398851472582,0.7336,0.726327852586643,0.740872147413357,7336,5242,1440
"Yuen","ghEqualK",364994415,10000,20,20,1,3,-1,3,0.2,0,0.0879,0.0806060711248612,0.0951939288751388,0.3493,0.339955721635054,0.358644278364946,0.5454,0.537208976257445,0.553591023742555,5454,3493,879
"Yuen","ghEqualK",72961,10000,20,20,1,3,1,-3,0.2,0,0.0205,0.0168497298300537,0.0241502701699463,0.0588,0.0541891001041445,0.0634108998958555,0.1099,0.104755014572521,0.115044985427479,1099,588,205
"Yuen","ghEqualK",33108005,10000,20,20,1.5,3,1,1,0.2,0,0.0918,0.0843619696164794,0.0992380303835206,0.2641,0.255459285148184,0.272740714851816,0.3791,0.371119067744181,0.387080932255819,3791,2641,918
"Yuen","ghEqualK",1831429,10000,20,20,1.5,3,3,3,0.2,0,0.0931,0.08561485185728,0.10058514814272,0.2655,0.256844657975562,0.274155342024438,0.3792,0.371218657999158,0.387181342000842,3792,2655,931
"Yuen","ghEqualK",2162415,10000,20,20,1.5,3,1,3,0.2,0,0.1441,0.135053317217027,0.153146682782973,0.3655,0.356061226268206,0.374938773731794,0.5104,0.502176779424483,0.518623220575517,5104,3655,1441
"Yuen","ghEqualK",142721,10000,20,20,1.5,3,-1,1,0.2,0,0.1344,0.125613738658379,0.143186261341621,0.4224,0.412718745913963,0.432081254086037,0.5937,0.585620716681736,0.601779283318264,5937,4224,1344
"Yuen","ghEqualK",31197463,10000,20,20,1.5,3,-3,3,0.2,0,0.3196,0.307587555435583,0.331612444564417,0.7834,0.775326216842743,0.791473783157257,0.9267,0.922412664489012,0.930987335510988,9267,7834,3196
"Yuen","ghEqualK",90740413,10000,20,20,1.5,3,-1,3,0.2,0,0.2136,0.20304232630249,0.22415767369751,0.5972,0.587586961053569,0.606813038946431,0.7758,0.768939455367691,0.782660544632309,7758,5972,2136
"Yuen","ghEqualK",1903793,10000,20,20,1.5,3,1,-3,0.2,0,0.0469,0.0414537005668744,0.0523462994331256,0.1057,0.0996739160110732,0.111726083988927,0.1619,0.155840493621179,0.167959506378821,1619,1057,469
"Yuen","ghEqualK",102558884,10000,20,20,2,3,1,1,0.2,0,0.199,0.188715370407137,0.209284629592863,0.4292,0.419498745224581,0.43890125477542,0.5524,0.544220292457575,0.560579707542425,5524,4292,1990
"Yuen","ghEqualK",919258,10000,20,20,2,3,3,3,0.2,0,0.1939,0.183715745964406,0.204084254035594,0.4148,0.405143325251744,0.424456674748256,0.5379,0.52969866298321,0.54610133701679,5379,4148,1939
"Yuen","ghEqualK",153418245,10000,20,20,2,3,1,3,0.2,0,0.2801,0.268532526855937,0.291667473144063,0.5542,0.544457747887803,0.563942252112197,0.684,0.676352182876141,0.69164781712386,6840,5542,2801
"Yuen","ghEqualK",293239,10000,20,20,2,3,-1,1,0.2,0,0.2876,0.275939900540209,0.299260099459791,0.6545,0.645179592028242,0.663820407971757,0.8062,0.799697742181373,0.812702257818627,8062,6545,2876
"Yuen","ghEqualK",114200766,10000,20,20,2,3,-3,3,0.2,0,0.6195,0.606993267973703,0.632006732026297,0.9523,0.948122637603272,0.956477362396728,0.9919,0.990425508216376,0.993374491783624,9919,9523,6195
"Yuen","ghEqualK",58392310,10000,20,20,2,3,-1,3,0.2,0,0.4238,0.411070452620762,0.436529547379238,0.8208,0.813283013887361,0.828316986112638,0.9307,0.926522298784047,0.934877701215953,9307,8208,4238
"Yuen","ghEqualK",186322337,10000,20,20,2,3,1,-3,0.2,0,0.0868,0.0795474843824383,0.0940525156175617,0.188,0.180342041462635,0.195657958537365,0.2625,0.255262116833329,0.269737883166671,2625,1880,868
"Yuen","ghEqualK",110138367,10000,20,20,2.5,3,1,1,0.2,0,0.3226,0.310557944170158,0.334642055829842,0.5823,0.572633668073483,0.591966331926517,0.7025,0.694979745267986,0.710020254732014,7025,5823,3226
"Yuen","ghEqualK",942809,10000,20,20,2.5,3,3,3,0.2,0,0.3264,0.314321250544369,0.338478749455631,0.5616,0.551874657752531,0.571325342247469,0.6732,0.665484235212217,0.680915764787783,6732,5616,3264
"Yuen","ghEqualK",4462635,10000,20,20,2.5,3,1,3,0.2,0,0.4329,0.420136509036397,0.445663490963603,0.6918,0.682749706420143,0.700850293579857,0.8004,0.793824940144485,0.806975059855515,8004,6918,4329
"Yuen","ghEqualK",2224345,10000,20,20,2.5,3,-1,1,0.2,0,0.5005,0.487620006440002,0.513379993559998,0.8432,0.836073202820228,0.850326797179772,0.9342,0.930121515834051,0.938278484165949,9342,8432,5005
"Yuen","ghEqualK",155932392,10000,20,20,2.5,3,-3,3,0.2,0,0.8458,0.836497024312881,0.855102975687119,0.9934,0.991812951799598,0.994987048200402,0.9992,0.998734909885721,0.999665090114279,9992,9934,8458
"Yuen","ghEqualK",360443,10000,20,20,2.5,3,-1,3,0.2,0,0.668,0.655868817624914,0.680131182375086,0.9517,0.947497771427254,0.955902228572746,0.9864,0.984494706489383,0.988305293510617,9864,9517,6680
"Yuen","ghEqualK",95360,10000,20,20,2.5,3,1,-3,0.2,0,0.1612,0.151727653236401,0.170672346763599,0.2968,0.287845786388431,0.305754213611569,0.3852,0.377194730246369,0.393205269753631,3852,2968,1612
"Yuen","ghEqualK",70432,10000,100,100,0,3,1,1,0.2,1,0.009,0.00656721381654696,0.011432786183453,0.0506,0.0463040823911066,0.0548959176088934,0.0997,0.0947715868633225,0.104628413136677,997,506,90
"Yuen","ghEqualK",28522,10000,100,100,0,3,3,3,0.2,1,0.0077,0.00544828864991625,0.00995171135008375,0.0478,0.0436184806749699,0.0519815193250301,0.0956,0.0907630107157861,0.100436989284214,956,478,77
"Yuen","ghEqualK",147450,10000,100,100,0,3,-3,-3,0.2,1,0.0073,0.00510711276402639,0.00949288723597361,0.0456,0.0415111261865399,0.0496888738134601,0.0967,0.0918382217719465,0.101561778228053,967,456,73
"Yuen","ghEqualK",527449,10000,100,100,0,3,-1,-1,0.2,1,0.0085,0.00613516044552701,0.010864839554473,0.0457,0.041606859679708,0.049793140320292,0.0972,0.0923270179687998,0.1020729820312,972,457,85
"Yuen","ghEqualK",7732135,10000,100,100,0.5,3,1,1,0.2,0,0.0549,0.0490322593174354,0.0607677406825646,0.1738,0.166372826782039,0.181227173217961,0.271,0.263688368219235,0.278311631780766,2710,1738,549
"Yuen","ghEqualK",2301139,10000,100,100,0.5,3,3,3,0.2,0,0.0518,0.0460909911787968,0.0575090088212032,0.1657,0.158412502020474,0.172987497979526,0.2608,0.253577281732312,0.268022718267688,2608,1657,518
"Yuen","ghEqualK",215498,10000,100,100,0.5,3,1,3,0.2,0,0.1912,0.181069978340465,0.201330021659535,0.4188,0.409130094928615,0.428469905071385,0.5464,0.538210492771747,0.554589507228253,5464,4188,1912
"Yuen","ghEqualK",288662312,10000,100,100,0.5,3,-1,1,0.2,0,0.2845,0.272877707181386,0.296122292818614,0.5649,0.555182906080602,0.574617093919398,0.6927,0.685110384470029,0.700289615529971,6927,5649,2845
"Yuen","ghEqualK",63784,10000,100,100,0.5,3,-3,3,0.2,0,0.8983,0.890513952748876,0.906086047251124,0.9822,0.979608411540078,0.984791588459922,0.9942,0.99295084371198,0.99544915628802,9942,9822,8983
"Yuen","ghEqualK",80050145,10000,100,100,0.5,3,-1,3,0.2,0,0.6116,0.599044927998369,0.624155072001631,0.8563,0.849424608586444,0.863175391413556,0.9228,0.918409354785866,0.927190645214134,9228,8563,6116
"Yuen","ghEqualK",91049,10000,100,100,0.5,3,1,-3,0.2,0,0.02,0.0163936,0.0236064,0.1013,0.095386179139541,0.107213820860459,0.1871,0.180684635186681,0.193515364813319,1871,1013,200
"Yuen","ghEqualK",20317905,10000,100,100,1,3,1,1,0.2,0,0.2934,0.2816709529076,0.3051290470924,0.5306,0.520818369872951,0.540381630127049,0.6577,0.649894813714409,0.665505186285591,6577,5306,2934
"Yuen","ghEqualK",77629,10000,100,100,1,3,3,3,0.2,0,0.2641,0.252743631909041,0.275456368090959,0.4937,0.483900777954878,0.503499222045122,0.6141,0.606092022573273,0.622107977426727,6141,4937,2641
"Yuen","ghEqualK",20186,10000,100,100,1,3,1,3,0.2,0,0.5608,0.548015580087437,0.573584419912563,0.7868,0.778772471665475,0.794827528334525,0.8684,0.862838988997709,0.873961011002291,8684,7868,5608
"Yuen","ghEqualK",199421,10000,100,100,1,3,-1,1,0.2,0,0.7327,0.72129990596091,0.74410009403909,0.9137,0.908196191917445,0.919203808082555,0.959,0.955738126351696,0.962261873648304,9590,9137,7327
"Yuen","ghEqualK",326144448,10000,100,100,1,3,-3,3,0.2,0,0.9988,0.997908182996206,0.999691817003794,1,1,1,1,1,1,10000,10000,9988
"Yuen","ghEqualK",911344,10000,100,100,1,3,-1,3,0.2,0,0.9423,0.936293404853655,0.948306595146345,0.9924,0.990697817013832,0.994102182986168,0.9976,0.996795085514107,0.998404914485893,9976,9924,9423
"Yuen","ghEqualK",39982,10000,100,100,1,3,1,-3,0.2,0,0.0166,0.0133087186816463,0.0198912813183537,0.0602,0.0555380024888895,0.0648619975111104,0.1088,0.103677665459734,0.113922334540266,1088,602,166
"Yuen","ghEqualK",23662215,10000,100,100,1.5,3,1,1,0.2,0,0.6651,0.652942426428624,0.677257573571376,0.8505,0.84351101953358,0.85748898046642,0.9133,0.908671053302988,0.917928946697012,9133,8505,6651
"Yuen","ghEqualK",112082047,10000,100,100,1.5,3,3,3,0.2,0,0.6155,0.602968355697611,0.628031644302389,0.8142,0.806576674296765,0.821823325703235,0.8831,0.87781459708064,0.88838540291936,8831,8142,6155
"Yuen","ghEqualK",338951,10000,100,100,1.5,3,1,3,0.2,0,0.8699,0.86123399026849,0.87856600973151,0.9605,0.956682286762995,0.964317713237005,0.9816,0.979389237503123,0.983810762496877,9816,9605,8699
"Yuen","ghEqualK",885500,10000,100,100,1.5,3,-1,1,0.2,0,0.9676,0.963038934661877,0.972161065338123,0.9965,0.995342479356556,0.997657520643444,0.9988,0.998230497293773,0.999369502706227,9988,9965,9676
"Yuen","ghEqualK",60484,10000,100,100,1.5,3,-3,3,0.2,0,1,1,1,1,1,1,1,1,1,10000,10000,10000
"Yuen","ghEqualK",53985,10000,100,100,1.5,3,-1,3,0.2,0,0.999,0.99818580467798,0.99981419532202,0.9999,0.999704009800245,1.00009599019976,1,1,1,10000,9999,9990
"Yuen","ghEqualK",345829783,10000,100,100,1.5,3,1,-3,0.2,0,0.1068,0.0988437972426681,0.114756202757332,0.2328,0.224516729262809,0.241083270737191,0.3284,0.320674567180565,0.336125432819435,3284,2328,1068
"Yuen","ghEqualK",160163134,10000,100,100,2,3,1,1,0.2,0,0.9101,0.902731649747669,0.917468350252331,0.9736,0.970457695137896,0.976742304862104,0.9875,0.98567236502294,0.989327634977061,9875,9736,9101
"Yuen","ghEqualK",11924099,10000,100,100,2,3,3,3,0.2,0,0.8837,0.875441747765329,0.891958252234672,0.9666,0.963078297220037,0.970121702779963,0.9847,0.982680873230633,0.986719126769367,9847,9666,8837
"Yuen","ghEqualK",2164810,10000,100,100,2,3,1,3,0.2,0,0.9817,0.978247284463276,0.985152715536724,0.9966,0.995459077956037,0.997740922043963,0.9982,0.997502714012833,0.998897285987167,9982,9966,9817
"Yuen","ghEqualK",41436,10000,100,100,2,3,-1,1,0.2,0,0.9992,0.998471688672108,0.999928311327892,1,1,1,1,1,1,10000,10000,9992
"Yuen","ghEqualK",494744,10000,100,100,2,3,-3,3,0.2,0,1,1,1,1,1,1,1,1,1,10000,10000,10000
"Yuen","ghEqualK",4963453,10000,100,100,2,3,-1,3,0.2,0,1,1,1,1,1,1,1,1,1,10000,10000,10000
"Yuen","ghEqualK",189296190,10000,100,100,2,3,1,-3,0.2,0,0.3343,0.322147844295707,0.346452155704293,0.5417,0.531934141716285,0.551465858283715,0.6529,0.645069012271241,0.660730987728759,6529,5417,3343
"Yuen","ghEqualK",12306659,10000,100,100,2.5,3,1,1,0.2,0,0.9897,0.987099144307653,0.992300855692347,0.9978,0.996881690321515,0.998718309678485,0.9992,0.998734909885721,0.999665090114279,9992,9978,9897
"Yuen","ghEqualK",6857429,10000,100,100,2.5,3,3,3,0.2,0,0.9814,0.977919630471702,0.984880369528298,0.9967,0.995575925048051,0.997824074951949,0.9988,0.998230497293773,0.999369502706227,9988,9967,9814
"Yuen","ghEqualK",231186128,10000,100,100,2.5,3,1,3,0.2,0,0.9984,0.997370424649992,0.999429575350008,0.9997,0.99936056896783,1.00003943103217,0.9998,0.999567385133966,1.00003261486603,9998,9997,9984
"Yuen","ghEqualK",1406553,10000,100,100,2.5,3,-1,1,0.2,0,1,1,1,1,1,1,1,1,1,10000,10000,10000
"Yuen","ghEqualK",94189,10000,100,100,2.5,3,-3,3,0.2,0,1,1,1,1,1,1,1,1,1,10000,10000,10000
"Yuen","ghEqualK",68185768,10000,100,100,2.5,3,-1,3,0.2,0,1,1,1,1,1,1,1,1,1,10000,10000,10000
"Yuen","ghEqualK",65242,10000,100,100,2.5,3,1,-3,0.2,0,0.6524,0.640132877031633,0.664667122968366,0.824,0.81653592471635,0.83146407528365,0.887,0.881792048466287,0.892207951533713,8870,8240,6524
"Yuen","ghEqualK",121648,10000,10,100,0,3,1,1,0.2,1,0.0298,0.0254198939478483,0.0341801060521517,0.0766,0.0713872680722677,0.0818127319277323,0.1235,0.118087781252631,0.128912218747369,1235,766,298
"Yuen","ghEqualK",24614,10000,10,100,0,3,3,3,0.2,1,0.0657,0.0593177807742623,0.0720822192257377,0.1168,0.110504836373723,0.123095163626277,0.1585,0.152492308879913,0.164507691120087,1585,1168,657
"Yuen","ghEqualK",68301,10000,10,100,0,3,-3,-3,0.2,1,0.0639,0.0575997554057081,0.0702002445942919,0.1148,0.108551903650423,0.121048096349577,0.1569,0.15091702871142,0.16288297128858,1569,1148,639
"Yuen","ghEqualK",229939,10000,10,100,0,3,-1,-1,0.2,1,0.0263,0.0221777310992785,0.0304222689007215,0.0708,0.065772786833881,0.075827213166119,0.117,0.111712636301757,0.122287363698243,1170,708,263
"Yuen","ghEqualK",1152278,10000,10,100,0.5,3,1,1,0.2,0,0.0599,0.0537871140060178,0.0660128859939822,0.1281,0.121549658007218,0.134650341992782,0.1869,0.18048727622184,0.19331272377816,1869,1281,599
"Yuen","ghEqualK",3888155,10000,10,100,0.5,3,3,3,0.2,0,0.1189,0.110562240063572,0.127237759936428,0.1846,0.17699573447239,0.19220426552761,0.2314,0.224462583488135,0.238337416511865,2314,1846,1189
"Yuen","ghEqualK",26832973,10000,10,100,0.5,3,1,3,0.2,0,0.0937,0.0861932553326321,0.101206744667368,0.1847,0.177094141522116,0.192305858477884,0.2514,0.244263694224664,0.258536305775336,2514,1847,937
"Yuen","ghEqualK",738590,10000,10,100,0.5,3,-1,1,0.2,0,0.0215,0.0177636676199246,0.0252363323800754,0.0821,0.0767194665604236,0.0874805334395764,0.1634,0.157317937782701,0.169482062217299,1634,821,215
"Yuen","ghEqualK",124463969,10000,10,100,0.5,3,-3,3,0.2,0,0.0337,0.0290514575751687,0.0383485424248313,0.182,0.174437447245804,0.189562552754196,0.3866,0.378589332367705,0.394610667632295,3866,1820,337
"Yuen","ghEqualK",99171280,10000,10,100,0.5,3,-1,3,0.2,0,0.0366,0.0317628481365432,0.0414371518634568,0.1431,0.136236573935533,0.149963426064467,0.261,0.253775490355913,0.268224509644087,2610,1431,366
"Yuen","ghEqualK",29542446,10000,10,100,0.5,3,1,-3,0.2,0,0.0188,0.015301325391944,0.022298674608056,0.0617,0.056984046529322,0.066415953470678,0.1087,0.103579732770961,0.113820267229039,1087,617,188
"Yuen","ghEqualK",50953,10000,10,100,1,3,1,1,0.2,0,0.103,0.0951700192821693,0.110829980717831,0.1982,0.190386584452264,0.206013415547736,0.2725,0.265175707927767,0.279824292072233,2725,1982,1030
"Yuen","ghEqualK",21865854,10000,10,100,1,3,3,3,0.2,0,0.1688,0.159150943551359,0.178449056448641,0.2523,0.243787083238184,0.260812916761816,0.3094,0.301796048398162,0.317003951601838,3094,2523,1688
"Yuen","ghEqualK",172480,10000,10,100,1,3,1,3,0.2,0,0.1479,0.138755178593828,0.157044821406172,0.2726,0.263872182721986,0.281327817278014,0.3587,0.350810268738938,0.366589731261062,3587,2726,1479
"Yuen","ghEqualK",54190,10000,10,100,1,3,-1,1,0.2,0,0.0446,0.0392825194931073,0.0499174805068927,0.1626,0.155367593626019,0.169832406373981,0.3015,0.293950941936614,0.309049058063386,3015,1626,446
"Yuen","ghEqualK",5643349,10000,10,100,1,3,-3,3,0.2,0,0.1253,0.116771926053439,0.133828073946561,0.4435,0.433762769118481,0.453237230881519,0.6919,0.684304901391688,0.699495098608311,6919,4435,1253
"Yuen","ghEqualK",2007689,10000,10,100,1,3,-1,3,0.2,0,0.073,0.0662988836922793,0.0797011163077207,0.2618,0.253183559112859,0.270416440887141,0.4359,0.427742869944522,0.444057130055478,4359,2618,730
"Yuen","ghEqualK",942451,10000,10,100,1,3,1,-3,0.2,0,0.031,0.0265353379157656,0.0354646620842344,0.0811,0.0757494229277208,0.0864505770722792,0.1335,0.12790511945218,0.13909488054782,1335,811,310
"Yuen","ghEqualK",11117522,10000,10,100,1.5,3,1,1,0.2,0,0.1611,0.151630027320213,0.170569972679787,0.2989,0.289927592030765,0.307872407969235,0.3853,0.377294342365816,0.393305657634184,3853,2989,1611
"Yuen","ghEqualK",10427202,10000,10,100,1.5,3,3,3,0.2,0,0.2374,0.226439392738528,0.248360607261472,0.3321,0.322869053564536,0.341330946435464,0.3959,0.387855240393773,0.403944759606227,3959,3321,2374
"Yuen","ghEqualK",329627073,10000,10,100,1.5,3,1,3,0.2,0,0.2114,0.200882155722815,0.221917844277185,0.37,0.360537035559615,0.379462964440385,0.4652,0.456994945792476,0.473405054207524,4652,3700,2114
"Yuen","ghEqualK",70452377,10000,10,100,1.5,3,-1,1,0.2,0,0.0943,0.0867717524942537,0.101828247505746,0.3115,0.30242311006787,0.32057688993213,0.5062,0.497975632362309,0.514424367637691,5062,3115,943
"Yuen","ghEqualK",1753928,10000,10,100,1.5,3,-3,3,0.2,0,0.2927,0.280979151593946,0.304420848406054,0.6657,0.656453794572821,0.674946205427179,0.8626,0.85693677266507,0.86826322733493,8626,6657,2927
"Yuen","ghEqualK",242718,10000,10,100,1.5,3,-1,3,0.2,0,0.153,0.14372672200559,0.16227327799441,0.4528,0.443043763379991,0.462556236620009,0.658,0.650196455664892,0.665803544335108,6580,4528,1530
"Yuen","ghEqualK",22739424,10000,10,100,1.5,3,1,-3,0.2,0,0.0564,0.0504573606169056,0.0623426393830944,0.1311,0.124484810100504,0.137715189899496,0.1903,0.183842753492333,0.196757246507667,1903,1311,564
"Yuen","ghEqualK",11857728,10000,10,100,2,3,1,1,0.2,0,0.2294,0.218569286499511,0.240230713500488,0.3856,0.376059960179203,0.395140039820797,0.4864,0.478178043154966,0.494621956845034,4864,3856,2294
"Yuen","ghEqualK",112122314,10000,10,100,2,3,3,3,0.2,0,0.2902,0.278508706580737,0.301891293419263,0.408,0.398367322814503,0.417632677185497,0.4854,0.477178507229761,0.493621492770239,4854,4080,2902
"Yuen","ghEqualK",4683326,10000,10,100,2,3,1,3,0.2,0,0.2802,0.268631265737096,0.291768734262904,0.4687,0.458919220772883,0.478480779227117,0.5685,0.560352553134915,0.576647446865085,5685,4687,2802
"Yuen","ghEqualK",11396299,10000,10,100,2,3,-1,1,0.2,0,0.1695,0.159835029598721,0.179164970401279,0.4897,0.479902079584647,0.499497920415353,0.7081,0.700621228799463,0.715578771200536,7081,4897,1695
"Yuen","ghEqualK",325089,10000,10,100,2,3,-3,3,0.2,0,0.4353,0.422528288899117,0.448071711100883,0.8103,0.802615552351301,0.817984447648699,0.9441,0.940320965949879,0.947879034050121,9441,8103,4353
"Yuen","ghEqualK",139495269,10000,10,100,2,3,-1,3,0.2,0,0.2662,0.254814850494848,0.277585149505152,0.6424,0.633005847791397,0.651794152208603,0.8396,0.833563234592632,0.845636765407368,8396,6424,2662
"Yuen","ghEqualK",4377422,10000,10,100,2,3,1,-3,0.2,0,0.1078,0.0998111117067006,0.115788888293299,0.2146,0.206553326522444,0.222646673477556,0.2868,0.279360202017501,0.294239797982499,2868,2146,1078
"Yuen","ghEqualK",294949,10000,10,100,2.5,3,1,1,0.2,0,0.3138,0.30184642845699,0.32575357154301,0.5011,0.491300023716029,0.510899976283971,0.6069,0.598865182941412,0.614934817058588,6069,5011,3138
"Yuen","ghEqualK",231854825,10000,10,100,2.5,3,3,3,0.2,0,0.3542,0.341879760299932,0.366520239700068,0.4906,0.480801732009054,0.500398267990946,0.5721,0.563960963063238,0.580239036936762,5721,4906,3542
"Yuen","ghEqualK",53431,10000,10,100,2.5,3,1,3,0.2,0,0.365,0.352598359050513,0.377401640949487,0.5626,0.552877111069317,0.572322888930683,0.6611,0.653313625908616,0.668886374091384,6611,5626,3650
"Yuen","ghEqualK",204589787,10000,10,100,2.5,3,-1,1,0.2,0,0.3039,0.29205194598085,0.31574805401915,0.6913,0.682245641948233,0.700354358051767,0.8664,0.860803347357429,0.871996652642571,8664,6913,3039
"Yuen","ghEqualK",496051,10000,10,100,2.5,3,-3,3,0.2,0,0.5493,0.536482762338203,0.562117237661797,0.8933,0.887248863523469,0.899351136476531,0.9771,0.974639331271184,0.979560668728816,9771,8933,5493
"Yuen","ghEqualK",21070,10000,10,100,2.5,3,-1,3,0.2,0,0.406,0.393349662916491,0.418650337083509,0.7935,0.785566048069215,0.801433951930785,0.9298,0.925597291878336,0.934002708121664,9298,7935,4060
"Yuen","ghEqualK",6465186,10000,10,100,2.5,3,1,-3,0.2,0,0.1682,0.158564631860703,0.177835368139297,0.3036,0.294587685553289,0.312612314446711,0.3964,0.388353493976166,0.404446506023834,3964,3036,1682
