"method","distribution","seed","N","n1","n2","delta","sd","null","power0.01","l_CI","u_CI","power0.05","l_CI","u_CI","power0.10","l_CI","u_CI"
"Yuen","Logistic",155280,1000,10,10,0,1,1,0.011,0.00250349441805633,0.0194965055819437,0.05,0.0364916322229516,0.0635083677770484,0.096,0.0806755204460315,0.111324479553969
"Yuen","Logistic",5472394,1000,10,10,0,3,1,0.007,0.000208440607931048,0.013791559392069,0.044,0.031288074009026,0.056711925990974,0.094,0.0788192255434711,0.109180774456529
"Yuen","Logistic",890437,1000,10,10,0.5,1,0,0.021,0.00931989217584016,0.0326801078241598,0.078,0.0613785528427877,0.0946214471572123,0.151,0.132374487954019,0.169625512045981
"Yuen","Logistic",1204537,1000,10,10,1.5,1,0,0.157,0.127364690158934,0.186635309841066,0.385,0.354840509951261,0.415159490048739,0.542,0.516082191028175,0.567917808971825
"Yuen","Logistic",187566030,1000,10,10,2,1,0,0.297,0.259777825066017,0.334222174933983,0.604,0.573687473638774,0.634312526361226,0.738,0.715125862422815,0.760874137577185
"Yuen","Logistic",242829,1000,10,10,2.5,1,0,0.468,0.427353364648768,0.508646635351232,0.79,0.764754773916639,0.815245226083361,0.888,0.871594805017922,0.904405194982078
"Yuen","Logistic",34451,1000,10,10,0.5,3,0,0.005,-0.000745692786775151,0.0107456927867752,0.052,0.038238622394542,0.065761377605458,0.097,0.0816044345418884,0.112395565458112
"Yuen","Logistic",164421,1000,10,10,1.5,3,0,0.015,0.00509830366048322,0.0249016963395168,0.079,0.062281418289819,0.095718581710181,0.159,0.139977724716139,0.178022275283861
"Yuen","Logistic",70388483,1000,10,10,2,3,0,0.027,0.0137966492398331,0.0402033507601669,0.109,0.0896844013709127,0.128315598629087,0.187,0.166717009915326,0.207282990084674
"Yuen","Logistic",79584699,1000,10,10,2.5,3,0,0.046,0.0289352880486074,0.0630647119513926,0.132,0.111020124843079,0.152979875156921,0.243,0.22068910569307,0.26531089430693
"Yuen","Logistic",1312735,1000,20,20,0,1,1,0.01,0.00189480522134107,0.0181051947786589,0.044,0.031288074009026,0.056711925990974,0.105,0.0890532542700713,0.120946745729929
"Yuen","Logistic",1901175,1000,20,20,0,3,1,0.011,0.00250349441805633,0.0194965055819437,0.054,0.0399912779169547,0.0680087220830453,0.111,0.0946590134638388,0.127340986536161
"Yuen","Logistic",3075582,1000,20,20,0.5,1,0,0.049,0.0314153326496064,0.0665846673503936,0.139,0.117558012069773,0.160441987930227,0.213,0.191701791700357,0.234298208299643
"Yuen","Logistic",4279381,1000,20,20,1.5,1,0,0.444,0.403526129336768,0.484473870663232,0.725,0.697324758356972,0.752675241643028,0.814,0.79375887826478,0.83424112173522
"Yuen","Logistic",62464583,1000,20,20,2,1,0,0.756,0.721013405652107,0.790986594347893,0.926,0.909775272008443,0.942224727991557,0.967,0.957707424265845,0.976292575734155
"Yuen","Logistic",47367204,1000,20,20,2.5,1,0,0.927,0.905809209601905,0.948190790398095,0.985,0.977466100611237,0.992533899388763,0.995,0.991330875530184,0.998669124469816
"Yuen","Logistic",17496177,1000,20,20,0.5,3,0,0.009,0.00130685460010016,0.0166931453998998,0.057,0.0426302455970883,0.0713697544029117,0.119,0.102156694060399,0.135843305939601
"Yuen","Logistic",203534,1000,20,20,1.5,3,0,0.045,0.0281129495292991,0.0618870504707009,0.152,0.129747654649453,0.174252345350547,0.248,0.225535297945443,0.270464702054557
"Yuen","Logistic",21895,1000,20,20,2,3,0,0.075,0.0535440693513425,0.0964559306486575,0.215,0.189536967187705,0.240463032812295,0.319,0.294754295948045,0.343245704051955
"Yuen","Logistic",19496,1000,20,20,2.5,3,0,0.135,0.107163104655871,0.162836895344129,0.316,0.287184400224878,0.344815599775122,0.455,0.429095819847465,0.480904180152535
"Yuen","Logistic",16832947,1000,100,100,0,1,1,0.008,0.000743174362298623,0.0152568256377014,0.061,0.0461661533512039,0.0758338466487961,0.108,0.0918541762551426,0.124145823744857
"Yuen","Logistic",27549,1000,100,100,0,3,1,0.01,0.00189480522134107,0.0181051947786589,0.051,0.0373643995951773,0.0646356004048227,0.1,0.0843941597470691,0.115605840252931
"Yuen","Logistic",823189,1000,100,100,0.5,1,0,0.276,0.239585891423461,0.312414108576539,0.521,0.490037024458234,0.551962975541766,0.633,0.607927318177447,0.658072681822553
"Yuen","Logistic",34214492,1000,100,100,1.5,1,0,1,1,1,1,1,1,1,1,1
"Yuen","Logistic",413485,1000,100,100,2,1,0,1,1,1,1,1,1,1,1,1
"Yuen","Logistic",20255967,1000,100,100,2.5,1,0,1,1,1,1,1,1,1,1,1
"Yuen","Logistic",23717998,1000,100,100,0.5,3,0,0.032,0.017662992035435,0.046337007964565,0.118,0.098004541475625,0.137995458524375,0.18,0.160014773206191,0.199985226793809
"Yuen","Logistic",73016,1000,100,100,1.5,3,0,0.281,0.244384626899839,0.317615373100161,0.525,0.494048441073187,0.555951558926813,0.64,0.61503065559531,0.66496934440469
"Yuen","Logistic",16940466,1000,100,100,2,3,0,0.524,0.483316811911749,0.564683188088251,0.756,0.729379765170082,0.782620234829918,0.838,0.818833385017171,0.857166614982829
"Yuen","Logistic",2919347,1000,100,100,2.5,3,0,0.757,0.722062088915105,0.791937911084895,0.905,0.886826349843799,0.923173650156201,0.951,0.939770660795265,0.962229339204735
"Yuen","Logistic",585538,1000,10,100,0,1,1,0.015,0.00509830366048322,0.0249016963395168,0.059,0.0443958296914888,0.0736041703085112,0.11,0.0937236414545513,0.126276358545449
"Yuen","Logistic",6775471,1000,10,100,0,3,1,0.017,0.00646954641356793,0.0275304535864321,0.053,0.0391142610711565,0.0668857389288435,0.107,0.0909200934463225,0.123079906553677
"Yuen","Logistic",137979220,1000,10,100,0.5,1,0,0.041,0.0248472269704549,0.0571527730295451,0.126,0.105431763361921,0.146568236638079,0.191,0.170551717016458,0.211448282983542
"Yuen","Logistic",29071,1000,10,100,1.5,1,0,0.311,0.273291811956765,0.348708188043235,0.583,0.552439646310947,0.613560353689053,0.736,0.713069856485403,0.758930143514597
"Yuen","Logistic",56954,1000,10,100,2,1,0,0.5,0.459269863737031,0.540730136262969,0.817,0.793034160611404,0.840965839388596,0.909,0.894038727260858,0.923961272739142
"Yuen","Logistic",49972,1000,10,100,2.5,1,0,0.702,0.664741741907384,0.739258258092616,0.937,0.921940999714457,0.952059000285544,0.978,0.970369611156697,0.985630388843303
"Yuen","Logistic",964319,1000,10,100,0.5,3,0,0.019,0.00787865885497617,0.0301213411450238,0.065,0.0497201688491005,0.0802798311508995,0.118,0.1012180973099,0.1347819026901
"Yuen","Logistic",210942301,1000,10,100,1.5,3,0,0.045,0.0281129495292991,0.0618870504707009,0.136,0.114753744649939,0.157246255350061,0.216,0.194593246448842,0.237406753551158
"Yuen","Logistic",3315774,1000,10,100,2,3,0,0.069,0.0483535568568337,0.0896464431431663,0.196,0.171395636679646,0.220604363320354,0.299,0.275184456042849,0.322815543957151
"Yuen","Logistic",297225708,1000,10,100,2.5,3,0,0.094,0.0702275531914782,0.117772446808522,0.284,0.256050647406425,0.311949352593575,0.396,0.370559129661114,0.421440870338886
