"method","distribution","seed","N","n1","n2","delta","scale1","scale2","null","power0.01","l_CI","u_CI","power0.05","l_CI","u_CI","power0.10","l_CI","u_CI","ct_0.10","ct_0.05","ct_0.01"
"BM","Cauchy",8328822,10000,10,10,0,1,1,1,0.0176,0.0142127568787251,0.0209872431212749,0.0542,0.049762326260573,0.058637673739427,0.1031,0.0980977286449079,0.108102271355092,1031,542,176
"BM","Cauchy",45895,10000,10,10,0,0.5,0.5,1,0.016,0.0127677614979089,0.0192322385020911,0.059,0.0543817558488101,0.0636182441511899,0.1049,0.0998593165509055,0.109940683449094,1049,590,160
"BM","Cauchy",81807745,10000,10,10,0,2,2,1,0.0159,0.012677714353608,0.019122285646392,0.0547,0.0502430828249114,0.0591569171750886,0.1008,0.0958475019016258,0.105752498098374,1008,547,159
"BM","Cauchy",10381690,10000,10,10,0.5,1,1,0,0.0361036103610361,0.0312981350288264,0.0409090856932458,0.0947094709470947,0.0889703316592767,0.100448610234913,0.158115811581158,0.152114036312914,0.164117586849403,1581,947,361
"BM","Cauchy",228482,10000,10,10,0.5,0.5,0.5,0,0.0915457728864432,0.0841170094029648,0.0989745363699216,0.202301150575288,0.194427525504022,0.210174775646554,0.293946973486743,0.286452880832058,0.301441066141429,2938,2022,915
"BM","Cauchy",70892,10000,10,10,0.5,2,2,0,0.0205020502050205,0.0168516013282846,0.0241524990817564,0.0665066506650665,0.061623004123986,0.071390297206147,0.115411541154115,0.110155470955119,0.120667611353111,1154,665,205
"BM","Cauchy",49395317,10000,10,10,0.5,0.5,2,0,0.0271054210842168,0.0229222384141519,0.0312886037542818,0.0777155431086217,0.0724681637892196,0.0829629224280238,0.134026805361072,0.128422601050994,0.13963100967115,1340,777,271
"BM","Cauchy",508613,10000,10,10,0.5,1,2,0,0.0241,0.0201494547649541,0.0280505452350459,0.0739,0.0687724815391458,0.0790275184608541,0.1234,0.117989664271498,0.128810335728502,1234,739,241
"BM","Cauchy",238849,10000,10,10,1,1,1,0,0.0886265879763929,0.0813054928337869,0.0959476831189989,0.201760528158448,0.19389476665621,0.209626289660685,0.292187656296889,0.28470672096097,0.299668591632808,2921,2017,886
"BM","Cauchy",23964095,10000,10,10,1,0.5,0.5,0,0.27390076643808,0.262412871063224,0.285388661812935,0.472872125857201,0.463086560550319,0.482657691164082,0.591468334005647,0.583382133349207,0.599554534662088,5865,4689,2716
"BM","Cauchy",141929194,10000,10,10,1,2,2,0,0.0358,0.0310140193810739,0.0405859806189261,0.0951,0.08935028095309,0.10084971904691,0.1541,0.148160816630464,0.160039183369536,1541,951,358
"BM","Cauchy",8349530,10000,10,10,1,0.5,2,0,0.0658592733460114,0.0594698674314599,0.072248679260563,0.145530977880092,0.138619324400699,0.152442631359485,0.231107997197478,0.224173642359354,0.238042352035602,2309,1454,658
"BM","Cauchy",87008298,10000,10,10,1,1,2,0,0.0485097019403881,0.0429754064447359,0.0540439974360403,0.115823164632927,0.109550914763404,0.122095414502449,0.182136427285457,0.175787435843939,0.188485418726975,1821,1158,485
"BM","Cauchy",1292258,10000,10,10,1.5,1,1,0,0.182292188910057,0.172346635321892,0.192237742498222,0.340018048731575,0.330733237337309,0.349302860125841,0.448912062568936,0.440730109342237,0.457094015795635,4477,3391,1818
"BM","Cauchy",7581857,10000,10,10,1.5,0.5,0.5,0,0.449617214980343,0.436802771644278,0.462431658316409,0.664080281398717,0.654822986202595,0.67333757659484,0.771466997723981,0.764559845283555,0.778374150164407,7457,6419,4346
"BM","Cauchy",6228449,10000,10,10,1.5,2,2,0,0.0524052405240524,0.046664808968519,0.0581456720795858,0.136113611361136,0.129392591706492,0.142834631015781,0.216121612161216,0.209350822117427,0.222892402205006,2161,1361,524
"BM","Cauchy",314265811,10000,10,10,1.5,0.5,2,0,0.113927855711423,0.105743295231906,0.12211241619094,0.230861723446894,0.222602594427306,0.239120852466482,0.330761523046092,0.323022006288791,0.338501039803393,3301,2304,1137
"BM","Cauchy",21359,10000,10,10,1.5,1,2,0,0.0878527116269762,0.0805605559811049,0.0951448672728474,0.194016409845908,0.186265754893681,0.201767064798134,0.284670802481489,0.27724761650825,0.292093988454728,2845,1939,878
"BM","Cauchy",22567607,10000,10,10,2,1,1,0,0.267117071695069,0.255719456667059,0.278514686723079,0.461833215690229,0.452061808789868,0.47160462259059,0.582837551678935,0.574726217977412,0.590948885380458,5780,4580,2649
"BM","Cauchy",90754,10000,10,10,2,0.5,0.5,0,0.558602677113941,0.545811449930541,0.57139390429734,0.762759821525737,0.754422163148121,0.771097479903353,0.859723582544347,0.854010932039769,0.865436233048924,7900,7009,5133
"BM","Cauchy",25352,10000,10,10,2,2,2,0,0.0941470735367684,0.0866242977676192,0.101669849305918,0.200100050025012,0.192258579672769,0.207941520377256,0.289244622311156,0.281785999826594,0.296703244795717,2891,2000,941
"BM","Cauchy",250407449,10000,10,10,2,0.5,2,0,0.185315741766542,0.175306603763739,0.195324879769345,0.339409809648504,0.330129032882551,0.348690586414458,0.463390069493403,0.455187146844498,0.471592992142308,4601,3370,1840
"BM","Cauchy",48088,10000,10,10,2,1,2,0,0.143644747393745,0.134609964589625,0.152679530197865,0.289093825180433,0.280208330271533,0.297979320089333,0.395850040096231,0.387805455474665,0.403894624717796,3949,2884,1433
"BM","Cauchy",19446,10000,10,10,2.5,1,1,0,0.366385014761275,0.353973424500153,0.378796605022396,0.578743764634022,0.5690660590688,0.588421470199244,0.696528555431131,0.688965552282877,0.704091558579385,6842,5685,3599
"BM","Cauchy",166292,10000,10,10,2.5,0.5,0.5,0,0.63409249360911,0.621684321060935,0.646500666157285,0.822217057866605,0.814723391437358,0.829710724295851,0.903904252846851,0.899056067651357,0.908752438042345,7779,7076,5457
"BM","Cauchy",24889527,10000,10,10,2.5,2,2,0,0.133326655314034,0.124570124693348,0.14208318593472,0.269057397575879,0.260365388371652,0.277749406780106,0.367424621857157,0.359494019548337,0.375355224165977,3668,2686,1331
"BM","Cauchy",6488134,10000,10,10,2.5,0.5,2,0,0.248153768335862,0.237026954813563,0.259280581858162,0.417096611026808,0.407432260085661,0.426760961967955,0.552149721800708,0.543969581447128,0.560329862154289,5458,4123,2453
"BM","Cauchy",161853,10000,10,10,2.5,1,2,0,0.201386795296955,0.191056098922379,0.211717491671531,0.367902723344388,0.358450923150901,0.377354523537874,0.489197065621546,0.480973985616427,0.497420145626665,4868,3661,2004
"BM","Cauchy",4734120,10000,10,10,5,1,1,0,0.63939182915506,0.627022470530003,0.651761187780118,0.826601671309192,0.819181282454006,0.834022060164379,0.907033426183844,0.902256583254136,0.911810269113552,7815,7122,5509
"BM","Cauchy",5469725,10000,10,10,5,0.5,0.5,0,0.798421571851365,0.788087201600747,0.808755942101982,0.923051627754028,0.917828041308967,0.92827521419909,0.969089115422558,0.96624201046955,0.971936220375566,5894,5614,4856
"BM","Cauchy",64548079,10000,10,10,5,2,2,0,0.367440439828955,0.355021342041063,0.379859537616848,0.587456729790267,0.577807808438613,0.59710565114192,0.698635715740175,0.691087623741012,0.706183807739339,6862,5770,3609
"BM","Cauchy",9242885,10000,10,10,5,0.5,2,0,0.535702350451153,0.522855227597461,0.548549473304845,0.706917678511752,0.697996231423387,0.715839125600118,0.838030522446252,0.831969967244826,0.844091077647677,7523,6346,4809
"BM","Cauchy",30837021,10000,10,10,5,1,2,0,0.477686125211506,0.46481895774017,0.490553292682842,0.682106598984772,0.672979706106763,0.69123349186278,0.797800338409476,0.791193354903962,0.804407321914989,7544,6450,4517
"BM","Cauchy",44602012,10000,10,10,5,0.5,1,0,0.712645195353749,0.700988061831853,0.724302328875644,0.865496304118268,0.858808927395232,0.872183680841304,0.943637803590285,0.939844107628009,0.947431499552562,7149,6557,5399
"BM","Cauchy",13669089,10000,10,10,0.5,0.5,1,0,0.0493049304930493,0.0437277891005808,0.0548820718855178,0.122112211221122,0.115694870131363,0.128529552310881,0.193419341934193,0.186921939681924,0.199916744186463,1934,1221,493
"BM","Cauchy",14323526,10000,10,10,1,0.5,1,0,0.141497144002405,0.13251891728708,0.15047537071773,0.280288606072753,0.271485458499191,0.289091753646314,0.388014831145405,0.379998779363526,0.396030882927284,3872,2797,1412
"BM","Cauchy",278934451,10000,10,10,1.5,0.5,1,0,0.265035883958354,0.25366664837599,0.276405119540718,0.455069240877388,0.445308889033319,0.464829592721457,0.582330941069443,0.574218211727093,0.590443670411793,5761,4502,2622
"BM","Cauchy",2303929,10000,10,10,2,0.5,1,0,0.388271604938272,0.375717290724923,0.40082591915162,0.592283950617284,0.582652316923479,0.601915584311089,0.71440329218107,0.706972857438972,0.721833726923167,6944,5757,3774
"BM","Cauchy",174656127,10000,10,10,2.5,0.5,1,0,0.480240912933221,0.467370974121259,0.493110851745182,0.682375316990702,0.673250485601576,0.691500148379827,0.793005071851226,0.786340323790605,0.799669819911846,7505,6458,4545
"BM","Cauchy",80665970,10000,20,20,0,1,1,1,0.0138,0.0107948379142123,0.0168051620857877,0.0529,0.0485128566453329,0.0572871433546671,0.1,0.095065,0.104935,1000,529,138
"BM","Cauchy",452114,10000,20,20,0,0.5,0.5,1,0.0132,0.0102599995648,0.0161400004352,0.0508,0.0464960542129808,0.0551039457870192,0.0965,0.0916427144288837,0.101357285571116,965,508,132
"BM","Cauchy",284767469,10000,20,20,0,2,2,1,0.0132,0.0102599995648,0.0161400004352,0.0519,0.0475522273768745,0.0562477726231255,0.1028,0.0978041764366223,0.107795823563378,1028,519,132
"BM","Cauchy",86457,10000,20,20,0.5,1,1,0,0.0469,0.0414537005668744,0.0523462994331256,0.1336,0.126931647915234,0.140268352084766,0.2153,0.208538551515335,0.222061448484665,2153,1336,469
"BM","Cauchy",229819,10000,20,20,0.5,0.5,0.5,0,0.1754,0.165603243393674,0.185196756606326,0.3529,0.343533709997315,0.362266290002685,0.4723,0.464087631620064,0.480512368379936,4723,3529,1754
"BM","Cauchy",32288,10000,20,20,0.5,2,2,0,0.0214,0.0176721764201744,0.0251278235798256,0.074,0.0688692905129992,0.0791307094870008,0.1236,0.118185899388486,0.129014100611514,1236,740,214
"BM","Cauchy",234946,10000,20,20,0.5,0.5,2,0,0.0325,0.0279321374626637,0.0370678625373363,0.1009,0.0949965532076252,0.106803446792375,0.1696,0.163426627308059,0.175773372691941,1696,1009,325
"BM","Cauchy",509308,10000,20,20,0.5,1,2,0,0.0261,0.0219930133110632,0.0302069866889368,0.086,0.0805048646386099,0.0914951353613901,0.147,0.141174957675905,0.152825042324095,1470,860,261
"BM","Cauchy",57362,10000,20,20,1,1,1,0,0.1743,0.164527499652649,0.184072500347351,0.3578,0.348404684033754,0.367195315966246,0.4725,0.464287449734743,0.480712550265257,4725,3578,1743
"BM","Cauchy",2294087,10000,20,20,1,0.5,0.5,0,0.573157315731573,0.560415928937638,0.585898702525508,0.782078207820782,0.773986662058949,0.790169753582615,0.862986298629863,0.857329771792442,0.868642825467284,8629,7820,5731
"BM","Cauchy",107045681,10000,20,20,1,2,2,0,0.0474,0.0419261824444521,0.0528738175555479,0.1372,0.130456456004029,0.143943543995971,0.2127,0.20596837719619,0.21943162280381,2127,1372,474
"BM","Cauchy",27041,10000,20,20,1,0.5,2,0,0.0936,0.0860968482256119,0.101103151774388,0.2315,0.223232894022695,0.239767105977305,0.341,0.333201953885908,0.348798046114092,3410,2315,936
"BM","Cauchy",58629,10000,20,20,1,1,2,0,0.0764,0.0695571897051062,0.0832428102948937,0.1936,0.185855667207151,0.201344332792849,0.2885,0.28104708336828,0.29595291663172,2885,1936,764
"BM","Cauchy",87988,10000,20,20,1.5,1,1,0,0.3742,0.361734332757917,0.386665667242083,0.604,0.594414337506463,0.613585662493537,0.7213,0.713924484963626,0.728675515036374,7213,6040,3742
"BM","Cauchy",856833,10000,20,20,1.5,0.5,0.5,0,0.81996399279856,0.810066551473351,0.829861434123768,0.937987597519504,0.933260507226814,0.942714687812193,0.965493098619724,0.962490526342056,0.968495670897392,9653,9378,8198
"BM","Cauchy",275608,10000,20,20,1.5,2,2,0,0.0963,0.088700742804283,0.103899257195717,0.2329,0.224615490372122,0.241184509627878,0.3312,0.323457892476696,0.338942107523304,3312,2329,963
"BM","Cauchy",4700453,10000,20,20,1.5,0.5,2,0,0.2171,0.206479892399322,0.227720107600678,0.4272,0.417504433308692,0.436895566691308,0.5475,0.539312199433952,0.555687800566048,5475,4272,2171
"BM","Cauchy",828927,10000,20,20,1.5,1,2,0,0.1688,0.159150943551359,0.178449056448641,0.3412,0.331907397121925,0.350492602878075,0.4577,0.449504486675456,0.465895513324544,4577,3412,1688
"BM","Cauchy",284041578,10000,20,20,2,1,1,0,0.5764,0.56367124813299,0.58912875186701,0.7815,0.773400722424809,0.789599277575191,0.8572,0.851444658644668,0.862955341355332,8572,7815,5764
"BM","Cauchy",220689650,10000,20,20,2,0.5,0.5,0,0.930577849117175,0.924030413349107,0.937125284885243,0.981942215088282,0.979332270572114,0.984552159604451,0.992576243980738,0.991164162732473,0.993988325229004,9894,9788,9276
"BM","Cauchy",21918110,10000,20,20,2,2,2,0,0.1713,0.161594381653153,0.181005618346847,0.3571,0.347708764975021,0.366491235024979,0.4734,0.465186647609222,0.481613352390778,4734,3571,1713
"BM","Cauchy",1278153,10000,20,20,2,0.5,2,0,0.3794,0.366900276463151,0.391899723536849,0.6055,0.595920636599439,0.615079363400561,0.7185,0.711101929116697,0.725898070883303,7185,6055,3794
"BM","Cauchy",152679689,10000,20,20,2,1,2,0,0.3011,0.28928295860991,0.31291704139009,0.5289,0.519116383811371,0.538683616188629,0.6455,0.637630952889684,0.653369047110316,6455,5289,3011
"BM","Cauchy",418258,10000,20,20,2.5,1,1,0,0.71997199719972,0.708405432466261,0.731538561933179,0.883388338833883,0.877097582067547,0.889679095600219,0.935193519351935,0.931143791253688,0.939243247450182,9351,8833,7199
"BM","Cauchy",324978,10000,20,20,2.5,0.5,0.5,0,0.964463397299218,0.959694404274175,0.969232390324261,0.993197278911565,0.991586206115085,0.994808351708044,0.997563204386232,0.996752158052924,0.99837425071954,9825,9782,9499
"BM","Cauchy",525920,10000,20,20,2.5,2,2,0,0.266,0.254617577369716,0.277382422630284,0.4735,0.463713773779439,0.483286226220561,0.5935,0.585420089710005,0.601579910289995,5935,4735,2660
"BM","Cauchy",57932335,10000,20,20,2.5,0.5,2,0,0.5250050010002,0.5121411175253,0.537868884475101,0.743148629725945,0.734585454015838,0.751711805436053,0.833666733346669,0.827541090151175,0.839792376542164,8335,7430,5249
"BM","Cauchy",24627042,10000,20,20,2.5,1,2,0,0.4327,0.419937207805026,0.445462792194974,0.662,0.652728640608843,0.671271359391157,0.7675,0.760551091822496,0.774448908177503,7675,6620,4327
"BM","Cauchy",4527045,10000,20,20,5,1,1,0,0.964278465597727,0.959497538234139,0.969059392961314,0.99431702861782,0.992843677542238,0.995790379693402,0.998579257154455,0.997959652157747,0.999198862151164,9840,9798,9502
"BM","Cauchy",156923085,10000,20,20,5,0.5,0.5,0,0.997452229299363,0.996153639219802,0.998750819378924,0.99965257672264,0.999287310029673,1.00001784341561,1,1,1,8635,8632,8613
"BM","Cauchy",63531,10000,20,20,5,2,2,0,0.717871787178718,0.706278874613643,0.729464699743793,0.881688168816882,0.87535781963945,0.888018517994313,0.931993199319932,0.927851787238251,0.936134611401613,9319,8816,7178
"BM","Cauchy",21209,10000,20,20,5,0.5,2,0,0.898820921092412,0.891052588597093,0.90658925358773,0.972488158822937,0.969282199112826,0.975694118533047,0.988209210924116,0.986433542850171,0.989984878998061,9806,9650,8919
"BM","Cauchy",55220945,10000,20,20,5,1,2,0,0.859520705905946,0.850569528008328,0.868471883803564,0.954777900330893,0.950705198537717,0.958850602124069,0.976737190414118,0.974257566321755,0.979216814506481,9741,9522,8572
"BM","Cauchy",172251,10000,20,20,5,0.5,1,0,0.987549696589245,0.984693321043856,0.990406072134633,0.998221385227035,0.99739551757883,0.99904725287524,0.999267629211132,0.998822616599905,0.999712641822359,9551,9541,9439
"BM","Cauchy",1559042,10000,20,20,0.5,0.5,1,0,0.0766,0.0697489808949804,0.0834510191050196,0.1934,0.185658708609644,0.201141291390356,0.2891,0.281642483803774,0.296557516196226,2891,1934,766
"BM","Cauchy",127340440,10000,20,20,1,0.5,1,0,0.295,0.2832523384727,0.3067476615273,0.5132,0.503403415699255,0.522996584300745,0.6326,0.624669509082844,0.640530490917156,6326,5132,2950
"BM","Cauchy",232950293,10000,20,20,1.5,0.5,1,0,0.5642,0.551426614700059,0.576973385299941,0.7695,0.761245403513193,0.777754596486807,0.8536,0.847784813550573,0.859415186449427,8536,7695,5642
"BM","Cauchy",102770240,10000,20,20,2,0.5,1,0,0.751350810486292,0.740216565770686,0.762485055201898,0.900840504302582,0.894982533825972,0.906698474779191,0.947168300980588,0.943488479345083,0.950848122616093,9466,9003,7509
"BM","Cauchy",40592126,10000,20,20,2.5,0.5,1,0,0.855296121855897,0.846233701655284,0.864358542056511,0.951498146106824,0.94728759237273,0.955708699840919,0.976250125263052,0.973745301842943,0.978754948683162,9742,9495,8535
"BM","Cauchy",3622798,10000,100,100,0,1,1,1,0.0104,0.00778668132697445,0.0130133186730255,0.0517,0.0473601550053487,0.0560398449946513,0.0991,0.0941848019356312,0.104015198064369,991,517,104
"BM","Cauchy",35138687,10000,100,100,0,0.5,0.5,1,0.0104,0.00778668132697445,0.0130133186730255,0.0537,0.0492816752439867,0.0581183247560133,0.1051,0.100055077321804,0.110144922678196,1051,537,104
"BM","Cauchy",5635893,10000,100,100,0,2,2,1,0.0101,0.00752425890101043,0.0126757410989896,0.0513,0.046976064527586,0.055623935472414,0.1003,0.0953584268450447,0.105241573154955,1003,513,101
"BM","Cauchy",153347,10000,100,100,0.5,1,1,0,0.2515,0.240323373042353,0.262676626957647,0.4816,0.471806638024131,0.491393361975869,0.6084,0.600370623057323,0.616429376942678,6084,4816,2515
"BM","Cauchy",15331226,10000,100,100,0.5,0.5,0.5,0,0.8545,0.84541691478001,0.86358308521999,0.9535,0.949372919913547,0.957627080086453,0.9762,0.973692599070771,0.978707400929229,9762,9535,8545
"BM","Cauchy",4401336,10000,100,100,0.5,2,2,0,0.0568,0.0508375888196321,0.0627624111803679,0.1629,0.155662221560838,0.170137778439162,0.2496,0.242480744073037,0.256719255926963,2496,1629,568
"BM","Cauchy",6251285,10000,100,100,0.5,0.5,2,0,0.1298,0.121142495132424,0.138457504867576,0.3063,0.2972652650349,0.3153347349651,0.4215,0.413377001493021,0.429622998506978,4215,3063,1298
"BM","Cauchy",264427231,10000,100,100,0.5,1,2,0,0.1007,0.092948015589349,0.108451984410651,0.2528,0.244281501764654,0.261318498235346,0.3588,0.350909784293671,0.366690215706329,3588,2528,1007
"BM","Cauchy",13968651,10000,100,100,1,1,1,0,0.8549,0.845827285944447,0.863972714055553,0.9554,0.951354090918669,0.959445909081331,0.9786,0.976219460485709,0.980980539514291,9786,9554,8549
"BM","Cauchy",44843209,10000,100,100,1,0.5,0.5,0,0.9999,0.999642412880322,1.00015758711968,1,1,1,1,1,1,10000,10000,9999
"BM","Cauchy",7795275,10000,100,100,1,2,2,0,0.254,0.24278673384074,0.26521326615926,0.4741,0.464313156707579,0.483886843292421,0.5987,0.590636843091458,0.606763156908542,5987,4741,2540
"BM","Cauchy",718761,10000,100,100,1,0.5,2,0,0.5919,0.579239428038763,0.604560571961237,0.7985,0.790638035891713,0.806361964108287,0.8727,0.867217071379019,0.878182928620981,8727,7985,5919
"BM","Cauchy",85571173,10000,100,100,1,1,2,0,0.4564,0.443569062172799,0.469230937827201,0.69,0.6809351324334,0.6990648675666,0.7925,0.785829251177014,0.799170748822986,7925,6900,4564
"BM","Cauchy",7298716,10000,100,100,1.5,1,1,0,0.9941,0.992127182546776,0.996072817453224,0.9989,0.998250299171618,0.999549700828382,0.9997,0.999415120383714,0.999984879616286,9997,9989,9941
"BM","Cauchy",89915713,10000,100,100,1.5,0.5,0.5,0,1,1,1,1,1,1,1,1,1,10000,10000,10000
"BM","Cauchy",29856889,10000,100,100,1.5,2,2,0,0.587,0.574316475996569,0.599683524003431,0.8019,0.794088068690625,0.809711931309375,0.875,0.869559673866623,0.880440326133377,8750,8019,5870
"BM","Cauchy",305979052,10000,100,100,1.5,0.5,2,0,0.9214,0.914467637957355,0.928332362042645,0.9777,0.974805914812311,0.980594085187689,0.991,0.989446454475241,0.992553545524759,9910,9777,9214
"BM","Cauchy",78288755,10000,100,100,1.5,1,2,0,0.8378,0.82830398347653,0.84729601652347,0.9446,0.9401163167491,0.9490836832509,0.9746,0.972011811136895,0.977188188863105,9746,9446,8378
"BM","Cauchy",394279,10000,100,100,2,1,1,0,0.9999,0.999642412880322,1.00015758711968,1,1,1,1,1,1,10000,10000,9999
"BM","Cauchy",119214593,10000,100,100,2,0.5,0.5,0,1,1,1,1,1,1,1,1,1,10000,10000,10000
"BM","Cauchy",111227,10000,100,100,2,2,2,0,0.8557,0.846648099109039,0.864751900890961,0.9557,0.951667088168383,0.959732911831617,0.9796,0.977274558737874,0.981925441262126,9796,9557,8557
"BM","Cauchy",3601119,10000,100,100,2,0.5,2,0,0.9941,0.992127182546776,0.996072817453224,0.9992,0.998645850076604,0.999754149923396,0.9998,0.999567385133966,1.00003261486603,9998,9992,9941
"BM","Cauchy",1462321,10000,100,100,2,1,2,0,0.9764,0.972489648969734,0.980310351030266,0.9959,0.994647563067296,0.997152436932704,0.9989,0.99835471537618,0.99944528462382,9989,9959,9764
"BM","Cauchy",4689203,10000,100,100,2.5,1,1,0,1,1,1,1,1,1,1,1,1,10000,10000,10000
"BM","Cauchy",43337,10000,100,100,2.5,0.5,0.5,0,1,1,1,1,1,1,1,1,1,10000,10000,10000
"BM","Cauchy",8365755,10000,100,100,2.5,2,2,0,0.9646,0.959839844736273,0.969360155263727,0.9922,0.990475739084245,0.993924260915755,0.9966,0.995642440427388,0.997557559572612,9966,9922,9646
"BM","Cauchy",59277244,10000,100,100,2.5,0.5,2,0,0.9994,0.998769200767229,1.00003079923277,0.9998,0.999522841861747,1.00007715813825,0.9999,0.999735508225206,1.00006449177479,9999,9998,9994
"BM","Cauchy",4955630,10000,100,100,2.5,1,2,0,0.9978,0.996593078708276,0.999006921291724,0.9997,0.99936056896783,1.00003943103217,0.9999,0.999735508225206,1.00006449177479,9999,9997,9978
"BM","Cauchy",2029948,10000,100,100,5,1,1,0,1,1,1,1,1,1,1,1,1,10000,10000,10000
"BM","Cauchy",101920105,10000,100,100,5,0.5,0.5,0,1,1,1,1,1,1,1,1,1,10000,10000,10000
"BM","Cauchy",342238250,10000,100,100,5,2,2,0,1,1,1,1,1,1,1,1,1,10000,10000,10000
"BM","Cauchy",1114355,10000,100,100,5,0.5,2,0,1,1,1,1,1,1,1,1,1,10000,10000,10000
"BM","Cauchy",85763761,10000,100,100,5,1,2,0,1,1,1,1,1,1,1,1,1,10000,10000,10000
"BM","Cauchy",110348887,10000,100,100,5,0.5,1,0,1,1,1,1,1,1,1,1,1,10000,10000,10000
"BM","Cauchy",97653993,10000,100,100,0.5,0.5,1,0,0.4624,0.449556470090656,0.475243529909344,0.6936,0.68456444166604,0.70263555833396,0.7978,0.791193012366903,0.804406987633097,7978,6936,4624
"BM","Cauchy",698675,10000,100,100,1,0.5,1,0,0.9773,0.973463168414108,0.981136831585892,0.9955,0.994188153682781,0.996811846317219,0.9987,0.998107272464133,0.999292727535867,9987,9955,9773
"BM","Cauchy",2316384,10000,100,100,1.5,0.5,1,0,0.9998,0.999435735018296,1.0001642649817,1,1,1,1,1,1,10000,10000,9998
"BM","Cauchy",5719121,10000,100,100,2,0.5,1,0,1,1,1,1,1,1,1,1,1,10000,10000,10000
"BM","Cauchy",52228,10000,100,100,2.5,0.5,1,0,1,1,1,1,1,1,1,1,1,10000,10000,10000
"BM","Cauchy",25684,10000,10,100,0,1,1,1,0.0143,0.0112416565437191,0.0173583434562809,0.0522,0.0478403695723605,0.0565596304276395,0.1005,0.0955540523305058,0.105445947669494,1005,522,143
"BM","Cauchy",1389074,10000,10,100,0,0.5,0.5,1,0.0173,0.0139412367841576,0.0206587632158424,0.054,0.0495700531109279,0.0584299468890721,0.1034,0.0983912940159059,0.108408705984094,1034,540,173
"BM","Cauchy",1858167,10000,10,100,0,2,2,1,0.0181,0.0146658538321056,0.0215341461678944,0.0585,0.0539001447370597,0.0630998552629403,0.1032,0.0981955823085598,0.10820441769144,1032,585,181
"BM","Cauchy",62684710,10000,10,100,0.5,1,1,0,0.0569,0.0509326588863662,0.0628673411136338,0.1355,0.128791765779283,0.142208234220717,0.2107,0.203991595810495,0.217408404189505,2107,1355,569
"BM","Cauchy",83866274,10000,10,100,0.5,0.5,0.5,0,0.1778,0.167950810958073,0.187649189041927,0.3382,0.328927299036332,0.347472700963668,0.4384,0.43023765918516,0.44656234081484,4384,3382,1778
"BM","Cauchy",99210890,10000,10,100,0.5,2,2,0,0.0289,0.0245845433622033,0.0332154566377967,0.0821,0.0767194665604236,0.0874805334395764,0.1361,0.130459381832106,0.141740618167894,1361,821,289
"BM","Cauchy",953121,10000,10,100,0.5,0.5,2,0,0.068,0.0615150255222091,0.074484974477791,0.1704,0.163030716942986,0.177769283057014,0.251,0.243867468934698,0.258132531065302,2510,1704,680
"BM","Cauchy",66817437,10000,10,100,0.5,1,2,0,0.042,0.0368328239517508,0.0471671760482492,0.1203,0.113923884418739,0.126676115581261,0.1826,0.176244735860163,0.188955264139837,1826,1203,420
"BM","Cauchy",188290,10000,10,100,1,1,1,0,0.1767,0.166874759468149,0.186525240531851,0.3403,0.331013324126169,0.349586675873831,0.4428,0.434628999026043,0.450971000973957,4428,3403,1767
"BM","Cauchy",191418199,10000,10,100,1,0.5,0.5,0,0.4788,0.465931582782508,0.491668417217492,0.6779,0.668741291203756,0.687058708796244,0.7745,0.767625361174987,0.781374638825013,7745,6779,4788
"BM","Cauchy",283095,10000,10,100,1,2,2,0,0.0614,0.0552159880634734,0.0675840119365266,0.1417,0.134864653218922,0.148535346781078,0.2189,0.212097914258775,0.225702085741225,2189,1417,614
"BM","Cauchy",362599,10000,10,100,1,0.5,2,0,0.2744,0.262905593570781,0.285894406429219,0.4444,0.434660779130629,0.454139220869371,0.5444,0.536207493054284,0.552592506945716,5444,4444,2744
"BM","Cauchy",380199,10000,10,100,1,1,2,0,0.1429,0.133884751119288,0.151915248880712,0.2685,0.2598136888589,0.2771863111411,0.372,0.3640490834717,0.3799509165283,3720,2685,1429
"BM","Cauchy",555245,10000,10,100,1.5,1,1,0,0.3331,0.320958746309805,0.345241253690195,0.5324,0.52262059694059,0.54217940305941,0.6432,0.635319544100092,0.651080455899908,6432,5324,3331
"BM","Cauchy",2993902,10000,10,100,1.5,0.5,0.5,0,0.6827,0.670710644268682,0.694689355731318,0.824,0.81653592471635,0.83146407528365,0.9071,0.902324692499119,0.911875307500882,9071,8240,6827
"BM","Cauchy",26766533,10000,10,100,1.5,2,2,0,0.1053,0.0973932362417222,0.113206763758278,0.2264,0.218197381500618,0.234602618499382,0.3205,0.312823298572995,0.328176701427005,3205,2264,1053
"BM","Cauchy",486134,10000,10,100,1.5,0.5,2,0,0.5106,0.497722894718887,0.523477105281113,0.6753,0.666122052047129,0.684477947952871,0.7601,0.75307548421854,0.76712451578146,7601,6753,5106
"BM","Cauchy",8009807,10000,10,100,1.5,1,2,0,0.2786,0.267051529116532,0.290148470883468,0.4475,0.437754172226024,0.457245827773976,0.5535,0.545322219555749,0.561677780444251,5535,4475,2786
"BM","Cauchy",113074,10000,10,100,2,1,1,0,0.4692,0.456344460192371,0.482055539807629,0.6673,0.658064869554056,0.676535130445944,0.7696,0.762673088018922,0.776526911981078,7696,6673,4692
"BM","Cauchy",6698981,10000,10,100,2,0.5,0.5,0,0.8215,0.811635643649259,0.831364356350741,0.906,0.900280157149012,0.911719842850988,0.9619,0.958750849963089,0.965049150036911,9619,9060,8215
"BM","Cauchy",112957180,10000,10,100,2,2,2,0,0.1809,0.170984066510926,0.190815933489074,0.341,0.331708711012997,0.350291288987003,0.4487,0.44051840583341,0.45688159416659,4487,3410,1809
"BM","Cauchy",51903680,10000,10,100,2,0.5,2,0,0.6548,0.64255283447372,0.66704716552628,0.8117,0.804037349731483,0.819362650268517,0.8821,0.876795044858533,0.887404955141467,8821,8117,6548
"BM","Cauchy",1361153,10000,10,100,2,1,2,0,0.4045,0.39185712032828,0.41714287967172,0.6035,0.593912258762357,0.613087741237643,0.709,0.701528023206841,0.716471976793159,7090,6035,4045
"BM","Cauchy",30330,10000,10,100,2.5,1,1,0,0.5919,0.579239428038763,0.604560571961237,0.7656,0.757296984715033,0.773903015284967,0.8553,0.849512921095166,0.861087078904834,8553,7656,5919
"BM","Cauchy",1003977,10000,10,100,2.5,0.5,0.5,0,0.8699,0.86123399026849,0.87856600973151,0.9324,0.927479258491,0.937320741509,0.977,0.974534090679384,0.979465909320616,9770,9324,8699
"BM","Cauchy",484340,10000,10,100,2.5,2,2,0,0.2569,0.24564484341333,0.26815515658667,0.4434,0.433662992226028,0.453137007773972,0.5519,0.543719429885395,0.560080570114605,5519,4434,2569
"BM","Cauchy",1918813,10000,10,100,2.5,0.5,2,0,0.7389,0.727585323854219,0.750214676145781,0.8864,0.880180433570867,0.892619566429133,0.9334,0.929298554782141,0.937501445217859,9334,8864,7389
"BM","Cauchy",59667165,10000,10,100,2.5,1,2,0,0.5127,0.499824155500749,0.525575844499251,0.7165,0.707666339578634,0.725333660421366,0.8015,0.794938578744329,0.808061421255671,8015,7165,5127
"BM","Cauchy",289626862,10000,10,100,5,1,1,0,0.868373674734947,0.85966462919177,0.877082720278124,0.930186037207442,0.925191305965605,0.935180768449278,0.977795559111822,0.975371686153551,0.980219432070094,9776,9300,8682
"BM","Cauchy",4310493,10000,10,100,5,0.5,0.5,0,0.96365283930729,0.958831791846967,0.968473886767612,0.981071284736206,0.978400327573707,0.983742241898706,0.99738219895288,0.996541646098643,0.998222751807116,9906,9744,9571
"BM","Cauchy",138362,10000,10,100,5,2,2,0,0.5947,0.582053127803239,0.607346872196761,0.7663,0.758005602581887,0.774594397418113,0.8563,0.85052958220648,0.86207041779352,8563,7663,5947
"BM","Cauchy",60317159,10000,10,100,5,0.5,2,0,0.9364,0.930113555018048,0.942686444981952,0.9801,0.977362728950506,0.982837271049494,0.9931,0.991738282751459,0.994461717248541,9931,9801,9364
"BM","Cauchy",99351,10000,10,100,5,1,2,0,0.8241,0.814292264716147,0.833907735283854,0.9298,0.924792517982698,0.934807482017302,0.964,0.960935527914958,0.967064472085042,9640,9298,8241
"BM","Cauchy",227963,10000,10,100,5,0.5,1,0,0.962596259625963,0.957708324192711,0.967484195059215,0.980898089808981,0.978215177887934,0.983581001730028,0.995399539953995,0.99428636032099,0.996512719587,9953,9808,9625
"BM","Cauchy",20701,10000,10,100,0.5,0.5,1,0,0.1403,0.131353603178954,0.149246396821046,0.2688,0.26011061990188,0.27748938009812,0.3603,0.352402562298076,0.368197437701924,3603,2688,1403
"BM","Cauchy",37855,10000,10,100,1,0.5,1,0,0.4032,0.390563682552683,0.415836317447317,0.5961,0.586482713390649,0.605717286609351,0.7062,0.698707001345262,0.713692998654738,7062,5961,4032
"BM","Cauchy",547227,10000,10,100,1.5,0.5,1,0,0.6088,0.596228630147249,0.621371369852751,0.8005,0.792667359579299,0.808332640420701,0.8674,0.861821115462111,0.872978884537889,8674,8005,6088
"BM","Cauchy",321487,10000,10,100,2,0.5,1,0,0.7392,0.727889530542513,0.750510469457487,0.8836,0.87731420207719,0.88988579792281,0.9311,0.926933478026462,0.935266521973538,9311,8836,7392
"BM","Cauchy",422018,10000,10,100,2.5,0.5,1,0,0.8302,0.820528227640515,0.839871772359485,0.9262,0.921075675302091,0.931324324697909,0.9633,0.960207001463179,0.966392998536821,9633,9262,8302
