"method","distribution","seed","N","n1","n2","delta","scale1","scale2","null","power0.01","l_CI","u_CI","power0.05","l_CI","u_CI","power0.10","l_CI","u_CI"
"Yuen","Cauchy",1549068,1000,10,10,0,1,1,1,0.004,-0.00114168567534034,0.00914168567534034,0.034,0.0227673017311066,0.0452326982688934,0.072,0.0585535965254645,0.0854464034745355
"Yuen","Cauchy",14394797,1000,10,10,0,0.5,0.5,1,0.005,-0.000745692786775151,0.0107456927867752,0.029,0.0185992493347836,0.0394007506652164,0.077,0.0631320548466977,0.0908679451533023
"Yuen","Cauchy",39138987,1000,10,10,0,2,2,1,0.012,0.00313017698846251,0.0208698230115375,0.043,0.0304267871409094,0.0555732128590905,0.077,0.0631320548466977,0.0908679451533023
"Yuen","Cauchy",139531,1000,10,10,0,0.5,2,1,0.008,0.000743174362298623,0.0152568256377014,0.033,0.0219279948699434,0.0440720051300566,0.072,0.0585535965254645,0.0854464034745355
"Yuen","Cauchy",1607251,1000,10,10,0,1,2,1,0.005,-0.000745692786775151,0.0107456927867752,0.028,0.0177748845678887,0.0382251154321113,0.062,0.0494552166260234,0.0745447833739766
"Yuen","Cauchy",98131978,1000,10,10,0.5,1,1,0,0.021,0.00931989217584016,0.0326801078241598,0.07,0.0541858240809077,0.0858141759190924,0.143,0.124789396776191,0.161210603223809
"Yuen","Cauchy",200517,1000,10,10,0.5,0.5,0.5,0,0.049,0.0314153326496064,0.0665846673503936,0.197,0.172348295280042,0.221651704719958,0.301,0.277139049600341,0.324860950399659
"Yuen","Cauchy",187956760,1000,10,10,0.5,2,2,0,0.004,-0.00114168567534034,0.00914168567534034,0.038,0.0261495346251719,0.0498504653748281,0.089,0.0741877820372842,0.103812217962716
"Yuen","Cauchy",19141119,1000,10,10,0.5,0.5,2,0,0.011,0.00250349441805633,0.0194965055819437,0.055,0.0408696369473392,0.0691303630526608,0.121,0.104035032774125,0.137964967225875
"Yuen","Cauchy",4648738,1000,10,10,0.5,1,2,0,0.008,0.000743174362298623,0.0152568256377014,0.05,0.0364916322229516,0.0635083677770484,0.1,0.0843941597470691,0.115605840252931
"Yuen","Cauchy",15221346,1000,10,10,1,1,1,0,0.059,0.0398059475945281,0.0781940524054719,0.205,0.179978314205474,0.230021685794526,0.314,0.289856913844746,0.338143086155254
"Yuen","Cauchy",186254,1000,10,10,1,0.5,0.5,0,0.242,0.207111030305611,0.276888969694389,0.539,0.508104095313456,0.569895904686544,0.667,0.642483925298388,0.691516074701612
"Yuen","Cauchy",835949,1000,10,10,1,2,2,0,0.018,0.00716976562691277,0.0288302343730872,0.083,0.0659006427723145,0.100099357227685,0.138,0.120058486410004,0.155941513589996
"Yuen","Cauchy",42189623,1000,10,10,1,0.5,2,0,0.031,0.0168814988308249,0.0451185011691751,0.104,0.0850797554349845,0.122920244565016,0.181,0.160971559222571,0.201028440777429
"Yuen","Cauchy",41412392,1000,10,10,1,1,2,0,0.03,0.0161039184803773,0.0438960815196227,0.108,0.0887624227720848,0.127237577227915,0.173,0.153323778239332,0.192676221760668
"Yuen","Cauchy",240849,1000,10,10,1.5,1,1,0,0.168,0.137544750433201,0.198455249566799,0.38,0.349915436516379,0.410084563483621,0.518,0.492007126016925,0.543992873983075
"Yuen","Cauchy",87642963,1000,10,10,1.5,0.5,0.5,0,0.532,0.491353364648768,0.572646635351232,0.776,0.750158903305007,0.801841096694993,0.854,0.835631602652926,0.872368397347074
"Yuen","Cauchy",45078280,1000,10,10,1.5,2,2,0,0.025,0.0122820190281633,0.0377179809718367,0.114,0.0943018537318863,0.133698146268114,0.195,0.174389850209787,0.215610149790213
"Yuen","Cauchy",39118983,1000,10,10,1.5,0.5,2,0,0.071,0.0500789782949302,0.0919210217050698,0.209,0.18379901846356,0.23420098153644,0.336,0.311429183945176,0.360570816054824
"Yuen","Cauchy",10080701,1000,10,10,1.5,1,2,0,0.051,0.0330789251822331,0.0689210748177669,0.182,0.158085108371561,0.205914891628439,0.269,0.245932489298258,0.292067510701742
"Yuen","Cauchy",7518766,1000,10,10,2,1,1,0,0.276,0.239585891423461,0.312414108576539,0.574,0.543350964152196,0.604649035847804,0.708,0.684347668520841,0.731652331479159
"Yuen","Cauchy",41974,1000,10,10,2,0.5,0.5,0,0.789,0.755762711411669,0.822237288588331,0.909,0.891173802693788,0.926826197306212,0.938,0.925455216626023,0.950544783373977
"Yuen","Cauchy",234274168,1000,10,10,2,2,2,0,0.047,0.0297598421464303,0.0642401578535697,0.184,0.159983480885024,0.208016519114976,0.295,0.271276898403139,0.318723101596861
"Yuen","Cauchy",157680212,1000,10,10,2,0.5,2,0,0.121,0.0944335832377793,0.147566416762221,0.328,0.2989010291316,0.3570989708684,0.484,0.458003586639692,0.509996413360308
"Yuen","Cauchy",320767916,1000,10,10,2,1,2,0,0.087,0.0640416393560864,0.109958360643914,0.276,0.24829361303959,0.30370638696041,0.407,0.381444142750144,0.432555857249856
"Yuen","Cauchy",32531,1000,10,10,2.5,1,1,0,0.452,0.411457982634112,0.492542017365888,0.696,0.66748998256051,0.72451001743949,0.8,0.779192212996092,0.820807787003908
"Yuen","Cauchy",111853515,1000,10,10,2.5,0.5,0.5,0,0.871,0.843694521509704,0.898305478490296,0.953,0.939882488589675,0.966117511410325,0.971,0.962270798548836,0.979729201451164
"Yuen","Cauchy",4971164,1000,10,10,2.5,2,2,0,0.076,0.0544131814798011,0.0975868185201988,0.266,0.238612971128653,0.293387028871347,0.387,0.361663208238315,0.412336791761685
"Yuen","Cauchy",4880382,1000,10,10,2.5,0.5,2,0,0.227,0.19287689564978,0.26112310435022,0.473,0.442054895805637,0.503945104194363,0.611,0.585639295830458,0.636360704169541
"Yuen","Cauchy",256642321,1000,10,10,2.5,1,2,0,0.171,0.140329477181111,0.201670522818889,0.402,0.371610770434248,0.432389229565752,0.526,0.500025455208994,0.551974544791006
"Yuen","Cauchy",22900272,1000,20,20,0,1,1,1,0.004,-0.00114168567534034,0.00914168567534034,0.037,0.0253004252384969,0.0486995747615031,0.087,0.0723390903496747,0.101660909650325
"Yuen","Cauchy",3002112,1000,20,20,0,0.5,0.5,1,0.007,0.000208440607931048,0.013791559392069,0.043,0.0304267871409094,0.0555732128590905,0.084,0.0695704335616069,0.0984295664383931
"Yuen","Cauchy",22421,1000,20,20,0,2,2,1,0.005,-0.000745692786775151,0.0107456927867752,0.033,0.0219279948699434,0.0440720051300566,0.083,0.0686487537553354,0.0973512462446646
"Yuen","Cauchy",51127296,1000,20,20,0,0.5,2,1,0.005,-0.000745692786775151,0.0107456927867752,0.035,0.0236092124943005,0.0463907875056995,0.084,0.0695704335616069,0.0984295664383931
"Yuen","Cauchy",564209,1000,20,20,0,1,2,1,0.008,0.000743174362298623,0.0152568256377014,0.046,0.0330159800369839,0.0589840199630161,0.084,0.0695704335616069,0.0984295664383931
"Yuen","Cauchy",621054,1000,20,20,0.5,1,1,0,0.023,0.0107888361530934,0.0352111638469066,0.115,0.0952268151275522,0.134773184872448,0.21,0.188812042394322,0.231187957605678
"Yuen","Cauchy",31722,1000,20,20,0.5,0.5,0.5,0,0.175,0.144047776170362,0.205952223829638,0.394,0.363714099280358,0.424285900719642,0.513,0.486999059021355,0.539000940978645
"Yuen","Cauchy",6381272,1000,20,20,0.5,2,2,0,0.012,0.00313017698846251,0.0208698230115375,0.061,0.0461661533512039,0.0758338466487961,0.127,0.10967892330786,0.14432107669214
"Yuen","Cauchy",1735181,1000,20,20,0.5,0.5,2,0,0.022,0.0100511357687854,0.0339488642312146,0.081,0.0640895043715449,0.0979104956284551,0.159,0.139977724716139,0.178022275283861
"Yuen","Cauchy",13598207,1000,20,20,0.5,1,2,0,0.016,0.00577876439250127,0.0262212356074987,0.077,0.0604764908811718,0.0935235091188282,0.135,0.117223721723178,0.152776278276822
"Yuen","Cauchy",219197,1000,20,20,1,1,1,0,0.162,0.131985896537528,0.192014103462472,0.386,0.355825928905764,0.416174071094236,0.52,0.494011082361899,0.545988917638101
"Yuen","Cauchy",97028,1000,20,20,1,0.5,0.5,0,0.696,0.658529691365242,0.733470308634758,0.858,0.836365648204765,0.879634351795235,0.912,0.89726315018737,0.92673684981263
"Yuen","Cauchy",48394475,1000,20,20,1,2,2,0,0.046,0.0289352880486074,0.0630647119513926,0.142,0.120365648204765,0.163634351795235,0.228,0.206175616929682,0.249824383070318
"Yuen","Cauchy",42094545,1000,20,20,1,0.5,2,0,0.068,0.0474927100821196,0.0885072899178804,0.21,0.184754773916639,0.235245226083361,0.324,0.299654889205428,0.348345110794572
"Yuen","Cauchy",113977440,1000,20,20,1,1,2,0,0.049,0.0314153326496064,0.0665846673503936,0.175,0.151449394912232,0.198550605087768,0.289,0.265419683823685,0.312580316176315
"Yuen","Cauchy",67498,1000,20,20,1.5,1,1,0,0.433,0.392637195321237,0.473362804678763,0.681,0.652111501555117,0.709888498444883,0.792,0.770886503501315,0.813113496498685
"Yuen","Cauchy",31539,1000,20,20,1.5,0.5,0.5,0,0.934,0.913774872664332,0.954225127335668,0.979,0.970112961438139,0.987887038561861,0.985,0.978676905870146,0.991323094129854
"Yuen","Cauchy",116277578,1000,20,20,1.5,2,2,0,0.074,0.0526760717825256,0.0953239282174744,0.228,0.201996479746004,0.254003520253996,0.359,0.334045886772418,0.383954113227582
"Yuen","Cauchy",998816,1000,20,20,1.5,0.5,2,0,0.201,0.168354954589953,0.233645045410047,0.403,0.372598447644898,0.433401552355102,0.543,0.517086628745472,0.568913371254528
"Yuen","Cauchy",18098,1000,20,20,1.5,1,2,0,0.175,0.144047776170362,0.205952223829638,0.376,0.345977815562488,0.406022184437512,0.489,0.462996561362485,0.515003438637515
"Yuen","Cauchy",764853,1000,20,20,2,1,1,0,0.693,0.655426498968342,0.730573501031658,0.88,0.859858675316653,0.900141324683347,0.933,0.919993988744623,0.946006011255377
"Yuen","Cauchy",47322768,1000,20,20,2,0.5,0.5,0,0.99,0.981894805221341,0.998105194778659,0.996,0.992087847855719,0.999912152144281,0.998,0.995675946235562,1.00032405376444
"Yuen","Cauchy",86195851,1000,20,20,2,2,2,0,0.15,0.120912864699321,0.179087135300679,0.38,0.349915436516379,0.410084563483621,0.526,0.500025455208994,0.551974544791006
"Yuen","Cauchy",106847439,1000,20,20,2,0.5,2,0,0.354,0.315044951562294,0.392955048437706,0.604,0.573687473638774,0.634312526361226,0.721,0.69766887737431,0.74433112262569
"Yuen","Cauchy",1840581,1000,20,20,2,1,2,0,0.297,0.259777825066017,0.334222174933983,0.569,0.538306187229345,0.599693812770655,0.683,0.65879495550975,0.70720504449025
"Yuen","Cauchy",132544917,1000,20,20,2.5,1,1,0,0.868,0.840426449793761,0.895573550206239,0.951,0.937620361798614,0.964379638201386,0.978,0.970369611156697,0.985630388843303
"Yuen","Cauchy",250347752,1000,20,20,2.5,0.5,0.5,0,0.998,0.994360630700794,1.00163936929921,0.999,0.997040980245123,1.00095901975488,1,1,1
"Yuen","Cauchy",250878,1000,20,20,2.5,2,2,0,0.325,0.28684605708449,0.36315394291551,0.555,0.524197740991934,0.585802259008066,0.663,0.638411184010307,0.687588815989693
"Yuen","Cauchy",16490868,1000,20,20,2.5,0.5,2,0,0.528,0.487333778739401,0.568666221260599,0.77,0.743916530905572,0.796083469094428,0.845,0.826173911070671,0.863826088929329
"Yuen","Cauchy",146733433,1000,20,20,2.5,1,2,0,0.478,0.437309309609986,0.518690690390014,0.717,0.689080420891425,0.744919579108575,0.802,0.781270650133205,0.822729349866795
"Yuen","Cauchy",8537787,1000,100,100,0,1,1,1,0.008,0.000743174362298623,0.0152568256377014,0.051,0.0373643995951773,0.0646356004048227,0.089,0.0741877820372842,0.103812217962716
"Yuen","Cauchy",135230130,1000,100,100,0,0.5,0.5,1,0.009,0.00130685460010016,0.0166931453998998,0.052,0.038238622394542,0.065761377605458,0.1,0.0843941597470691,0.115605840252931
"Yuen","Cauchy",332306013,1000,100,100,0,2,2,1,0.009,0.00130685460010016,0.0166931453998998,0.052,0.038238622394542,0.065761377605458,0.101,0.0853250402241345,0.116674959775865
"Yuen","Cauchy",7792493,1000,100,100,0,0.5,2,1,0.009,0.00130685460010016,0.0166931453998998,0.042,0.0295673567733969,0.0544326432266031,0.089,0.0741877820372842,0.103812217962716
"Yuen","Cauchy",19230,1000,100,100,0,1,2,1,0.009,0.00130685460010016,0.0166931453998998,0.049,0.0356203617986135,0.0623796382013865,0.1,0.0843941597470691,0.115605840252931
"Yuen","Cauchy",10735584,1000,100,100,0.5,1,1,0,0.332,0.293637832983837,0.370362167016163,0.552,0.521177730232833,0.582822269767167,0.675,0.65063538971428,0.69936461028572
"Yuen","Cauchy",31934,1000,100,100,0.5,0.5,0.5,0,0.925,0.903544069351343,0.946455930648658,0.976,0.966513923972474,0.985486076027526,0.988,0.982335846718176,0.993664153281824
"Yuen","Cauchy",810539,1000,100,100,0.5,2,2,0,0.046,0.0289352880486074,0.0630647119513926,0.161,0.138220195646143,0.183779804353857,0.261,0.238154094546834,0.283845905453166
"Yuen","Cauchy",168822796,1000,100,100,0.5,0.5,2,0,0.119,0.0926240996350077,0.145375900364992,0.288,0.259933237992244,0.316066762007756,0.388,0.362651195838857,0.413348804161143
"Yuen","Cauchy",98812903,1000,100,100,0.5,1,2,0,0.082,0.0596501750750481,0.104349824924952,0.242,0.215454044797747,0.268545955202253,0.356,0.331092288029608,0.380907711970392
"Yuen","Cauchy",1650488,1000,100,100,1,1,1,0,0.915,0.892282221094482,0.937717778905518,0.975,0.965323275347515,0.984676724652484,0.989,0.983574242359357,0.994425757640643
"Yuen","Cauchy",8896631,1000,100,100,1,0.5,0.5,0,1,1,1,1,1,1,1,1,1
"Yuen","Cauchy",69049,1000,100,100,1,2,2,0,0.306,0.268460688146105,0.343539311853895,0.549,0.518158853484347,0.579841146515653,0.666,0.641465554314393,0.690534445685607
"Yuen","Cauchy",32493,1000,100,100,1,0.5,2,0,0.565,0.524615499923857,0.605384500076143,0.784,0.758494080875216,0.809505919124784,0.861,0.843004045844274,0.878995954155726
"Yuen","Cauchy",8205972,1000,100,100,1,1,2,0,0.481,0.440299281519069,0.521700718480931,0.728,0.700419241025672,0.755580758974328,0.818,0.79792857309756,0.83807142690244
"Yuen","Cauchy",175894865,1000,100,100,1.5,1,1,0,0.997,0.99254493479105,1.00145506520895,0.998,0.995230914663648,1.00076908533635,1,1,1
"Yuen","Cauchy",11259624,1000,100,100,1.5,0.5,0.5,0,1,1,1,1,1,1,1,1,1
"Yuen","Cauchy",1971669,1000,100,100,1.5,2,2,0,0.66,0.621411554392539,0.698588445607461,0.854,0.832114249969444,0.875885750030556,0.91,0.895112977211679,0.924887022788321
"Yuen","Cauchy",46227,1000,100,100,1.5,0.5,2,0,0.923,0.901283388015254,0.944716611984746,0.977,0.967708897073006,0.986291102926994,0.984,0.977472852261516,0.990527147738484
"Yuen","Cauchy",384898,1000,100,100,1.5,1,2,0,0.88,0.853528544701887,0.906471455298113,0.956,0.943288074009026,0.968711925990974,0.972,0.963418206690907,0.980581793309093
"Yuen","Cauchy",22927,1000,100,100,2,1,1,0,1,1,1,1,1,1,1,1,1
"Yuen","Cauchy",321653249,1000,100,100,2,0.5,0.5,0,1,1,1,1,1,1,1,1,1
"Yuen","Cauchy",1934305,1000,100,100,2,2,2,0,0.917,0.894526559072185,0.939473440927815,0.982,0.973759604281347,0.990240395718653,0.993,0.988662998757782,0.997337001242218
"Yuen","Cauchy",5870579,1000,100,100,2,0.5,2,0,0.991,0.9833068546001,0.9986931453999,0.997,0.993610276471451,1.00038972352855,1,1,1
"Yuen","Cauchy",30789096,1000,100,100,2,1,2,0,0.985,0.975098303660483,0.994901696339517,0.997,0.993610276471451,1.00038972352855,0.998,0.995675946235562,1.00032405376444
"Yuen","Cauchy",152123,1000,100,100,2.5,1,1,0,1,1,1,1,1,1,1,1,1
"Yuen","Cauchy",35435,1000,100,100,2.5,0.5,0.5,0,1,1,1,1,1,1,1,1,1
"Yuen","Cauchy",20957326,1000,100,100,2.5,2,2,0,0.99,0.981894805221341,0.998105194778659,0.998,0.995230914663648,1.00076908533635,0.999,0.997355822705728,1.00064417729427
"Yuen","Cauchy",23158,1000,100,100,2.5,0.5,2,0,0.999,0.996425288322161,1.00157471167784,1,1,1,1,1,1
"Yuen","Cauchy",41056,1000,100,100,2.5,1,2,0,0.998,0.994360630700794,1.00163936929921,1,1,1,1,1,1
"Yuen","Cauchy",152366,1000,10,100,0,1,1,1,0.006,-0.000290927440687899,0.0122909274406879,0.037,0.0253004252384969,0.0486995747615031,0.092,0.0769650239641029,0.107034976035897
"Yuen","Cauchy",18228519,1000,10,100,0,0.5,0.5,1,0.005,-0.000745692786775151,0.0107456927867752,0.033,0.0219279948699434,0.0440720051300566,0.064,0.0512680825638869,0.0767319174361131
"Yuen","Cauchy",2422505,1000,10,100,0,2,2,1,0.01,0.00189480522134107,0.0181051947786589,0.043,0.0304267871409094,0.0555732128590905,0.072,0.0585535965254645,0.0854464034745355
"Yuen","Cauchy",70415069,1000,10,100,0,0.5,2,1,0.007,0.000208440607931048,0.013791559392069,0.041,0.0287098466079548,0.0532901533920452,0.094,0.0788192255434711,0.109180774456529
"Yuen","Cauchy",3771167,1000,10,100,0,1,2,1,0.009,0.00130685460010016,0.0166931453998998,0.044,0.031288074009026,0.056711925990974,0.084,0.0695704335616069,0.0984295664383931
"Yuen","Cauchy",49924770,1000,10,100,0.5,1,1,0,0.036,0.0208247579820287,0.0511752420179712,0.122,0.101714615468274,0.142285384531726,0.194,0.17343000016772,0.21456999983228
"Yuen","Cauchy",54854,1000,10,100,0.5,0.5,0.5,0,0.149,0.119992936015101,0.178007063984899,0.366,0.336143338592535,0.395856661407465,0.491,0.464994480163338,0.517005519836662
"Yuen","Cauchy",3906884,1000,10,100,0.5,2,2,0,0.012,0.00313017698846251,0.0208698230115375,0.056,0.0417493037924458,0.0702506962075542,0.102,0.0862563960320389,0.117743603967961
"Yuen","Cauchy",183740500,1000,10,100,0.5,0.5,2,0,0.065,0.0449179362016749,0.0850820637983251,0.193,0.168539152884661,0.217460847115339,0.281,0.25761790033006,0.30438209966994
"Yuen","Cauchy",14589119,1000,10,100,0.5,1,2,0,0.029,0.0153304419828584,0.0426695580171416,0.097,0.0786563475392713,0.115343652460729,0.158,0.139026367192865,0.176973632807135
"Yuen","Cauchy",64670293,1000,10,100,1,1,1,0,0.142,0.113566280497691,0.170433719502309,0.332,0.302811394661615,0.361188605338385,0.466,0.440050470426229,0.491949529573771
"Yuen","Cauchy",50500690,1000,10,100,1,0.5,0.5,0,0.508,0.467275077528177,0.548724922471823,0.749,0.722125905440369,0.775874094559631,0.85,0.831425334794403,0.868574665205597
"Yuen","Cauchy",400623,1000,10,100,1,2,2,0,0.035,0.0200292507067949,0.0499707492932051,0.115,0.0952268151275522,0.134773184872448,0.193,0.172470360456769,0.213529639543231
"Yuen","Cauchy",188478,1000,10,100,1,0.5,2,0,0.306,0.268460688146105,0.343539311853895,0.555,0.524197740991934,0.585802259008066,0.684,0.659815478760166,0.708184521239834
"Yuen","Cauchy",40230,1000,10,100,1,1,2,0,0.139,0.110819101577416,0.167180898422584,0.303,0.274516472381392,0.331483527618608,0.411,0.38540562901779,0.43659437098221
"Yuen","Cauchy",810284,1000,10,100,1.5,1,1,0,0.354,0.315044951562294,0.392955048437706,0.601,0.570648528233379,0.631351471766621,0.719,0.69561790033006,0.74238209966994
"Yuen","Cauchy",36025,1000,10,100,1.5,0.5,0.5,0,0.759,0.724160230911443,0.793839769088557,0.903,0.884656347539271,0.921343652460729,0.944,0.932039594254374,0.955960405745626
"Yuen","Cauchy",304191,1000,10,100,1.5,2,2,0,0.085,0.062282221094482,0.107717778905518,0.216,0.190494080875216,0.241505919124784,0.34,0.315357921962627,0.364642078037373
"Yuen","Cauchy",140327227,1000,10,100,1.5,0.5,2,0,0.642,0.602946956421605,0.681053043578395,0.822,0.798291614445517,0.845708385554483,0.892,0.875854176255143,0.908145823744857
"Yuen","Cauchy",97786,1000,10,100,1.5,1,2,0,0.288,0.25111225564695,0.32488774435305,0.51,0.479015877614494,0.540984122385506,0.639,0.614015542011582,0.663984457988418
"Yuen","Cauchy",102482,1000,10,100,2,1,1,0,0.542,0.501413814035611,0.582586185964389,0.753,0.726269810595508,0.779730189404492,0.851,0.832476467292252,0.869523532707748
"Yuen","Cauchy",375262,1000,10,100,2,0.5,0.5,0,0.866,0.838250369549416,0.893749630450584,0.945,0.930869636947339,0.959130363052661,0.968,0.95884457371828,0.977155426281719
"Yuen","Cauchy",115192,1000,10,100,2,2,2,0,0.147,0.1181544355504,0.1758455644496,0.333,0.303789357802335,0.362210642197665,0.461,0.435069508566651,0.486930491433349
"Yuen","Cauchy",322179297,1000,10,100,2,0.5,2,0,0.844,0.814441704865402,0.873558295134598,0.927,0.910876572523189,0.943123427476812,0.957,0.946447482064692,0.967552517935308
"Yuen","Cauchy",17784978,1000,10,100,2,1,2,0,0.504,0.463271167122246,0.544728832877754,0.724,0.69629361303959,0.75170638696041,0.821,0.801058216529733,0.840941783470267
"Yuen","Cauchy",134827,1000,10,100,2.5,1,1,0,0.667,0.628608870254498,0.705391129745502,0.859,0.837429400787183,0.880570599212817,0.914,0.899415611459509,0.928584388540491
"Yuen","Cauchy",796749,1000,10,100,2.5,0.5,0.5,0,0.931,0.910353556856834,0.951646443143166,0.968,0.957091406983483,0.978908593016517,0.986,0.979888210646627,0.992111789353373
"Yuen","Cauchy",103836984,1000,10,100,2.5,2,2,0,0.233,0.19856330206399,0.26743669793601,0.452,0.421152812873781,0.482847187126219,0.592,0.566434350108006,0.617565649891994
"Yuen","Cauchy",3336631,1000,10,100,2.5,0.5,2,0,0.928,0.906943504346259,0.949056495653741,0.973,0.962953972247699,0.983046027752301,0.989,0.983574242359357,0.994425757640643
"Yuen","Cauchy",5144776,1000,10,100,2.5,1,2,0,0.684,0.646128068866983,0.721871931133017,0.862,0.840622877424686,0.883377122575314,0.913,0.898339090349675,0.927660909650325
