"method","distribution","seed","N","n1","n2","delta","sd","g1","g2","h","null","power0.01","l_CI","u_CI","power0.05","l_CI","u_CI","power0.10","l_CI","u_CI"
"Cucconi","ghEqual",623445,1000,10,10,0,1,1,1,0,1,0.005,-0.000745692786775151,0.0107456927867752,0.051,0.0373643995951773,0.0646356004048227,0.113,0.0965310112097008,0.129468988790299
"Cucconi","ghEqual",61952,1000,10,10,0,1,3,3,0,1,0.006,-0.000290927440687899,0.0122909274406879,0.046,0.0330159800369839,0.0589840199630161,0.087,0.0723390903496747,0.101660909650325
"Cucconi","ghEqual",134683,1000,10,10,0,1,1,3,0,1,0.041,0.0248472269704549,0.0571527730295451,0.155,0.132568915318246,0.177431084681754,0.256,0.233297569610282,0.278702430389718
"Cucconi","ghEqual",101918,1000,10,10,0,1,-1,1,0,1,0.027,0.0137966492398331,0.0402033507601669,0.087,0.0695316821187614,0.104468317881239,0.167,0.14759799382087,0.18640200617913
"Cucconi","ghEqual",21913011,1000,10,10,0,1,-3,3,0,1,0.045,0.0281129495292991,0.0618870504707009,0.18,0.156187814883972,0.203812185116028,0.304,0.280071949649,0.327928050351
"Cucconi","ghEqual",438032,1000,10,10,0,1,-1,3,0,1,0.04,0.0240371118402715,0.0559628881597285,0.146,0.124114249969444,0.167885750030556,0.25,0.2274749098226,0.2725250901774
"Cucconi","ghEqual",18392173,1000,10,10,0,1,1,-3,0,1,0.039,0.0232297035949225,0.0547702964050775,0.14,0.118493520976227,0.161506479023773,0.248,0.225535297945443,0.270464702054557
"Cucconi","ghEqual",9087343,1000,10,10,0.5,3,1,1,0,0,0.014,0.00442919794876103,0.023570802051239,0.074,0.0577752720084434,0.0902247279915566,0.141,0.1228961042321,0.1591038957679
"Cucconi","ghEqual",1653034,1000,10,10,0.5,3,3,3,0,0,0.074,0.0526760717825256,0.0953239282174744,0.251,0.224125905440369,0.277874094559631,0.365,0.339956259377341,0.390043740622659
"Cucconi","ghEqual",42179944,1000,10,10,0.5,3,1,3,0,0,0.085,0.062282221094482,0.107717778905518,0.25,0.223161594682247,0.276838405317753,0.389,0.363639295830459,0.414360704169542
"Cucconi","ghEqual",3076900,1000,10,10,0.5,3,-1,1,0,0,0.032,0.017662992035435,0.046337007964565,0.114,0.0943018537318863,0.133698146268114,0.219,0.197486380825742,0.240513619174258
"Cucconi","ghEqual",258097,1000,10,10,0.5,3,-3,3,0,0,0.099,0.0746709107563805,0.123329089243619,0.281,0.253140476989008,0.308859523010992,0.43,0.404246423015433,0.455753576984567
"Cucconi","ghEqual",46883397,1000,10,10,0.5,3,-1,3,0,0,0.068,0.0474927100821196,0.0885072899178804,0.215,0.189536967187705,0.240463032812295,0.359,0.334045886772418,0.383954113227582
"Cucconi","ghEqual",47019823,1000,10,10,0.5,3,1,-3,0,0,0.029,0.0153304419828584,0.0426695580171416,0.1,0.0814058073582099,0.11859419264179,0.177,0.157145797226406,0.196854202773594
"Cucconi","ghEqual",219537,1000,10,10,1,3,1,1,0,0,0.041,0.0248472269704549,0.0571527730295451,0.145,0.123176563973563,0.166823436026437,0.262,0.239125862422815,0.284874137577185
"Cucconi","ghEqual",742342,1000,10,10,1,3,3,3,0,0,0.179,0.147772015672093,0.210227984327907,0.398,0.367661377855941,0.428338622144059,0.547,0.521105432214941,0.572894567785059
"Cucconi","ghEqual",174996,1000,10,10,1,3,1,3,0,0,0.132,0.104426449793761,0.159573550206239,0.375,0.344993750650906,0.405006249349094,0.534,0.508050470426229,0.559949529573771
"Cucconi","ghEqual",312642,1000,10,10,1,3,-1,1,0,0,0.062,0.0423554030569217,0.0816445969430783,0.198,0.173301200158712,0.222698799841288,0.328,0.303577649449736,0.352422350550264
"Cucconi","ghEqual",269886,1000,10,10,1,3,-3,3,0,0,0.204,0.17117403695268,0.23682596304732,0.456,0.425129906666808,0.486870093333192,0.593,0.567444142750144,0.618555857249856
"Cucconi","ghEqual",18786928,1000,10,10,1,3,-1,3,0,0,0.147,0.1181544355504,0.1758455644496,0.343,0.313577076936511,0.372422923063489,0.477,0.451017799116029,0.50298220088397
"Cucconi","ghEqual",162776993,1000,10,10,1,3,1,-3,0,0,0.032,0.017662992035435,0.046337007964565,0.096,0.0777410456378247,0.114258954362175,0.151,0.132374487954019,0.169625512045981
"Cucconi","ghEqual",161690303,1000,10,10,1.5,3,1,1,0,0,0.093,0.0693412945963647,0.116658705403635,0.272,0.244419241025672,0.299580758974328,0.413,0.387387027763748,0.438612972236252
"Cucconi","ghEqual",419094,1000,10,10,1.5,3,3,3,0,0,0.203,0.170234029316744,0.235765970683256,0.498,0.46700992685391,0.52899007314609,0.658,0.633323026078954,0.682676973921046
"Cucconi","ghEqual",1860692,1000,10,10,1.5,3,1,3,0,0,0.216,0.18247793486457,0.24952206513543,0.514,0.483021829518191,0.544978170481809,0.662,0.63739330721328,0.68660669278672
"Cucconi","ghEqual",32410982,1000,10,10,1.5,3,-1,1,0,0,0.119,0.0926240996350077,0.145375900364992,0.345,0.315536368859219,0.374463631140781,0.495,0.468991566764317,0.521008433235683
"Cucconi","ghEqual",123398782,1000,10,10,1.5,3,-3,3,0,0,0.524,0.483316811911749,0.564683188088251,0.781,0.755366751622161,0.806633248377839,0.865,0.847223721723178,0.882776278276822
"Cucconi","ghEqual",1263838,1000,10,10,1.5,3,-1,3,0,0,0.252,0.216633105410624,0.287366894589376,0.519,0.488032062025379,0.549967937974621,0.672,0.647577649449736,0.696422350550264
"Cucconi","ghEqual",320000,1000,10,10,1.5,3,1,-3,0,0,0.036,0.0208247579820287,0.0511752420179712,0.099,0.0804887364450722,0.117511263554928,0.162,0.142833385017171,0.181166614982829
"Cucconi","ghEqual",307009,1000,10,10,2,3,1,1,0,0,0.151,0.121833240710974,0.180166759289026,0.388,0.357797169510127,0.418202830489873,0.551,0.525125922644952,0.576874077355048
"Cucconi","ghEqual",21001958,1000,10,10,2,3,3,3,0,0,0.289,0.2520742282856,0.3259257717144,0.591,0.560527262833805,0.621472737166195,0.75,0.7274749098226,0.7725250901774
"Cucconi","ghEqual",21550,1000,10,10,2,3,1,3,0,0,0.306,0.268460688146105,0.343539311853895,0.608,0.577741256179412,0.638258743820588,0.751,0.728505023472451,0.773494976527549
"Cucconi","ghEqual",88098741,1000,10,10,2,3,-1,1,0,0,0.242,0.207111030305611,0.276888969694389,0.526,0.49505160620646,0.55694839379354,0.666,0.641465554314393,0.690534445685607
"Cucconi","ghEqual",1192704,1000,10,10,2,3,-3,3,0,0,0.994,0.987709072559312,1.00029092744069,1,1,1,1,1,1
"Cucconi","ghEqual",36281,1000,10,10,2,3,-1,3,0,0,0.499,0.458269945197385,0.539730054802615,0.77,0.743916530905572,0.796083469094428,0.872,0.854620826072566,0.889379173927434
"Cucconi","ghEqual",27458,1000,10,10,2,3,1,-3,0,0,0.06,0.0406542571504736,0.0793457428495263,0.116,0.096152253770264,0.135847746229736,0.158,0.139026367192865,0.176973632807135
"Cucconi","ghEqual",150946,1000,10,10,2.5,3,1,1,0,0,0.242,0.207111030305611,0.276888969694389,0.514,0.483021829518191,0.544978170481809,0.676,0.651654889205428,0.700345110794572
"Cucconi","ghEqual",36561720,1000,10,10,2.5,3,3,3,0,0,0.355,0.316020174325685,0.393979825674315,0.687,0.65825868671059,0.71574131328941,0.807,0.786470360456769,0.827529639543231
"Cucconi","ghEqual",263475581,1000,10,10,2.5,3,1,3,0,0,0.405,0.365011800220565,0.444988199779435,0.721,0.693201215594922,0.748798784405078,0.83,0.810459781794975,0.849540218205025
"Cucconi","ghEqual",95707,1000,10,10,2.5,3,-1,1,0,0,0.431,0.390659560358568,0.471340439641432,0.694,0.665437480111167,0.722562519888833,0.807,0.786470360456769,0.827529639543231
"Cucconi","ghEqual",217067193,1000,10,10,2.5,3,-3,3,0,0,1,1,1,1,1,1,1,1,1
"Cucconi","ghEqual",1898430,1000,10,10,2.5,3,-1,3,0,0,0.762,0.727309399079059,0.796690600920941,0.921,0.904281418289819,0.937718581710181,0.961,0.950929294415236,0.971070705584764
"Cucconi","ghEqual",10840759,1000,10,10,2.5,3,1,-3,0,0,0.084,0.0614039129815802,0.10659608701842,0.172,0.148609717710126,0.195390282289874,0.239,0.216815115033541,0.261184884966459
"Cucconi","ghEqual",207056257,1000,20,20,0,1,1,1,0,1,0.007,0.000208440607931048,0.013791559392069,0.051,0.0373643995951773,0.0646356004048227,0.101,0.0853250402241345,0.116674959775865
"Cucconi","ghEqual",3645961,1000,20,20,0,1,3,3,0,1,0.004,-0.00114168567534034,0.00914168567534034,0.04,0.0278543242262935,0.0521456757737065,0.092,0.0769650239641029,0.107034976035897
"Cucconi","ghEqual",23652052,1000,20,20,0,1,1,3,0,1,0.134,0.106250369549416,0.161749630450584,0.313,0.28425868671059,0.34174131328941,0.442,0.416165852406166,0.467834147593834
"Cucconi","ghEqual",36750,1000,20,20,0,1,-1,1,0,1,0.046,0.0289352880486074,0.0630647119513926,0.162,0.139163182148119,0.184836817851881,0.279,0.25566887737431,0.30233112262569
"Cucconi","ghEqual",17435,1000,20,20,0,1,-3,3,0,1,0.159,0.129211926363996,0.188788073636004,0.404,0.373586256159427,0.434413743840573,0.547,0.521105432214941,0.572894567785059
"Cucconi","ghEqual",94405,1000,20,20,0,1,-1,3,0,1,0.1,0.0755619182422188,0.124438081757781,0.3,0.271596901577469,0.328403098422531,0.432,0.40623192691721,0.45776807308279
"Cucconi","ghEqual",392440,1000,20,20,0,1,1,-3,0,1,0.117,0.0908170159390493,0.143182984060951,0.288,0.259933237992244,0.316066762007756,0.406,0.380454045073633,0.431545954926368
"Cucconi","ghEqual",91331664,1000,20,20,0.5,3,1,1,0,0,0.034,0.0192370251323116,0.0487629748676884,0.142,0.120365648204765,0.163634351795235,0.253,0.230385527404447,0.275614472595553
"Cucconi","ghEqual",158714,1000,20,20,0.5,3,3,3,0,0,0.263,0.227136103141795,0.298863896858205,0.527,0.496054895805637,0.557945104194363,0.65,0.625188295352798,0.674811704647202
"Cucconi","ghEqual",61906724,1000,20,20,0.5,3,1,3,0,0,0.277,0.240545185567665,0.313454814432335,0.548,0.517152812873781,0.57884718712622,0.68,0.655734158988405,0.704265841011595
"Cucconi","ghEqual",2870053,1000,20,20,0.5,3,-1,1,0,0,0.105,0.0800280747718563,0.129971925228144,0.278,0.250231842236115,0.305768157763885,0.407,0.381444142750144,0.432555857249856
"Cucconi","ghEqual",95387285,1000,20,20,0.5,3,-3,3,0,0,0.354,0.315044951562294,0.392955048437706,0.611,0.580782990776716,0.641217009223284,0.719,0.69561790033006,0.74238209966994
"Cucconi","ghEqual",55294289,1000,20,20,0.5,3,-1,3,0,0,0.229,0.19477126974625,0.26322873025375,0.457,0.426124493824392,0.487875506175608,0.61,0.584627508054982,0.635372491945018
"Cucconi","ghEqual",60367,1000,20,20,0.5,3,1,-3,0,0,0.041,0.0248472269704549,0.0571527730295451,0.153,0.13068774360133,0.17531225639867,0.252,0.229415162422546,0.274584837577454
"Cucconi","ghEqual",281920,1000,20,20,1,3,1,1,0,0,0.151,0.121833240710974,0.180166759289026,0.361,0.331231284098907,0.390768715901093,0.501,0.474990318264635,0.527009681735365
"Cucconi","ghEqual",6152795,1000,20,20,1,3,3,3,0,0,0.536,0.495375573427998,0.576624426572002,0.778,0.752241393950759,0.803758606049241,0.856,0.837736499086977,0.874263500913023
"Cucconi","ghEqual",225408,1000,20,20,1,3,1,3,0,0,0.482,0.441296265422249,0.522703734577751,0.735,0.707645884404719,0.762354115595281,0.837,0.817785794401667,0.856214205598333
"Cucconi","ghEqual",165115,1000,20,20,1,3,-1,1,0,0,0.219,0.185310587846268,0.252689412153732,0.445,0.414197740991934,0.475802259008066,0.593,0.567444142750144,0.618555857249856
"Cucconi","ghEqual",35043,1000,20,20,1,3,-3,3,0,0,0.609,0.569249473646957,0.648750526353043,0.824,0.800396521476697,0.847603478523302,0.904,0.888675520446031,0.919324479553969
"Cucconi","ghEqual",459648,1000,20,20,1,3,-1,3,0,0,0.466,0.425364140922776,0.506635859077224,0.712,0.683933237992244,0.740066762007756,0.798,0.777114588682528,0.818885411317472
"Cucconi","ghEqual",79246,1000,20,20,1,3,1,-3,0,0,0.031,0.0168814988308249,0.0451185011691751,0.113,0.0933773750583669,0.132622624941633,0.199,0.178231329388355,0.219768670611645
"Cucconi","ghEqual",75842402,1000,20,20,1.5,3,1,1,0,0,0.314,0.276192954446241,0.351807045553759,0.607,0.576727611233997,0.637272388766003,0.732,0.708959662320183,0.755040337679817
"Cucconi","ghEqual",9503533,1000,20,20,1.5,3,3,3,0,0,0.689,0.651291811956765,0.726708188043235,0.878,0.857714615468274,0.898285384531726,0.926,0.912382817578515,0.939617182421485
"Cucconi","ghEqual",345793472,1000,20,20,1.5,3,1,3,0,0,0.696,0.658529691365242,0.733470308634758,0.867,0.845952939929767,0.888047060070233,0.927,0.91346783765339,0.94053216234661
"Cucconi","ghEqual",3567758,1000,20,20,1.5,3,-1,1,0,0,0.405,0.365011800220565,0.444988199779435,0.65,0.620437117867163,0.679562882132837,0.773,0.751209430645919,0.794790569354081
"Cucconi","ghEqual",79050,1000,20,20,1.5,3,-3,3,0,0,0.967,0.952448221829068,0.981551778170932,0.993,0.987832509158208,0.998167490841792,0.998,0.995675946235562,1.00032405376444
"Cucconi","ghEqual",26464,1000,20,20,1.5,3,-1,3,0,0,0.705,0.667850632393,0.742149367607,0.886,0.866301853731886,0.905698146268114,0.929,0.915640108422034,0.942359891577966
"Cucconi","ghEqual",50930226,1000,20,20,1.5,3,1,-3,0,0,0.033,0.0184482218290684,0.0475517781709316,0.108,0.0887624227720848,0.127237577227915,0.171,0.151414204178155,0.190585795821845
"Cucconi","ghEqual",48266889,1000,20,20,2,3,1,1,0,0,0.557,0.516535393690584,0.597464606309416,0.797,0.772069370132305,0.821930629867695,0.874,0.856737372821613,0.891262627178387
"Cucconi","ghEqual",215784,1000,20,20,2,3,3,3,0,0,0.799,0.766354954589954,0.831645045410047,0.93,0.914185824080908,0.945814175919092,0.965,0.955439874772002,0.974560125227998
"Cucconi","ghEqual",1065351,1000,20,20,2,3,1,3,0,0,0.805,0.772725382456178,0.837274617543822,0.948,0.934238622394542,0.961761377605458,0.973,0.964568512422176,0.981431487577824
"Cucconi","ghEqual",3699361,1000,20,20,2,3,-1,1,0,0,0.694,0.656460688146105,0.731539311853895,0.868,0.847020124843079,0.888979875156921,0.932,0.918904312144832,0.945095687855168
"Cucconi","ghEqual",346223,1000,20,20,2,3,-3,3,0,0,1,1,1,1,1,1,1,1,1
"Cucconi","ghEqual",4687202,1000,20,20,2,3,-1,3,0,0,0.926,0.904676071782526,0.947323928217474,0.978,0.968908472867554,0.987091527132446,0.991,0.986087257692999,0.995912742307001
"Cucconi","ghEqual",92696504,1000,20,20,2,3,1,-3,0,0,0.039,0.0232297035949225,0.0547702964050775,0.124,0.103572323715116,0.144427676284884,0.196,0.175349909356131,0.216650090643869
"Cucconi","ghEqual",4105510,1000,20,20,2.5,3,1,1,0,0,0.718,0.68134504970163,0.75465495029837,0.915,0.897714733441454,0.932285266558546,0.95,0.938662619901406,0.961337380098594
"Cucconi","ghEqual",169902,1000,20,20,2.5,3,3,3,0,0,0.893,0.867819550588284,0.918180449411716,0.97,0.959426894495939,0.980573105504061,0.985,0.978676905870146,0.991323094129854
"Cucconi","ghEqual",238934,1000,20,20,2.5,3,1,3,0,0,0.909,0.885571283540407,0.932428716459593,0.978,0.968908472867554,0.987091527132446,0.989,0.983574242359357,0.994425757640643
"Cucconi","ghEqual",27988755,1000,20,20,2.5,3,-1,1,0,0,0.875,0.848059547145603,0.901940452854397,0.971,0.960599249334784,0.981400750665216,0.986,0.979888210646627,0.992111789353373
"Cucconi","ghEqual",107299154,1000,20,20,2.5,3,-3,3,0,0,1,1,1,1,1,1,1,1,1
"Cucconi","ghEqual",475675,1000,20,20,2.5,3,-1,3,0,0,0.996,0.99085831432466,1.00114168567534,1,1,1,1,1,1
"Cucconi","ghEqual",148485,1000,20,20,2.5,3,1,-3,0,0,0.072,0.0509435043462593,0.0930564956537407,0.181,0.157136325882212,0.204863674117788,0.277,0.25372043100109,0.30027956899891
"Cucconi","ghEqual",228694596,1000,100,100,0,1,1,1,0,1,0.013,0.00377266875765262,0.0222273312423474,0.055,0.0408696369473392,0.0691303630526608,0.104,0.0881205090257905,0.119879490974209
"Cucconi","ghEqual",72271,1000,100,100,0,1,3,3,0,1,0.014,0.00442919794876103,0.023570802051239,0.054,0.0399912779169547,0.0680087220830453,0.106,0.0899864509523966,0.122013549047603
"Cucconi","ghEqual",50865,1000,100,100,0,1,1,3,0,1,0.813,0.781237700633361,0.844762299366639,0.924,0.90757524677811,0.94042475322189,0.954,0.94310269753104,0.96489730246896
"Cucconi","ghEqual",5088899,1000,100,100,0,1,-1,1,0,1,0.35,0.3111459263397,0.3888540736603,0.584,0.55345014451098,0.61454985548902,0.713,0.68946839143248,0.73653160856752
"Cucconi","ghEqual",45602798,1000,100,100,0,1,-3,3,0,1,0.925,0.903544069351343,0.946455930648658,0.982,0.973759604281347,0.990240395718653,0.988,0.982335846718176,0.993664153281824
"Cucconi","ghEqual",12495942,1000,100,100,0,1,-1,3,0,1,0.799,0.766354954589954,0.831645045410047,0.934,0.918611316157644,0.949388683842356,0.959,0.948685049831676,0.969314950168324
"Cucconi","ghEqual",33198452,1000,100,100,0,1,1,-3,0,1,0.771,0.73677126974625,0.80522873025375,0.903,0.884656347539271,0.921343652460729,0.95,0.938662619901406,0.961337380098594
"Cucconi","ghEqual",101603666,1000,100,100,0.5,3,1,1,0,0,0.374,0.3345843378817,0.4134156621183,0.615,0.584840509951261,0.645159490048739,0.724,0.700746425229656,0.747253574770344
"Cucconi","ghEqual",151684,1000,100,100,0.5,3,3,3,0,0,0.992,0.984743174362299,0.999256825637701,0.999,0.997040980245123,1.00095901975488,0.999,0.997355822705728,1.00064417729427
"Cucconi","ghEqual",90445,1000,100,100,0.5,3,1,3,0,0,0.99,0.981894805221341,0.998105194778659,0.998,0.995230914663648,1.00076908533635,1,1,1
"Cucconi","ghEqual",127067,1000,100,100,0.5,3,-1,1,0,0,0.774,0.739930123554319,0.808069876445682,0.928,0.911978753306936,0.944021246693064,0.963,0.953180714039453,0.972819285960547
"Cucconi","ghEqual",6923065,1000,100,100,0.5,3,-3,3,0,0,0.996,0.99085831432466,1.00114168567534,0.999,0.997040980245123,1.00095901975488,0.999,0.997355822705728,1.00064417729427
"Cucconi","ghEqual",2955715,1000,100,100,0.5,3,-1,3,0,0,0.973,0.959796649239833,0.986203350760167,0.997,0.993610276471451,1.00038972352855,0.999,0.997355822705728,1.00064417729427
"Cucconi","ghEqual",96615669,1000,100,100,0.5,3,1,-3,0,0,0.375,0.335563215141191,0.414436784858809,0.598,0.567610770434248,0.628389229565752,0.727,0.703825283437008,0.750174716562992
"Cucconi","ghEqual",346053,1000,100,100,1,3,1,1,0,0,0.925,0.903544069351343,0.946455930648658,0.986,0.978717868004492,0.993282131995508,0.993,0.988662998757782,0.997337001242218
"Cucconi","ghEqual",1902834,1000,100,100,1,3,3,3,0,0,1,1,1,1,1,1,1,1,1
"Cucconi","ghEqual",55478,1000,100,100,1,3,1,3,0,0,1,1,1,1,1,1,1,1,1
"Cucconi","ghEqual",343558,1000,100,100,1,3,-1,1,0,0,0.98,0.968595561846369,0.991404438153631,0.994,0.98921342477339,0.99878657522661,0.998,0.995675946235562,1.00032405376444
"Cucconi","ghEqual",15651480,1000,100,100,1,3,-3,3,0,0,1,1,1,1,1,1,1,1,1
"Cucconi","ghEqual",23333,1000,100,100,1,3,-1,3,0,0,0.999,0.996425288322161,1.00157471167784,1,1,1,1,1,1
"Cucconi","ghEqual",1130479,1000,100,100,1,3,1,-3,0,0,0.104,0.0791333928574081,0.128866607142592,0.245,0.218342919139561,0.271657080860439,0.368,0.342913021895812,0.393086978104188
"Cucconi","ghEqual",299038,1000,100,100,1.5,3,1,1,0,0,0.999,0.996425288322161,1.00157471167784,1,1,1,1,1,1
"Cucconi","ghEqual",13090996,1000,100,100,1.5,3,3,3,0,0,1,1,1,1,1,1,1,1,1
"Cucconi","ghEqual",1679165,1000,100,100,1.5,3,1,3,0,0,1,1,1,1,1,1,1,1,1
"Cucconi","ghEqual",45316,1000,100,100,1.5,3,-1,1,0,0,1,1,1,1,1,1,1,1,1
"Cucconi","ghEqual",113493618,1000,100,100,1.5,3,-3,3,0,0,1,1,1,1,1,1,1,1,1
"Cucconi","ghEqual",227246,1000,100,100,1.5,3,-1,3,0,0,1,1,1,1,1,1,1,1,1
"Cucconi","ghEqual",31674060,1000,100,100,1.5,3,1,-3,0,0,0.037,0.0216234160277388,0.0523765839722612,0.108,0.0887624227720848,0.127237577227915,0.181,0.160971559222571,0.201028440777429
"Cucconi","ghEqual",3286975,1000,100,100,2,3,1,1,0,0,1,1,1,1,1,1,1,1,1
"Cucconi","ghEqual",123290,1000,100,100,2,3,3,3,0,0,1,1,1,1,1,1,1,1,1
"Cucconi","ghEqual",21997234,1000,100,100,2,3,1,3,0,0,1,1,1,1,1,1,1,1,1
"Cucconi","ghEqual",3348882,1000,100,100,2,3,-1,1,0,0,1,1,1,1,1,1,1,1,1
"Cucconi","ghEqual",95793432,1000,100,100,2,3,-3,3,0,0,1,1,1,1,1,1,1,1,1
"Cucconi","ghEqual",1150632,1000,100,100,2,3,-1,3,0,0,1,1,1,1,1,1,1,1,1
"Cucconi","ghEqual",7706017,1000,100,100,2,3,1,-3,0,0,0.078,0.056154669450521,0.099845330549479,0.19,0.165684938001313,0.214315061998687,0.27,0.246905465419282,0.293094534580718
"Cucconi","ghEqual",205544907,1000,100,100,2.5,3,1,1,0,0,1,1,1,1,1,1,1,1,1
"Cucconi","ghEqual",1208860,1000,100,100,2.5,3,3,3,0,0,1,1,1,1,1,1,1,1,1
"Cucconi","ghEqual",2340543,1000,100,100,2.5,3,1,3,0,0,1,1,1,1,1,1,1,1,1
"Cucconi","ghEqual",323566,1000,100,100,2.5,3,-1,1,0,0,1,1,1,1,1,1,1,1,1
"Cucconi","ghEqual",346403629,1000,100,100,2.5,3,-3,3,0,0,1,1,1,1,1,1,1,1,1
"Cucconi","ghEqual",134452350,1000,100,100,2.5,3,-1,3,0,0,1,1,1,1,1,1,1,1,1
"Cucconi","ghEqual",498412,1000,100,100,2.5,3,1,-3,0,0,0.184,0.152435432020317,0.215564567979683,0.391,0.360755034296597,0.421244965703403,0.514,0.488000464059911,0.539999535940089
"Cucconi","ghEqual",297124,1000,10,100,0,1,1,1,0,1,0.007,0.000208440607931048,0.013791559392069,0.039,0.0270008614309193,0.0509991385690807,0.094,0.0788192255434711,0.109180774456529
"Cucconi","ghEqual",9268335,1000,10,100,0,1,3,3,0,1,0.009,0.00130685460010016,0.0166931453998998,0.042,0.0295673567733969,0.0544326432266031,0.099,0.0834637609449713,0.114536239055029
"Cucconi","ghEqual",44282097,1000,10,100,0,1,1,3,0,1,0.223,0.189091482732269,0.256908517267731,0.386,0.355825928905764,0.416174071094236,0.465,0.439054068346367,0.490945931653633
"Cucconi","ghEqual",3890769,1000,10,100,0,1,-1,1,0,1,0.092,0.0684558673139994,0.115544132686001,0.199,0.17425434990953,0.22374565009047,0.275,0.251772565049601,0.298227434950399
"Cucconi","ghEqual",66538076,1000,10,100,0,1,-3,3,0,1,0.226,0.191930123554319,0.260069876445681,0.405,0.374574195819995,0.435425804180005,0.468,0.442043588838208,0.493956411161792
"Cucconi","ghEqual",105700,1000,10,100,0,1,-1,3,0,1,0.179,0.147772015672093,0.210227984327907,0.386,0.355825928905764,0.416174071094236,0.431,0.405239121424629,0.456760878575371
"Cucconi","ghEqual",243491,1000,10,100,0,1,1,-3,0,1,0.191,0.158978858987475,0.223021141012525,0.38,0.349915436516379,0.410084563483621,0.425,0.39928454045958,0.45071545954042
"Cucconi","ghEqual",65125,1000,10,100,0.5,3,1,1,0,0,0.097,0.0728911996230422,0.121108800376958,0.211,0.185710758682792,0.236289241317208,0.287,0.26346839143248,0.31053160856752
"Cucconi","ghEqual",3008878,1000,10,100,0.5,3,3,3,0,0,0.384,0.344381153498064,0.423618846501936,0.593,0.562550467957619,0.623449532042381,0.678,0.653694269114055,0.702305730885946
"Cucconi","ghEqual",70431,1000,10,100,0.5,3,1,3,0,0,0.418,0.377821335983186,0.458178664016814,0.571,0.540323714462145,0.601676285537855,0.658,0.633323026078954,0.682676973921046
"Cucconi","ghEqual",510125,1000,10,100,0.5,3,-1,1,0,0,0.15,0.120912864699321,0.179087135300679,0.274,0.246356077731263,0.301643922268737,0.36,0.33503065559531,0.384969344404689
"Cucconi","ghEqual",151844,1000,10,100,0.5,3,-3,3,0,0,0.345,0.306276370500688,0.383723629499312,0.561,0.530241173520435,0.591758826479565,0.643,0.618076702770801,0.667923297229199
"Cucconi","ghEqual",15169907,1000,10,100,0.5,3,-1,3,0,0,0.31,0.272325174368021,0.347674825631979,0.517,0.486027596515608,0.547972403484392,0.558,0.532165852406166,0.583834147593834
"Cucconi","ghEqual",45141519,1000,10,100,0.5,3,1,-3,0,0,0.098,0.0737806677363722,0.122219332263628,0.236,0.209681644306682,0.262318355693318,0.275,0.251772565049601,0.298227434950399
"Cucconi","ghEqual",593226,1000,10,100,1,3,1,1,0,0,0.268,0.231919811633308,0.304080188366692,0.435,0.404272662985543,0.465727337014457,0.512,0.485997758127423,0.538002241872577
"Cucconi","ghEqual",32087,1000,10,100,1,3,3,3,0,0,0.638,0.598851918541824,0.677148081458176,0.767,0.740798164613905,0.793201835386095,0.814,0.79375887826478,0.83424112173522
"Cucconi","ghEqual",139539,1000,10,100,1,3,1,3,0,0,0.582,0.541821335983186,0.622178664016814,0.732,0.704547682764473,0.759452317235527,0.785,0.763629240318253,0.806370759681747
"Cucconi","ghEqual",75357167,1000,10,100,1,3,-1,1,0,0,0.264,0.228092371006929,0.299907628993071,0.437,0.406256664305902,0.467743335694098,0.536,0.510057771074944,0.561942228925056
"Cucconi","ghEqual",62414799,1000,10,100,1,3,-3,3,0,0,0.611,0.571286216449399,0.650713783550601,0.796,0.771023723768344,0.820976276231656,0.878,0.86097476655373,0.89502523344627
"Cucconi","ghEqual",35925,1000,10,100,1,3,-1,3,0,0,0.485,0.444288196424133,0.525711803575867,0.678,0.649039980221001,0.706960019778999,0.737,0.714097783256309,0.759902216743691
"Cucconi","ghEqual",230374509,1000,10,100,1,3,1,-3,0,0,0.082,0.0596501750750481,0.104349824924952,0.189,0.164734044292466,0.213265955707534,0.211,0.189775101037343,0.232224898962657
"Cucconi","ghEqual",54904791,1000,10,100,1.5,3,1,1,0,0,0.487,0.446283632850462,0.527716367149538,0.66,0.630639226168236,0.689360773831764,0.72,0.696643317016323,0.743356682983677
"Cucconi","ghEqual",43318023,1000,10,100,1.5,3,3,3,0,0,0.743,0.707403538617216,0.778596461382783,0.873,0.852362121388088,0.893637878611912,0.904,0.888675520446031,0.919324479553969
"Cucconi","ghEqual",344700,1000,10,100,1.5,3,1,3,0,0,0.732,0.695919811633308,0.768080188366692,0.847,0.82468774360133,0.86931225639867,0.886,0.869467627239262,0.902532372760738
"Cucconi","ghEqual",521103,1000,10,100,1.5,3,-1,1,0,0,0.434,0.393626263985804,0.474373736014196,0.654,0.624516231339939,0.683483768660061,0.747,0.724385527404447,0.769614472595553
"Cucconi","ghEqual",3939830,1000,10,100,1.5,3,-3,3,0,0,0.924,0.902413181479801,0.945586818520199,0.979,0.970112961438139,0.987887038561861,0.995,0.991330875530184,0.998669124469816
"Cucconi","ghEqual",109388,1000,10,100,1.5,3,-1,3,0,0,0.711,0.6740742282856,0.7479257717144,0.863,0.841688120458298,0.884311879541702,0.903,0.887604434541888,0.918395565458112
"Cucconi","ghEqual",6519671,1000,10,100,1.5,3,1,-3,0,0,0.053,0.03475017169352,0.07124982830648,0.161,0.138220195646143,0.183779804353857,0.193,0.172470360456769,0.213529639543231
"Cucconi","ghEqual",237613622,1000,10,100,2,3,1,1,0,0,0.612,0.572304851356167,0.651695148643833,0.766,0.739759120624491,0.792240879375509,0.827,0.807323778239332,0.846676221760668
"Cucconi","ghEqual",206578582,1000,10,100,2,3,3,3,0,0,0.812,0.780172480130302,0.843827519869698,0.912,0.89444120022325,0.92955879977675,0.932,0.918904312144832,0.945095687855168
"Cucconi","ghEqual",1616852,1000,10,100,2,3,1,3,0,0,0.834,0.803690209955462,0.864309790044538,0.916,0.898807325094681,0.933192674905319,0.929,0.915640108422034,0.942359891577966
"Cucconi","ghEqual",134530386,1000,10,100,2,3,-1,1,0,0,0.658,0.619356908923638,0.696643091076362,0.865,0.84381975354251,0.88618024645749,0.934,0.921084497489451,0.946915502510549
"Cucconi","ghEqual",24032424,1000,10,100,2,3,-3,3,0,0,1,1,1,1,1,1,1,1,1
"Cucconi","ghEqual",30604,1000,10,100,2,3,-1,3,0,0,0.886,0.860111007761908,0.911888992238092,0.96,0.947854324226293,0.972145675773706,0.975,0.966878463238093,0.983121536761907
"Cucconi","ghEqual",326516927,1000,10,100,2,3,1,-3,0,0,0.028,0.0145612768606538,0.0414387231393462,0.133,0.111952939929767,0.154047060070233,0.165,0.145691385487949,0.184308614512051
"Cucconi","ghEqual",19007,1000,10,100,2.5,3,1,1,0,0,0.757,0.722062088915105,0.791937911084895,0.866,0.844886150744121,0.887113849255879,0.909,0.894038727260858,0.923961272739142
"Cucconi","ghEqual",909719,1000,10,100,2.5,3,3,3,0,0,0.869,0.841515275077527,0.896484724922473,0.933,0.91750347595104,0.94849652404896,0.949,0.937555835374524,0.960444164625476
"Cucconi","ghEqual",834015,1000,10,100,2.5,3,1,3,0,0,0.88,0.853528544701887,0.906471455298113,0.929,0.91308183131136,0.94491816868864,0.955,0.944216149835286,0.965783850164714
"Cucconi","ghEqual",37366048,1000,10,100,2.5,3,-1,1,0,0,0.883,0.856817015939049,0.909182984060951,0.964,0.952453620203717,0.975546379796282,0.983,0.976275389693447,0.989724610306553
"Cucconi","ghEqual",190948,1000,10,100,2.5,3,-3,3,0,0,1,1,1,1,1,1,1,1,1
"Cucconi","ghEqual",412630,1000,10,100,2.5,3,-1,3,0,0,0.989,0.980503494418056,0.997496505581944,0.999,0.997040980245123,1.00095901975488,1,1,1
"Cucconi","ghEqual",13832285,1000,10,100,2.5,3,1,-3,0,0,0.035,0.0200292507067949,0.0499707492932051,0.178,0.154291614445517,0.201708385554483,0.234,0.211976404809841,0.256023595190159
