"method","distribution","seed","N","n1","n2","delta","sd","null","power0.01","l_CI","u_CI","power0.05","l_CI","u_CI","power0.10","l_CI","u_CI","ct_0.10","ct_0.05","ct_0.01"
"HFR","Logistic",74893060,10000,10,10,0,1,1,0.0065,0.00442992313031617,0.00857007686968383,0.0514,0.0470720803327234,0.0557279196672767,0.1032,0.0981955823085598,0.10820441769144,1032,514,65
"HFR","Logistic",30069143,10000,10,10,0,3,1,0.0077,0.00544828864991625,0.00995171135008375,0.055,0.0505315868588502,0.0594684131411498,0.106,0.100936071158675,0.111063928841325,1060,550,77
"HFR","Logistic",37574298,10000,10,10,0,5,1,0.0055,0.00359484814841441,0.00740515185158559,0.0534,0.0489933358750184,0.0578066641249816,0.1067,0.101621367600055,0.111778632399945,1067,534,55
"HFR","Logistic",1880035,10000,10,10,0,2,1,0.0082,0.00587691641085044,0.0105230835891496,0.0561,0.0515897512478357,0.0606102487521643,0.1098,0.104657066990919,0.114942933009081,1098,561,82
"HFR","Logistic",336665779,10000,10,10,0.5,1,0,0.0157,0.0124977190820642,0.0189022809179358,0.096,0.0902260116522459,0.101773988347754,0.1672,0.161061611139199,0.173338388860801,1672,960,157
"HFR","Logistic",212694981,10000,10,10,1.5,1,0,0.1604,0.150946682255695,0.169853317744305,0.4306,0.420894859756686,0.440305140243314,0.5694,0.561254614438647,0.577545385561353,5694,4306,1604
"HFR","Logistic",95635,10000,10,10,2,1,0,0.3191,0.307092546101702,0.331107453898298,0.6482,0.638840373847124,0.657559626152876,0.77,0.763077305239287,0.776922694760713,7700,6482,3191
"HFR","Logistic",8310756,10000,10,10,2.5,1,0,0.518,0.505128348945936,0.530871651054065,0.8134,0.805764034191381,0.821035965808619,0.8923,0.887200481162132,0.897399518837868,8923,8134,5180
"HFR","Logistic",46173,10000,10,10,0.5,3,0,0.0065,0.00442992313031617,0.00857007686968383,0.0561,0.0515897512478357,0.0606102487521643,0.109,0.103873534921849,0.114126465078151,1090,561,65
"HFR","Logistic",3241014,10000,10,10,1.5,3,0,0.0162,0.012947953288365,0.019452046711635,0.0972,0.0913938937500593,0.103006106249941,0.1705,0.164313624330484,0.176686375669516,1705,972,162
"HFR","Logistic",47660034,10000,10,10,2,3,0,0.0208,0.0171236806630631,0.0244763193369369,0.1273,0.120767148877129,0.133832851122871,0.2126,0.205869532405018,0.219330467594982,2126,1273,208
"HFR","Logistic",48473530,10000,10,10,2.5,3,0,0.0444,0.0390939001985956,0.0497060998014044,0.1727,0.165291440855767,0.180108559144233,0.2731,0.265770673194285,0.280429326805715,2731,1727,444
"HFR","Logistic",35464,10000,10,10,1,1,0,0.0608,0.0546443107144093,0.0669556892855907,0.2357,0.227381063822723,0.244018936177277,0.3445,0.336682878477382,0.352317121522618,3445,2357,608
"HFR","Logistic",20929887,10000,10,10,1,3,0,0.0121,0.00928359545455842,0.0149164045454416,0.0731,0.0679981087053525,0.0782018912946475,0.138,0.132326395238475,0.143673604761525,1380,731,121
"HFR","Logistic",286455527,10000,10,10,5,1,0,0.9461,0.940282870092502,0.951917129907498,0.9862,0.983913463630379,0.988486536369621,0.9993,0.998864926265128,0.999735073734871,9993,9862,9461
"HFR","Logistic",100850091,10000,10,10,5,3,0,0.209,0.198526128449594,0.219473871550406,0.5079,0.498101223312352,0.517698776687648,0.6463,0.638434967706565,0.654165032293435,6463,5079,2090
"HFR","Logistic",2136431,10000,10,10,0.5,5,0,0.0074,0.00519225528409102,0.00960774471590898,0.0551,0.0506277631549302,0.0595722368450698,0.1091,0.103971471691901,0.114228528308099,1091,551,74
"HFR","Logistic",2354587,10000,10,10,1,5,0,0.0078,0.0055338285107221,0.0100661714892779,0.0616,0.0568876186667036,0.0663123813332964,0.1149,0.109654074882447,0.120145925117553,1149,616,78
"HFR","Logistic",4832093,10000,10,10,1.5,5,0,0.0101,0.00752425890101043,0.0126757410989896,0.0607,0.0560199275303047,0.0653800724696953,0.1194,0.11406594602173,0.12473405397827,1194,607,101
"HFR","Logistic",73470626,10000,10,10,2,5,0,0.0117,0.00892997819822009,0.0144700218017799,0.08,0.0746826532932298,0.0853173467067702,0.1456,0.139798006878184,0.151401993121816,1456,800,117
"HFR","Logistic",2698256,10000,10,10,2.5,5,0,0.0206,0.016941024355142,0.024258975644858,0.0988,0.0929514913687676,0.104648508631232,0.1692,0.163032426616213,0.175367573383787,1692,988,206
"HFR","Logistic",362467,10000,10,10,5,5,0,0.0594,0.0533110617691371,0.0654889382308629,0.2279,0.219678235930507,0.236121764069493,0.3361,0.328329454767137,0.343870545232863,3361,2279,594
"HFR","Logistic",203399,10000,10,10,3,1,0,0.6796,0.667579603385829,0.691620396614171,0.9081,0.902437859197936,0.913762140802064,0.9579,0.954596555332237,0.961203444667763,9579,9081,6796
"HFR","Logistic",6953767,10000,10,10,3,3,0,0.0568,0.0508375888196321,0.0627624111803679,0.2247,0.21651926170657,0.232880738293431,0.3379,0.330119244075093,0.345680755924907,3379,2247,568
"HFR","Logistic",316073124,10000,10,10,3,5,0,0.0224,0.0185880213086346,0.0262119786913654,0.1121,0.105916406875093,0.118283593124907,0.1945,0.187988838350619,0.201011161649381,1945,1121,224
"HFR","Logistic",39820,10000,10,10,0.5,2,0,0.0084,0.00604899387398841,0.0107510061260116,0.063,0.0582379259812556,0.0677620740187444,0.1218,0.116419950607299,0.127180049392701,1218,630,84
"HFR","Logistic",214533621,10000,10,10,1,2,0,0.0175,0.0141222215347954,0.0208777784652046,0.093,0.087307524250381,0.098692475749619,0.1647,0.158598537553932,0.170801462446068,1647,930,175
"HFR","Logistic",189863675,10000,10,10,1.5,2,0,0.0333,0.0286781714100222,0.0379218285899778,0.1464,0.139471267209193,0.153328732790807,0.2396,0.232578492513456,0.246621507486544,2396,1464,333
"HFR","Logistic",142741856,10000,10,10,2,2,0,0.0581,0.0520739001520333,0.0641260998479667,0.2325,0.22422044983106,0.24077955016894,0.3486,0.340761129844225,0.356438870155775,3486,2325,581
"HFR","Logistic",148749258,10000,10,10,2.5,2,0,0.1,0.092272,0.107728,0.3176,0.308475358144102,0.326724641855898,0.4484,0.440218916354932,0.456581083645068,4484,3176,1000
"HFR","Logistic",3669338,10000,10,10,3,2,0,0.1577,0.148311523885737,0.167088476114264,0.435,0.425283162860272,0.444716837139728,0.5744,0.566266566361886,0.582533433638114,5744,4350,1577
"HFR","Logistic",121124,10000,10,10,5,2,0,0.5131,0.500224421432492,0.525975578567508,0.8099,0.802209353858199,0.817590646141801,0.893,0.887915087072771,0.898084912927229,8930,8099,5131
"HFR","Logistic",35353,10000,20,20,0,1,1,0.0099,0.00734963120325236,0.0124503687967476,0.0472,0.0430434984679902,0.0513565015320098,0.099,0.0940870098313247,0.103912990168675,990,472,99
"HFR","Logistic",364499096,10000,20,20,0,3,1,0.0094,0.00691424141894994,0.0118857585810501,0.0483,0.0440977714272543,0.0525022285727457,0.0987,0.093793642789016,0.103606357210984,987,483,94
"HFR","Logistic",5852662,10000,20,20,0,5,1,0.01,0.00743691236201335,0.0125630876379867,0.0509,0.0465920470719378,0.0552079529280622,0.1059,0.100838177292025,0.110961822707975,1059,509,100
"HFR","Logistic",336155,10000,20,20,0,2,1,0.009,0.00656721381654696,0.011432786183453,0.0464,0.0422771438435958,0.0505228561564042,0.1022,0.0972171117126811,0.107182888287319,1022,464,90
"HFR","Logistic",29347,10000,20,20,0.5,1,0,0.0401,0.035046048838441,0.045153951161559,0.1475,0.140549768421124,0.154450231578876,0.2374,0.230400699167267,0.244399300832733,2374,1475,401
"HFR","Logistic",38224662,10000,20,20,1.5,1,0,0.4866,0.473724626296447,0.499475373703553,0.7475,0.738984848856303,0.756015151143697,0.8453,0.839351376346938,0.851248623653063,8453,7475,4866
"HFR","Logistic",19340585,10000,20,20,2,1,0,0.7847,0.774111859394227,0.795288140605773,0.9336,0.928719992015744,0.938480007984256,0.9678,0.964896066632324,0.970703933367676,9678,9336,7847
"HFR","Logistic",59019988,10000,20,20,2.5,1,0,0.9402,0.934091893874588,0.946308106125412,0.9896,0.987611605357481,0.991588394642519,0.9953,0.994174898164265,0.996425101835735,9953,9896,9402
"HFR","Logistic",172819,10000,20,20,0.5,3,0,0.0106,0.00796193954184822,0.0132380604581518,0.0538,0.0493777969370912,0.0582222030629088,0.1151,0.109850104465423,0.120349895534577,1151,538,106
"HFR","Logistic",614831,10000,20,20,1.5,3,0,0.0397,0.0346702711106446,0.0447297288893554,0.1443,0.137412684104704,0.151187315895296,0.2412,0.234162503123098,0.248237496876902,2412,1443,397
"HFR","Logistic",251956,10000,20,20,2,3,0,0.0774,0.0705162821021614,0.0842837178978386,0.2176,0.209512767333729,0.225687232666271,0.3308,0.323060255595667,0.338539744404333,3308,2176,774
"HFR","Logistic",175697,10000,20,20,2.5,3,0,0.114,0.105813181820121,0.122186818179879,0.3027,0.293695240576584,0.311704759423416,0.4347,0.426545445960338,0.442854554039662,4347,3027,1140
"HFR","Logistic",24540,10000,20,20,1,1,0,0.1911,0.180972001696569,0.201227998303431,0.4175,0.407834323044918,0.427165676955082,0.5571,0.54892880976216,0.56527119023784,5571,4175,1911
"HFR","Logistic",1743200,10000,20,20,1,3,0,0.0203,0.0166672088434902,0.0239327911565098,0.09,0.0843908374956684,0.0956091625043316,0.1606,0.154560191691527,0.166639808308473,1606,900,203
"HFR","Logistic",17335094,10000,20,20,5,1,0,0.9997,0.999253890643434,1.00014610935657,1,1,1,1,1,1,10000,10000,9997
"HFR","Logistic",95892528,10000,20,20,5,3,0,0.5885,0.575823364234056,0.601176635765944,0.8213,0.81379122209347,0.828808777906531,0.8962,0.891182734898383,0.901217265101617,8962,8213,5885
"HFR","Logistic",3039506,10000,20,20,0.5,5,0,0.0097,0.00717526898390819,0.0122247310160918,0.0509,0.0465920470719378,0.0552079529280622,0.11,0.104852963498284,0.115147036501716,1100,509,97
"HFR","Logistic",2400436,10000,20,20,1,5,0,0.0134,0.0104381107640318,0.0163618892359682,0.0629,0.0581414530017662,0.0676585469982338,0.1229,0.117499096728974,0.128300903271026,1229,629,134
"HFR","Logistic",204843,10000,20,20,1.5,5,0,0.0188,0.015301325391944,0.022298674608056,0.0841,0.078660260547563,0.089539739452437,0.1499,0.144027787991823,0.155772212008177,1499,841,188
"HFR","Logistic",67433879,10000,20,20,2,5,0,0.0266,0.0224549254297004,0.0307450745702995,0.1055,0.0994789466735462,0.111521053326454,0.1848,0.178415175397993,0.191184824602007,1848,1055,266
"HFR","Logistic",24535,10000,20,20,2.5,5,0,0.041,0.0358920446698899,0.0461079553301101,0.1441,0.13721665440426,0.150983345595741,0.2388,0.231786537918232,0.245813462081768,2388,1441,410
"HFR","Logistic",3131801,10000,20,20,5,5,0,0.188,0.177935254493749,0.198064745506251,0.4167,0.407036959276832,0.426363040723168,0.5549,0.546724730808164,0.563075269191835,5549,4167,1880
"HFR","Logistic",71055,10000,20,20,3,1,0,0.9872,0.984304300995266,0.990095699004734,0.9977,0.996761098624136,0.998638901375864,0.9994,0.998997179837769,0.999802820162231,9994,9977,9872
"HFR","Logistic",39667,10000,20,20,3,3,0,0.1897,0.179600440233138,0.199799559766862,0.4159,0.406239621678713,0.425560378321287,0.5551,0.546925094917739,0.563274905082261,5551,4159,1897
"HFR","Logistic",3833411,10000,20,20,3,5,0,0.0562,0.0502672779363048,0.0621327220636952,0.1791,0.171584653789053,0.186615346210947,0.2836,0.27618524502417,0.29101475497583,2836,1791,562
"HFR","Logistic",35977,10000,20,20,0.5,2,0,0.0162,0.012947953288365,0.019452046711635,0.0713,0.0662564241207651,0.0763435758792349,0.1357,0.13006637308479,0.14133362691521,1357,713,162
"HFR","Logistic",3111166,10000,20,20,1,2,0,0.0441,0.0388110265828099,0.0493889734171901,0.1423,0.135452591676145,0.149147408323855,0.2355,0.228520085498419,0.242479914501581,2355,1423,441
"HFR","Logistic",747072,10000,20,20,1.5,2,0,0.0965,0.0888936974886348,0.104106302511365,0.2669,0.258230142327443,0.275569857672557,0.3858,0.377792408313862,0.393807591686138,3858,2669,965
"HFR","Logistic",273232,10000,20,20,2,2,0,0.1876,0.177543491313372,0.197656508686628,0.4125,0.402851229352918,0.422148770647082,0.5515,0.543318745846793,0.559681254153207,5515,4125,1876
"HFR","Logistic",57451972,10000,20,20,2.5,2,0,0.3212,0.30917169190071,0.33322830809929,0.591,0.581363674401516,0.600636325598484,0.7187,0.711303528455285,0.726096471544715,7187,5910,3212
"HFR","Logistic",142081812,10000,20,20,3,2,0,0.4831,0.470227359416123,0.495972640583876,0.7458,0.737265952928557,0.754334047071443,0.84,0.833969330385438,0.846030669614562,8400,7458,4831
"HFR","Logistic",178759,10000,20,20,5,2,0,0.9403,0.934196678573792,0.946403321426209,0.9896,0.987611605357481,0.991588394642519,0.9959,0.994848847574338,0.996951152425662,9959,9896,9403
"HFR","Logistic",4129933,10000,100,100,0,1,1,0.01,0.00743691236201335,0.0125630876379867,0.0469,0.042756076518274,0.051043923481726,0.1005,0.0955540523305058,0.105445947669494,1005,469,100
"HFR","Logistic",54274769,10000,100,100,0,3,1,0.0103,0.00769914430765258,0.0129008556923474,0.0516,0.0472641255841065,0.0559358744158935,0.1042,0.099174198972114,0.109225801027886,1042,516,103
"HFR","Logistic",2411149,10000,100,100,0,5,1,0.009,0.00656721381654696,0.011432786183453,0.0504,0.0461121291840355,0.0546878708159645,0.1018,0.09682576479769,0.10677423520231,1018,504,90
"HFR","Logistic",2239048,10000,100,100,0,2,1,0.0093,0.00682737409756834,0.0117726259024317,0.0517,0.0473601550053487,0.0560398449946513,0.0991,0.0941848019356312,0.104015198064369,991,517,93
"HFR","Logistic",11375428,10000,100,100,0.5,1,0,0.2823,0.270704946124933,0.293895053875067,0.5209,0.511108565219009,0.530691434780991,0.6484,0.640545621271698,0.656254378728302,6484,5209,2823
"HFR","Logistic",15490483,10000,100,100,1.5,1,0,0.9995,0.998924132909779,1.00007586709022,1,1,1,1,1,1,10000,10000,9995
"HFR","Logistic",882171,10000,100,100,2,1,0,1,1,1,1,1,1,1,1,1,10000,10000,10000
"HFR","Logistic",48974,10000,100,100,2.5,1,0,1,1,1,1,1,1,1,1,1,10000,10000,10000
"HFR","Logistic",356602410,10000,100,100,0.5,3,0,0.0264,0.0222701136098067,0.0305298863901933,0.0991,0.0932435937956457,0.104956406204354,0.1741,0.167862234832332,0.180337765167668,1741,991,264
"HFR","Logistic",218619673,10000,100,100,1.5,3,0,0.2897,0.278014669138599,0.301385330861401,0.528,0.518215378466185,0.537784621533815,0.6505,0.642656441450185,0.658343558549815,6505,5280,2897
"HFR","Logistic",255188,10000,100,100,2,3,0,0.5449,0.53207203753815,0.55772796246185,0.7755,0.767321848622091,0.783678151377909,0.8623,0.856631579428732,0.867968420571268,8623,7755,5449
"HFR","Logistic",341669192,10000,100,100,2.5,3,0,0.7771,0.766378899986718,0.787821100013282,0.9176,0.912210526018395,0.922989473981605,0.9561,0.952729845418089,0.959470154581911,9561,9176,7771
"HFR","Logistic",23880432,10000,100,100,1,1,0,0.9259,0.919152591487234,0.932647408512766,0.979,0.976189671649077,0.981810328350923,0.992,0.990534564419703,0.993465435580297,9920,9790,9259
"HFR","Logistic",23551,10000,100,100,1,3,0,0.1091,0.101068942904764,0.117131057095236,0.2799,0.27110058245573,0.28869941754427,0.3903,0.382275402180746,0.398324597819254,3903,2799,1091
"HFR","Logistic",3356345,10000,100,100,5,1,0,1,1,1,1,1,1,1,1,1,10000,10000,10000
"HFR","Logistic",25205738,10000,100,100,5,3,0,1,1,1,1,1,1,1,1,1,10000,10000,10000
"HFR","Logistic",75344965,10000,100,100,0.5,5,0,0.0162,0.012947953288365,0.019452046711635,0.0679,0.0629691452166587,0.0728308547833413,0.1269,0.121424437916983,0.132375562083017,1269,679,162
"HFR","Logistic",297368252,10000,100,100,1,5,0,0.0393,0.0342946318104883,0.0443053681895117,0.1302,0.12360414248838,0.13679585751162,0.2108,0.204090429140072,0.217509570859928,2108,1302,393
"HFR","Logistic",803072,10000,100,100,1.5,5,0,0.0848,0.0776236800924641,0.0919763199075359,0.224,0.215828327720717,0.232171672279283,0.332,0.324253185168084,0.339746814831916,3320,2240,848
"HFR","Logistic",143959,10000,100,100,2,5,0,0.169,0.159346390593856,0.178653609406144,0.369,0.359542334842045,0.378457665157955,0.496,0.487775263204211,0.504224736795789,4960,3690,1690
"HFR","Logistic",64640,10000,100,100,2.5,5,0,0.2851,0.273470337380602,0.296729662619398,0.5257,0.515912954165756,0.535487045834244,0.6506,0.642756960864365,0.658443039135635,6506,5257,2851
"HFR","Logistic",36762392,10000,100,100,5,5,0,0.9262,0.919465173254177,0.932934826745823,0.9804,0.977683024274234,0.983116975725766,0.9915,0.989989844306247,0.993010155693753,9915,9804,9262
"HFR","Logistic",673060,10000,100,100,3,1,0,1,1,1,1,1,1,1,1,1,10000,10000,10000
"HFR","Logistic",955977,10000,100,100,3,3,0,0.9213,0.914363605895376,0.928236394104624,0.9825,0.979929951167779,0.985070048832221,0.9923,0.990862086501984,0.993737913498015,9923,9825,9213
"HFR","Logistic",182015376,10000,100,100,3,5,0,0.4343,0.421531676933701,0.447068323066299,0.6822,0.673073823256938,0.691326176743062,0.7897,0.78299626855917,0.79640373144083,7897,6822,4343
"HFR","Logistic",257244315,10000,100,100,0.5,2,0,0.0587,0.052644793775646,0.064755206224354,0.1699,0.162539319488091,0.177260680511909,0.2683,0.261011422665995,0.275588577334005,2683,1699,587
"HFR","Logistic",312397,10000,100,100,1,2,0,0.2887,0.27702664602506,0.30037335397494,0.5266,0.516813878002477,0.536386121997523,0.6476,0.639741543161689,0.655458456838311,6476,5266,2887
"HFR","Logistic",113184,10000,100,100,1.5,2,0,0.6722,0.660107959659362,0.684292040340638,0.8593,0.852484848321453,0.866115151678547,0.9177,0.913179190720371,0.922220809279628,9177,8593,6722
"HFR","Logistic",77203154,10000,100,100,2,2,0,0.9242,0.917381898792308,0.931018101207692,0.9832,0.980680979817151,0.985719020182849,0.9938,0.992508747298202,0.995091252701798,9938,9832,9242
"HFR","Logistic",471772,10000,100,100,2.5,2,0,0.992,0.989705190240216,0.994294809759784,0.9989,0.998250299171618,0.999549700828382,0.9995,0.999132258787495,0.999867741212506,9995,9989,9920
"HFR","Logistic",95465,10000,100,100,3,2,0,0.9997,0.999253890643434,1.00014610935657,1,1,1,1,1,1,10000,10000,9997
"HFR","Logistic",20904,10000,100,100,5,2,0,1,1,1,1,1,1,1,1,1,10000,10000,10000
"HFR","Logistic",107225798,10000,10,100,0,1,1,0.0094,0.00691424141894994,0.0118857585810501,0.0488,0.0445771864817873,0.0530228135182127,0.1034,0.0983912940159059,0.108408705984094,1034,488,94
"HFR","Logistic",21325455,10000,10,100,0,3,1,0.0081,0.00579100861117587,0.0104089913888241,0.0508,0.0464960542129808,0.0551039457870192,0.1003,0.0953584268450447,0.105241573154955,1003,508,81
"HFR","Logistic",49231056,10000,10,100,0,5,1,0.0086,0.00622141025800917,0.0109785897419908,0.052,0.0476482703025119,0.0563517296974881,0.1019,0.0969235993001995,0.106876400699801,1019,520,86
"HFR","Logistic",70296782,10000,10,100,0,2,1,0.0077,0.00544828864991625,0.00995171135008375,0.0488,0.0445771864817873,0.0530228135182127,0.1038,0.0987827348983834,0.108817265101617,1038,488,77
"HFR","Logistic",36344,10000,10,100,0.5,1,0,0.0357,0.0309204605551815,0.0404795394448185,0.1382,0.131435848319146,0.144964151680854,0.2257,0.218823201304039,0.232576798695961,2257,1382,357
"HFR","Logistic",95364,10000,10,100,1.5,1,0,0.4516,0.438780486372044,0.464419513627956,0.7084,0.699491817465364,0.717308182534636,0.8108,0.804357071106678,0.817242928893322,8108,7084,4516
"HFR","Logistic",58812,10000,10,100,2,1,0,0.7497,0.73854113460436,0.76085886539564,0.9163,0.910872027438389,0.921727972561611,0.9537,0.950243295228578,0.957156704771422,9537,9163,7497
"HFR","Logistic",55477,10000,10,100,2.5,1,0,0.9218,0.914883799306167,0.928716200693833,0.9808,0.978110342910778,0.983489657089222,0.9905,0.988904286405906,0.992095713594094,9905,9808,9218
"HFR","Logistic",166381801,10000,10,100,0.5,3,0,0.0112,0.00848912745672984,0.0139108725432702,0.0592,0.0545744265763475,0.0638255734236525,0.1164,0.111124419600499,0.121675580399501,1164,592,112
"HFR","Logistic",38509120,10000,10,100,1.5,3,0,0.0334,0.0287714763463342,0.0380285236536658,0.129,0.122430081169451,0.135569918830549,0.2159,0.209131725712416,0.222668274287584,2159,1290,334
"HFR","Logistic",250211,10000,10,100,2,3,0,0.0663,0.0598907634261594,0.0727092365738406,0.2066,0.198664627318746,0.214535372681254,0.3131,0.305471235748499,0.320728764251501,3131,2066,663
"HFR","Logistic",908736,10000,10,100,2.5,3,0,0.1138,0.105619443234971,0.121980556765029,0.2935,0.284574835954449,0.302425164045551,0.4154,0.40729359021446,0.42350640978554,4154,2935,1138
"HFR","Logistic",890865,10000,10,100,1,1,0,0.1637,0.154168719587366,0.173231280412634,0.3924,0.382829614024586,0.401970385975414,0.5261,0.517886213548492,0.534313786451508,5261,3924,1637
"HFR","Logistic",165994707,10000,10,100,1,3,0,0.022,0.0182214373577245,0.0257785626422755,0.0835,0.0780779247109617,0.0889220752890383,0.1563,0.150326354918329,0.162273645081671,1563,835,220
"HFR","Logistic",112703,10000,10,100,5,1,0,1,1,1,1,1,1,1,1,1,10000,10000,10000
"HFR","Logistic",314792,10000,10,100,5,3,0,0.557,0.544203967944023,0.569796032055977,0.7975,0.789623488145124,0.805376511854876,0.8787,0.873329476566314,0.884070523433686,8787,7975,5570
"HFR","Logistic",1768366,10000,10,100,0.5,5,0,0.0103,0.00769914430765258,0.0129008556923474,0.0536,0.0491855578284001,0.0580144421715999,0.104,0.0989784640437412,0.109021535956259,1040,536,103
"HFR","Logistic",1692119,10000,10,100,1,5,0,0.0128,0.00990430099526626,0.0156956990047337,0.0598,0.0551525279480561,0.0644474720519439,0.1157,0.110438223532895,0.120961776467105,1157,598,128
"HFR","Logistic",8400746,10000,10,100,1.5,5,0,0.0184,0.0149380400048897,0.0218619599951103,0.0833,0.0778838312417725,0.0887161687582275,0.1452,0.139404626011343,0.150995373988657,1452,833,184
"HFR","Logistic",271593,10000,10,100,2,5,0,0.0245,0.0205176214713315,0.0284823785286685,0.0998,0.0939252302995266,0.105674769700473,0.1748,0.168552356701251,0.181047643298749,1748,998,245
"HFR","Logistic",326171056,10000,10,100,2.5,5,0,0.0386,0.0336376022651238,0.0435623977348762,0.1361,0.129379263459531,0.142820736540469,0.2238,0.216943811290527,0.230656188709473,2238,1361,386
"HFR","Logistic",10303647,10000,10,100,5,5,0,0.1735,0.163745230151849,0.183254769848151,0.3992,0.389601214215454,0.408798785784546,0.5319,0.523691756753728,0.540108243246272,5319,3992,1735
"HFR","Logistic",45324,10000,10,100,3,1,0,0.9821,0.978684531929415,0.985515468070585,0.9969,0.995810410984637,0.997989589015363,0.9988,0.998230497293773,0.999369502706227,9988,9969,9821
"HFR","Logistic",62463932,10000,10,100,3,3,0,0.1748,0.165016456451321,0.184583543548679,0.4045,0.394880417641082,0.414119582358918,0.5307,0.522490518600437,0.538909481399563,5307,4045,1748
"HFR","Logistic",2459208,10000,10,100,3,5,0,0.0555,0.0496021553176097,0.0613978446823903,0.172,0.16460334328497,0.17939665671503,0.2726,0.265274867641667,0.279925132358333,2726,1720,555
"HFR","Logistic",9214194,10000,10,100,0.5,2,0,0.0155,0.0123178579098978,0.0186821420901022,0.0682,0.0632590596399471,0.0731409403600529,0.1278,0.122307888187236,0.133292111812764,1278,682,155
"HFR","Logistic",122656,10000,10,100,1,2,0,0.0322,0.0276525639178526,0.0367474360821474,0.1302,0.12360414248838,0.13679585751162,0.2229,0.216053645371953,0.229746354628047,2229,1302,322
"HFR","Logistic",6814887,10000,10,100,1.5,2,0,0.0842,0.0770467694274589,0.091353230572541,0.251,0.242501665113683,0.259498334886317,0.3633,0.355388368951425,0.371211631048575,3633,2510,842
"HFR","Logistic",117515,10000,10,100,2,2,0,0.1738,0.164038572342108,0.183561427657892,0.3938,0.384223608482857,0.403376391517143,0.5257,0.517485872246259,0.533914127753741,5257,3938,1738
"HFR","Logistic",33863724,10000,10,100,2.5,2,0,0.2996,0.287799787399729,0.311400212600271,0.5722,0.562502709894739,0.581897290105261,0.693,0.685412447530494,0.700587552469506,6930,5722,2996
"HFR","Logistic",13478434,10000,10,100,3,2,0,0.4506,0.437783017836945,0.463416982163055,0.7134,0.704537408808345,0.722262591191655,0.8132,0.806788597780485,0.819611402219515,8132,7134,4506
"HFR","Logistic",657409,10000,10,100,5,2,0,0.92,0.913011487185388,0.926988512814612,0.9809,0.978217219615697,0.983582780384303,0.991,0.989446454475241,0.992553545524759,9910,9809,9200
