"method","distribution","seed","N","n1","n2","delta","scale1","scale2","null","power0.01","l_CI","u_CI","power0.05","l_CI","u_CI","power0.10","l_CI","u_CI"
"Cucconi","Cauchy",1463684,1000,10,10,0,1,1,1,0.012,0.00313017698846251,0.0208698230115375,0.053,0.0391142610711565,0.0668857389288435,0.099,0.0834637609449713,0.114536239055029
"Cucconi","Cauchy",63101,1000,10,10,0,0.5,0.5,1,0.007,0.000208440607931048,0.013791559392069,0.043,0.0304267871409094,0.0555732128590905,0.103,0.0871882209800731,0.118811779019927
"Cucconi","Cauchy",278644,1000,10,10,0,2,2,1,0.01,0.00189480522134107,0.0181051947786589,0.054,0.0399912779169547,0.0680087220830453,0.087,0.0723390903496747,0.101660909650325
"Cucconi","Cauchy",49637,1000,10,10,0,0.5,2,1,0.146,0.117235871388412,0.174764128611588,0.347,0.317496237772108,0.376503762227892,0.469,0.44304030508702,0.49495969491298
"Cucconi","Cauchy",350138,1000,10,10,0,1,2,1,0.029,0.0153304419828584,0.0426695580171416,0.099,0.0804887364450722,0.117511263554928,0.185,0.164800967365366,0.205199032634634
"Cucconi","Cauchy",37680,1000,10,10,0.5,1,1,0,0.014,0.00442919794876103,0.023570802051239,0.071,0.05508183131136,0.08691816868864,0.136,0.118168321402627,0.153831678597373
"Cucconi","Cauchy",1265016,1000,10,10,0.5,0.5,0.5,0,0.06,0.0406542571504736,0.0793457428495263,0.174,0.150502550810779,0.19749744918922,0.256,0.233297569610282,0.278702430389718
"Cucconi","Cauchy",9908375,1000,10,10,0.5,2,2,0,0.006,-0.000290927440687899,0.0122909274406879,0.066,0.0506113161576436,0.0813886838423564,0.125,0.107796178204393,0.142203821795607
"Cucconi","Cauchy",4937709,1000,10,10,0.5,0.5,2,0,0.169,0.138472606634958,0.199527393365042,0.378,0.347946354204523,0.408053645795477,0.505,0.478991566764317,0.531008433235683
"Cucconi","Cauchy",16924,1000,10,10,0.5,1,2,0,0.034,0.0192370251323116,0.0487629748676884,0.131,0.110087709298118,0.151912290701882,0.203,0.182076078503899,0.223923921496101
"Cucconi","Cauchy",1550988,1000,10,10,1,1,1,0,0.07,0.0492156545063358,0.0907843454936642,0.173,0.149555991093672,0.196444008906328,0.264,0.241069856485403,0.286930143514597
"Cucconi","Cauchy",88142,1000,10,10,1,0.5,0.5,0,0.235,0.200460940510778,0.269539059489222,0.447,0.416184274378169,0.477815725621831,0.558,0.532165852406166,0.583834147593834
"Cucconi","Cauchy",58807,1000,10,10,1,2,2,0,0.017,0.00646954641356793,0.0275304535864321,0.098,0.079572247190718,0.116427752809282,0.168,0.148551674869028,0.187448325130972
"Cucconi","Cauchy",19832353,1000,10,10,1,0.5,2,0,0.219,0.185310587846268,0.252689412153732,0.433,0.402289170353115,0.463710829646885,0.568,0.54223192691721,0.59376807308279
"Cucconi","Cauchy",324134,1000,10,10,1,1,2,0,0.046,0.0289352880486074,0.0630647119513926,0.185,0.16093306749916,0.20906693250084,0.276,0.252746425229656,0.299253574770344
"Cucconi","Cauchy",39625658,1000,10,10,1.5,1,1,0,0.138,0.10990435318673,0.16609564681327,0.303,0.274516472381392,0.331483527618608,0.424,0.398292486514639,0.449707513485361
"Cucconi","Cauchy",23345,1000,10,10,1.5,0.5,0.5,0,0.491,0.450276462553653,0.531723537446347,0.668,0.638811394661615,0.697188605338385,0.761,0.738815115033541,0.783184884966459
"Cucconi","Cauchy",19246395,1000,10,10,1.5,2,2,0,0.03,0.0161039184803773,0.0438960815196227,0.117,0.0970781643014505,0.136921835698549,0.192,0.171510932319893,0.212489067680107
"Cucconi","Cauchy",1038407,1000,10,10,1.5,0.5,2,0,0.289,0.2520742282856,0.3259257717144,0.513,0.482020155429699,0.543979844570301,0.637,0.611985666773328,0.662014333226672
"Cucconi","Cauchy",816308,1000,10,10,1.5,1,2,0,0.105,0.0800280747718563,0.129971925228144,0.263,0.235712252390496,0.290287747609504,0.376,0.350802809489945,0.401197190510055
"Cucconi","Cauchy",6053852,1000,10,10,2,1,1,0,0.263,0.227136103141795,0.298863896858205,0.451,0.420158853484347,0.481841146515653,0.557,0.53115983021002,0.58284016978998
"Cucconi","Cauchy",9185810,1000,10,10,2,0.5,0.5,0,0.613,0.573323662262552,0.652676337737447,0.774,0.748077267921764,0.799922732078236,0.866,0.848279447945958,0.883720552054042
"Cucconi","Cauchy",551583,1000,10,10,2,2,2,0,0.066,0.0457748726643316,0.0862251273356684,0.168,0.144827527503523,0.191172472496477,0.255,0.232326731612425,0.277673268387575
"Cucconi","Cauchy",2913574,1000,10,10,2,0.5,2,0,0.39,0.35026775729461,0.42973224270539,0.614,0.583825928905764,0.644174071094236,0.717,0.693567496105303,0.740432503894697
"Cucconi","Cauchy",3799131,1000,10,10,2,1,2,0,0.171,0.140329477181111,0.201670522818889,0.347,0.317496237772108,0.376503762227892,0.466,0.440050470426229,0.491949529573771
"Cucconi","Cauchy",2293421,1000,10,10,2.5,1,1,0,0.359,0.319922920562765,0.398077079437235,0.578,0.547389091722067,0.608610908277933,0.678,0.653694269114055,0.702305730885946
"Cucconi","Cauchy",335969883,1000,10,10,2.5,0.5,0.5,0,0.72,0.683424428348965,0.756575571651035,0.845,0.822568915318246,0.867431084681754,0.907,0.891891859321048,0.922108140678952
"Cucconi","Cauchy",558777,1000,10,10,2.5,2,2,0,0.095,0.0711146312232781,0.118885368776722,0.247,0.220269810595508,0.273730189404492,0.364,0.338970904698731,0.389029095301269
"Cucconi","Cauchy",125660265,1000,10,10,2.5,0.5,2,0,0.441,0.400554420961692,0.481445579038308,0.675,0.645969826042547,0.704030173957453,0.785,0.763629240318253,0.806370759681747
"Cucconi","Cauchy",2430858,1000,10,10,2.5,1,2,0,0.251,0.215679761435913,0.286320238564087,0.445,0.414197740991934,0.475802259008066,0.556,0.530153914114513,0.581846085885488
"Cucconi","Cauchy",76654,1000,20,20,0,1,1,1,0.011,0.00250349441805633,0.0194965055819437,0.055,0.0408696369473392,0.0691303630526608,0.1,0.0843941597470691,0.115605840252931
"Cucconi","Cauchy",312184,1000,20,20,0,0.5,0.5,1,0.01,0.00189480522134107,0.0181051947786589,0.056,0.0417493037924458,0.0702506962075542,0.095,0.0797471150474738,0.110252884952526
"Cucconi","Cauchy",1789708,1000,20,20,0,2,2,1,0.012,0.00313017698846251,0.0208698230115375,0.055,0.0408696369473392,0.0691303630526608,0.103,0.0871882209800731,0.118811779019927
"Cucconi","Cauchy",5832982,1000,20,20,0,0.5,2,1,0.455,0.414435156186668,0.495564843813332,0.699,0.670569931438704,0.727430068561296,0.804,0.783349909356131,0.824650090643869
"Cucconi","Cauchy",286834,1000,20,20,0,1,2,1,0.077,0.0552833880152543,0.0987166119847457,0.213,0.187623411387659,0.238376588612341,0.34,0.315357921962627,0.364642078037373
"Cucconi","Cauchy",68437,1000,20,20,0.5,1,1,0,0.024,0.0115325857923946,0.0364674142076054,0.11,0.0906068919458484,0.129393108054152,0.201,0.180153299806084,0.221846700193916
"Cucconi","Cauchy",152229063,1000,20,20,0.5,0.5,0.5,0,0.118,0.0917202545108215,0.144279745489179,0.306,0.277437480111167,0.334562519888833,0.418,0.392342429228393,0.443657570771607
"Cucconi","Cauchy",287518,1000,20,20,0.5,2,2,0,0.02,0.00859556184636876,0.0314044381536312,0.067,0.0515034759510399,0.0824965240489601,0.123,0.105914871297675,0.140085128702325
"Cucconi","Cauchy",13038376,1000,20,20,0.5,0.5,2,0,0.457,0.416420763312058,0.497579236687942,0.69,0.661334371801755,0.718665628198245,0.796,0.775037768162717,0.816962231837283
"Cucconi","Cauchy",120532,1000,20,20,0.5,1,2,0,0.093,0.0693412945963647,0.116658705403635,0.235,0.208720280823418,0.261279719176582,0.362,0.337000545807958,0.386999454192042
"Cucconi","Cauchy",42128,1000,20,20,1,1,1,0,0.145,0.116317769793825,0.173682230206175,0.309,0.280359912877228,0.337640087122772,0.413,0.387387027763748,0.438612972236252
"Cucconi","Cauchy",303578250,1000,20,20,1,0.5,0.5,0,0.498,0.457270189579425,0.538729810420575,0.738,0.710745708418673,0.765254291581327,0.834,0.814644563422645,0.853355436577355
"Cucconi","Cauchy",8309507,1000,20,20,1,2,2,0,0.033,0.0184482218290684,0.0475517781709316,0.128,0.107292899150291,0.148707100849709,0.207,0.185924025294782,0.228075974705218
"Cucconi","Cauchy",22609,1000,20,20,1,0.5,2,0,0.543,0.502420763312058,0.583579236687942,0.772,0.745996479746004,0.798003520253996,0.856,0.837736499086977,0.874263500913023
"Cucconi","Cauchy",15742488,1000,20,20,1,1,2,0,0.139,0.110819101577416,0.167180898422584,0.341,0.311618364402233,0.370381635597768,0.472,0.446031081531954,0.497968918468046
"Cucconi","Cauchy",88448622,1000,20,20,1.5,1,1,0,0.322,0.28393825971903,0.36006174028097,0.562,0.531248855474958,0.592751144525042,0.662,0.63739330721328,0.68660669278672
"Cucconi","Cauchy",104568645,1000,20,20,1.5,0.5,0.5,0,0.787,0.753647912109495,0.820352087890506,0.921,0.904281418289819,0.937718581710181,0.955,0.944216149835286,0.965783850164714
"Cucconi","Cauchy",21357,1000,20,20,1.5,2,2,0,0.076,0.0544131814798011,0.0975868185201988,0.216,0.190494080875216,0.241505919124784,0.321,0.296714150149212,0.345285849850788
"Cucconi","Cauchy",2591699,1000,20,20,1.5,0.5,2,0,0.653,0.614223626786199,0.691776373213801,0.848,0.825747654649453,0.870252345350547,0.92,0.905887472232091,0.934112527767909
"Cucconi","Cauchy",149899090,1000,20,20,1.5,1,2,0,0.252,0.216633105410624,0.287366894589376,0.466,0.435081411571678,0.496918588428323,0.612,0.586651195838857,0.637348804161143
"Cucconi","Cauchy",285991,1000,20,20,2,1,1,0,0.495,0.45427190029476,0.53572809970524,0.719,0.691140476989008,0.746859523010992,0.812,0.791675360952775,0.832324639047225
"Cucconi","Cauchy",5746976,1000,20,20,2,0.5,0.5,0,0.924,0.902413181479801,0.945586818520199,0.979,0.970112961438139,0.987887038561861,0.992,0.987365885802011,0.996634114197989
"Cucconi","Cauchy",79169377,1000,20,20,2,2,2,0,0.124,0.0971521968827243,0.150847803117276,0.296,0.267706396934996,0.324293603065004,0.426,0.400276702056307,0.451723297943693
"Cucconi","Cauchy",9507779,1000,20,20,2,0.5,2,0,0.74,0.704268734945429,0.775731265054571,0.892,0.872762422772085,0.911237577227915,0.949,0.937555835374524,0.960444164625476
"Cucconi","Cauchy",1463049,1000,20,20,2,1,2,0,0.38,0.340460287992956,0.419539712007044,0.631,0.601092236753645,0.660907763246355,0.728,0.704851863003689,0.751148136996311
"Cucconi","Cauchy",211492,1000,20,20,2.5,1,1,0,0.679,0.640969392574086,0.717030607425914,0.854,0.832114249969444,0.875885750030556,0.923,0.909132054846698,0.936867945153302
"Cucconi","Cauchy",139177,1000,20,20,2.5,0.5,0.5,0,0.967,0.952448221829068,0.981551778170932,0.991,0.985146519804424,0.996853480195576,0.997,0.994155053467111,0.999844946532889
"Cucconi","Cauchy",94940707,1000,20,20,2.5,2,2,0,0.232,0.197614886584802,0.266385113415198,0.453,0.422146897958228,0.483853102041772,0.585,0.55936886230822,0.61063113769178
"Cucconi","Cauchy",145939622,1000,20,20,2.5,0.5,2,0,0.837,0.806911371658781,0.867088628341219,0.949,0.935364399595177,0.962635600404823,0.977,0.969202110043416,0.984797889956584
"Cucconi","Cauchy",658686,1000,20,20,2.5,1,2,0,0.488,0.447281595705922,0.528718404294078,0.722,0.694231842236115,0.749768157763885,0.822,0.802101890695345,0.841898109304655
"Cucconi","Cauchy",36864446,1000,100,100,0,1,1,1,0.012,0.00313017698846251,0.0208698230115375,0.061,0.0461661533512039,0.0758338466487961,0.097,0.0816044345418884,0.112395565458112
"Cucconi","Cauchy",41972279,1000,100,100,0,0.5,0.5,1,0.01,0.00189480522134107,0.0181051947786589,0.053,0.0391142610711565,0.0668857389288435,0.096,0.0806755204460315,0.111324479553969
"Cucconi","Cauchy",570020,1000,100,100,0,2,2,1,0.007,0.000208440607931048,0.013791559392069,0.041,0.0287098466079548,0.0532901533920452,0.089,0.0741877820372842,0.103812217962716
"Cucconi","Cauchy",79770162,1000,100,100,0,0.5,2,1,1,1,1,1,1,1,1,1,1
"Cucconi","Cauchy",24160,1000,100,100,0,1,2,1,0.663,0.624494960492736,0.701505039507265,0.857,0.835302259988653,0.878697740011347,0.917,0.902648753755335,0.931351246244665
"Cucconi","Cauchy",1206502,1000,100,100,0.5,1,1,0,0.176,0.144978285369374,0.207021714630626,0.385,0.354840509951261,0.415159490048739,0.508,0.481993595704135,0.534006404295865
"Cucconi","Cauchy",984331,1000,100,100,0.5,0.5,0.5,0,0.81,0.778043061373154,0.841956938626846,0.92,0.903185073297811,0.936814926702189,0.951,0.939770660795265,0.962229339204735
"Cucconi","Cauchy",30614365,1000,100,100,0.5,2,2,0,0.042,0.0256599546164645,0.0583400453835355,0.113,0.0933773750583669,0.132622624941633,0.209,0.187849176210488,0.230150823789512
"Cucconi","Cauchy",38009966,1000,100,100,0.5,0.5,2,0,1,1,1,1,1,1,1,1,1
"Cucconi","Cauchy",29056593,1000,100,100,0.5,1,2,0,0.748,0.712633105410625,0.783366894589375,0.9,0.88140580735821,0.91859419264179,0.946,0.934242679680301,0.957757320319699
"Cucconi","Cauchy",18577,1000,100,100,1,1,1,0,0.776,0.742037415772294,0.809962584227706,0.925,0.908674835376022,0.941325164623979,0.957,0.946447482064692,0.967552517935308
"Cucconi","Cauchy",30497,1000,100,100,1,0.5,0.5,0,1,1,1,1,1,1,1,1,1
"Cucconi","Cauchy",32254811,1000,100,100,1,2,2,0,0.173,0.142187874008826,0.203812125991174,0.374,0.344009822301293,0.403990177698707,0.517,0.491005304218456,0.542994695781544
"Cucconi","Cauchy",11428875,1000,100,100,1,0.5,2,0,1,1,1,1,1,1,1,1,1
"Cucconi","Cauchy",63832934,1000,100,100,1,1,2,0,0.88,0.853528544701887,0.906471455298113,0.964,0.952453620203717,0.975546379796282,0.985,0.978676905870146,0.991323094129854
"Cucconi","Cauchy",48887385,1000,100,100,1.5,1,1,0,0.982,0.971169765626913,0.992830234373087,0.998,0.995230914663648,1.00076908533635,1,1,1
"Cucconi","Cauchy",114203,1000,100,100,1.5,0.5,0.5,0,1,1,1,1,1,1,1,1,1
"Cucconi","Cauchy",26592,1000,100,100,1.5,2,2,0,0.474,0.433324968157062,0.514675031842938,0.72,0.692170760700299,0.747829239299701,0.816,0.795843278599931,0.836156721400069
"Cucconi","Cauchy",159418,1000,100,100,1.5,0.5,2,0,1,1,1,1,1,1,1,1,1
"Cucconi","Cauchy",64117883,1000,100,100,1.5,1,2,0,0.974,0.961036806279932,0.986963193720068,0.996,0.992087847855719,0.999912152144281,0.999,0.997355822705728,1.00064417729427
"Cucconi","Cauchy",3394666,1000,100,100,2,1,1,0,1,1,1,1,1,1,1,1,1
"Cucconi","Cauchy",5156803,1000,100,100,2,0.5,0.5,0,1,1,1,1,1,1,1,1,1
"Cucconi","Cauchy",498175,1000,100,100,2,2,2,0,0.787,0.753647912109495,0.820352087890506,0.917,0.899900642772315,0.934099357227686,0.955,0.944216149835286,0.965783850164714
"Cucconi","Cauchy",27965006,1000,100,100,2,0.5,2,0,1,1,1,1,1,1,1,1,1
"Cucconi","Cauchy",6013350,1000,100,100,2,1,2,0,0.996,0.99085831432466,1.00114168567534,1,1,1,1,1,1
"Cucconi","Cauchy",4723865,1000,100,100,2.5,1,1,0,1,1,1,1,1,1,1,1,1
"Cucconi","Cauchy",9323425,1000,100,100,2.5,0.5,0.5,0,1,1,1,1,1,1,1,1,1
"Cucconi","Cauchy",62499076,1000,100,100,2.5,2,2,0,0.946,0.927588536690855,0.964411463309145,0.987,0.979979204489518,0.994020795510482,0.994,0.989982695791952,0.998017304208048
"Cucconi","Cauchy",76097625,1000,100,100,2.5,0.5,2,0,1,1,1,1,1,1,1,1,1
"Cucconi","Cauchy",17072,1000,100,100,2.5,1,2,0,0.999,0.996425288322161,1.00157471167784,1,1,1,1,1,1
"Cucconi","Cauchy",178010975,1000,10,100,0,1,1,1,0.008,0.000743174362298623,0.0152568256377014,0.05,0.0364916322229516,0.0635083677770484,0.102,0.0862563960320389,0.117743603967961
"Cucconi","Cauchy",164001,1000,10,100,0,0.5,0.5,1,0.012,0.00313017698846251,0.0208698230115375,0.057,0.0426302455970883,0.0713697544029117,0.11,0.0937236414545513,0.126276358545449
"Cucconi","Cauchy",25798703,1000,10,100,0,2,2,1,0.009,0.00130685460010016,0.0166931453998998,0.046,0.0330159800369839,0.0589840199630161,0.097,0.0816044345418884,0.112395565458112
"Cucconi","Cauchy",29645,1000,10,100,0,0.5,2,1,0.145,0.116317769793825,0.173682230206175,0.505,0.474011228485143,0.535988771514857,0.651,0.626204714682525,0.675795285317475
"Cucconi","Cauchy",74787373,1000,10,100,0,1,2,1,0.015,0.00509830366048322,0.0249016963395168,0.136,0.114753744649939,0.157246255350061,0.254,0.231356050673524,0.276643949326476
"Cucconi","Cauchy",9781422,1000,10,100,0.5,1,1,0,0.036,0.0208247579820287,0.0511752420179712,0.132,0.111020124843079,0.152979875156921,0.21,0.188812042394322,0.231187957605678
"Cucconi","Cauchy",2140558,1000,10,100,0.5,0.5,0.5,0,0.115,0.0890123855962114,0.140987614403789,0.3,0.271596901577469,0.328403098422531,0.421,0.3953169715965,0.4466830284035
"Cucconi","Cauchy",102039188,1000,10,100,0.5,2,2,0,0.01,0.00189480522134107,0.0181051947786589,0.052,0.038238622394542,0.065761377605458,0.101,0.0853250402241345,0.116674959775865
"Cucconi","Cauchy",310988,1000,10,100,0.5,0.5,2,0,0.122,0.0953392089011597,0.14866079109884,0.495,0.464011228485143,0.525988771514857,0.66,0.635357921962627,0.684642078037373
"Cucconi","Cauchy",3006005,1000,10,100,0.5,1,2,0,0.01,0.00189480522134107,0.0181051947786589,0.133,0.111952939929767,0.154047060070233,0.249,0.226505023472451,0.271494976527549
"Cucconi","Cauchy",279429779,1000,10,100,1,1,1,0,0.122,0.0953392089011597,0.14866079109884,0.307,0.278411466606347,0.335588533393653,0.42,0.394325349272093,0.445674650727907
"Cucconi","Cauchy",346731217,1000,10,100,1,0.5,0.5,0,0.567,0.526637195321237,0.607362804678763,0.811,0.786734044292466,0.835265955707534,0.883,0.86627988789586,0.89972011210414
"Cucconi","Cauchy",486755,1000,10,100,1,2,2,0,0.025,0.0122820190281633,0.0377179809718367,0.099,0.0804887364450722,0.117511263554928,0.161,0.141881235631584,0.180118764368416
"Cucconi","Cauchy",86139787,1000,10,100,1,0.5,2,0,0.098,0.0737806677363722,0.122219332263628,0.513,0.482020155429699,0.543979844570301,0.669,0.644521040259541,0.693478959740459
"Cucconi","Cauchy",1178817,1000,10,100,1,1,2,0,0.012,0.00313017698846251,0.0208698230115375,0.18,0.156187814883972,0.203812185116028,0.322,0.297694269114055,0.346305730885945
"Cucconi","Cauchy",22882,1000,10,100,1.5,1,1,0,0.319,0.281032259186725,0.356967740813275,0.565,0.534272662985543,0.595727337014457,0.68,0.655734158988405,0.704265841011595
"Cucconi","Cauchy",26923177,1000,10,100,1.5,0.5,0.5,0,0.889,0.863410710445501,0.914589289554499,0.972,0.961774884567889,0.982225115432111,0.986,0.979888210646627,0.992111789353373
"Cucconi","Cauchy",17489,1000,10,100,1.5,2,2,0,0.061,0.0415040872615822,0.0804959127384178,0.192,0.167587493827958,0.216412506172042,0.288,0.264443967600634,0.311556032399366
"Cucconi","Cauchy",1442295,1000,10,100,1.5,0.5,2,0,0.061,0.0415040872615822,0.0804959127384178,0.557,0.526211712590662,0.587788287409338,0.707,0.68332394068315,0.73067605931685
"Cucconi","Cauchy",806431,1000,10,100,1.5,1,2,0,0.037,0.0216234160277388,0.0523765839722612,0.285,0.257021042907213,0.312978957092787,0.43,0.404246423015433,0.455753576984567
"Cucconi","Cauchy",46498029,1000,10,100,2,1,1,0,0.542,0.501413814035611,0.582586185964389,0.797,0.772069370132305,0.821930629867695,0.864,0.846168321402627,0.881831678597373
"Cucconi","Cauchy",37471,1000,10,100,2,0.5,0.5,0,0.982,0.971169765626913,0.992830234373087,0.998,0.995230914663648,1.00076908533635,1,1,1
"Cucconi","Cauchy",3448935,1000,10,100,2,2,2,0,0.093,0.0693412945963647,0.116658705403635,0.279,0.251201215594922,0.306798784405078,0.404,0.378474179276662,0.429525820723338
"Cucconi","Cauchy",160358,1000,10,100,2,0.5,2,0,0.134,0.106250369549416,0.161749630450584,0.655,0.625536368859219,0.684463631140781,0.77,0.748108517010033,0.791891482989967
"Cucconi","Cauchy",53121972,1000,10,100,2,1,2,0,0.117,0.0908170159390493,0.143182984060951,0.409,0.378527262833805,0.439472737166195,0.555,0.529148104046802,0.580851895953199
"Cucconi","Cauchy",132261970,1000,10,100,2.5,1,1,0,0.757,0.722062088915105,0.791937911084895,0.919,0.902089504371545,0.935910495628455,0.954,0.94310269753104,0.96489730246896
"Cucconi","Cauchy",222733,1000,10,100,2.5,0.5,0.5,0,0.994,0.987709072559312,1.00029092744069,1,1,1,1,1,1
"Cucconi","Cauchy",54581,1000,10,100,2.5,2,2,0,0.197,0.164600616653769,0.229399383346231,0.427,0.396341752926822,0.457658247073178,0.55,0.524120641671402,0.575879358328598
"Cucconi","Cauchy",2869925,1000,10,100,2.5,0.5,2,0,0.332,0.293637832983837,0.370362167016163,0.765,0.738720280823418,0.791279719176582,0.872,0.854620826072566,0.889379173927434
"Cucconi","Cauchy",160690023,1000,10,100,2.5,1,2,0,0.218,0.184366080374479,0.251633919625521,0.586,0.555471529248913,0.616528470751087,0.726,0.702798850953024,0.749201149046976
