"method","distribution","seed","N","n1","n2","delta","sd","g1","g2","h","null","power0.01","l_CI","u_CI","power0.05","l_CI","u_CI","power0.10","l_CI","u_CI"
"Lepage","ghEqual",56659134,1000,10,10,0,1,1,1,0,1,0.012,0.00313017698846251,0.0208698230115375,0.055,0.0408696369473392,0.0691303630526608,0.114,0.0974676272392618,0.130532372760738
"Lepage","ghEqual",892549,1000,10,10,0,1,3,3,0,1,0.004,-0.00114168567534034,0.00914168567534034,0.039,0.0270008614309193,0.0509991385690807,0.079,0.0649683332075266,0.0930316667924734
"Lepage","ghEqual",78364709,1000,10,10,0,1,1,3,0,1,0.032,0.017662992035435,0.046337007964565,0.145,0.123176563973563,0.166823436026437,0.234,0.211976404809841,0.256023595190159
"Lepage","ghEqual",2224543,1000,10,10,0,1,-1,1,0,1,0.017,0.00646954641356793,0.0275304535864321,0.092,0.0740859859997822,0.109914014000218,0.209,0.187849176210488,0.230150823789512
"Lepage","ghEqual",105417400,1000,10,10,0,1,-3,3,0,1,0.079,0.0570270068951906,0.100972993104809,0.254,0.227019975270582,0.280980024729418,0.415,0.38936886230822,0.44063113769178
"Lepage","ghEqual",40921,1000,10,10,0,1,-1,3,0,1,0.032,0.017662992035435,0.046337007964565,0.184,0.159983480885024,0.208016519114976,0.315,0.290836131427791,0.339163868572209
"Lepage","ghEqual",2049150,1000,10,10,0,1,1,-3,0,1,0.043,0.0264752059566238,0.0595247940433761,0.168,0.144827527503523,0.191172472496477,0.298,0.274207362359335,0.321792637640665
"Lepage","ghEqual",14916378,1000,10,10,0.5,3,1,1,0,0,0.015,0.00509830366048322,0.0249016963395168,0.079,0.062281418289819,0.095718581710181,0.138,0.120058486410004,0.155941513589996
"Lepage","ghEqual",21589,1000,10,10,0.5,3,3,3,0,0,0.087,0.0640416393560864,0.109958360643914,0.26,0.232813167893261,0.287186832106739,0.4,0.374515769581955,0.425484230418045
"Lepage","ghEqual",103711664,1000,10,10,0.5,3,1,3,0,0,0.073,0.0518092096019049,0.0941907903980951,0.263,0.235712252390496,0.290287747609504,0.376,0.350802809489945,0.401197190510055
"Lepage","ghEqual",9518486,1000,10,10,0.5,3,-1,1,0,0,0.024,0.0115325857923946,0.0364674142076054,0.156,0.133509992832371,0.178490007167629,0.294,0.270300350781077,0.317699649218923
"Lepage","ghEqual",85551084,1000,10,10,0.5,3,-3,3,0,0,0.09,0.0666875558038201,0.11331244419618,0.321,0.292063668262891,0.349936331737109,0.502,0.475990474323817,0.528009525676183
"Lepage","ghEqual",771999,1000,10,10,0.5,3,-1,3,0,0,0.074,0.0526760717825256,0.0953239282174744,0.279,0.251201215594922,0.306798784405078,0.443,0.41715983021002,0.46884016978998
"Lepage","ghEqual",4953089,1000,10,10,0.5,3,1,-3,0,0,0.028,0.0145612768606538,0.0414387231393462,0.129,0.108224092453036,0.149775907546964,0.227,0.205209430645919,0.248790569354081
"Lepage","ghEqual",99380,1000,10,10,1,3,1,1,0,0,0.036,0.0208247579820287,0.0511752420179712,0.148,0.125990674849055,0.170009325150945,0.251,0.228444956351738,0.273555043648262
"Lepage","ghEqual",4795841,1000,10,10,1,3,3,3,0,0,0.156,0.126441704865402,0.185558295134598,0.428,0.397332669734716,0.458667330265284,0.591,0.565424667021229,0.616575332978771
"Lepage","ghEqual",44579142,1000,10,10,1,3,1,3,0,0,0.137,0.108990101173764,0.165009898826236,0.402,0.371610770434248,0.432389229565752,0.536,0.510057771074944,0.561942228925056
"Lepage","ghEqual",1115939,1000,10,10,1,3,-1,1,0,0,0.049,0.0314153326496064,0.0665846673503936,0.207,0.181888200351229,0.232111799648771,0.366,0.340941730604449,0.391058269395551
"Lepage","ghEqual",208058,1000,10,10,1,3,-3,3,0,0,0.179,0.147772015672093,0.210227984327907,0.478,0.447039692094554,0.508960307905446,0.678,0.653694269114055,0.702305730885946
"Lepage","ghEqual",1505144,1000,10,10,1,3,-1,3,0,0,0.15,0.120912864699321,0.179087135300679,0.43,0.399314886997112,0.460685113002888,0.603,0.577548123236684,0.628451876763315
"Lepage","ghEqual",91427,1000,10,10,1,3,1,-3,0,0,0.043,0.0264752059566238,0.0595247940433761,0.11,0.0906068919458484,0.129393108054152,0.189,0.168633930031177,0.209366069968823
"Lepage","ghEqual",4973368,1000,10,10,1.5,3,1,1,0,0,0.06,0.0406542571504736,0.0793457428495263,0.272,0.244419241025672,0.299580758974328,0.419,0.393333835113617,0.444666164886383
"Lepage","ghEqual",51460,1000,10,10,1.5,3,3,3,0,0,0.221,0.187200465086277,0.254799534913723,0.52,0.48903448111205,0.55096551888795,0.67,0.645539784802664,0.694460215197336
"Lepage","ghEqual",596594,1000,10,10,1.5,3,1,3,0,0,0.198,0.165538720208593,0.230461279791407,0.532,0.501073212232758,0.562926787767242,0.688,0.663898869271339,0.712101130728661
"Lepage","ghEqual",1876422,1000,10,10,1.5,3,-1,1,0,0,0.112,0.0863101627514692,0.137689837248531,0.376,0.345977815562488,0.406022184437512,0.545,0.519095819847465,0.570904180152535
"Lepage","ghEqual",36044,1000,10,10,1.5,3,-3,3,0,0,0.504,0.463271167122246,0.544728832877754,0.768,0.741837413705828,0.794162586294172,0.889,0.872659013463839,0.905340986536161
"Lepage","ghEqual",230790161,1000,10,10,1.5,3,-1,3,0,0,0.22,0.186255383220431,0.253744616779569,0.544,0.513129906666808,0.574870093333192,0.738,0.715125862422815,0.760874137577185
"Lepage","ghEqual",3632651,1000,10,10,1.5,3,1,-3,0,0,0.026,0.0130368062799324,0.0389631937200676,0.089,0.071351399874211,0.106648600125789,0.174,0.154278926573333,0.193721073426667
"Lepage","ghEqual",1433659,1000,10,10,2,3,1,1,0,0,0.145,0.116317769793825,0.173682230206175,0.406,0.375562266470711,0.436437733529289,0.579,0.5533169715965,0.6046830284035
"Lepage","ghEqual",129404663,1000,10,10,2,3,3,3,0,0,0.316,0.278128068866983,0.353871931133017,0.647,0.617379283168701,0.676620716831299,0.776,0.754311936702416,0.797688063297584
"Lepage","ghEqual",251203358,1000,10,10,2,3,1,3,0,0,0.325,0.28684605708449,0.36315394291551,0.641,0.611267439558625,0.670732560441375,0.773,0.751209430645919,0.794790569354081
"Lepage","ghEqual",1156209,1000,10,10,2,3,-1,1,0,0,0.219,0.185310587846268,0.252689412153732,0.532,0.501073212232758,0.562926787767242,0.717,0.693567496105303,0.740432503894697
"Lepage","ghEqual",14379416,1000,10,10,2,3,-3,3,0,0,0.99,0.981894805221341,0.998105194778659,1,1,1,1,1,1
"Lepage","ghEqual",545381,1000,10,10,2,3,-1,3,0,0,0.446,0.405508098622268,0.486491901377732,0.773,0.747036768429181,0.798963231570819,0.89,0.873723641454551,0.906276358545449
"Lepage","ghEqual",956294,1000,10,10,2,3,1,-3,0,0,0.037,0.0216234160277388,0.0523765839722612,0.112,0.0924533847022048,0.131546615297795,0.193,0.172470360456769,0.213529639543231
"Lepage","ghEqual",19673,1000,10,10,2.5,3,1,1,0,0,0.198,0.165538720208593,0.230461279791407,0.546,0.515141108665411,0.576858891334589,0.71,0.686395539669376,0.733604460330624
"Lepage","ghEqual",107709,1000,10,10,2.5,3,3,3,0,0,0.389,0.349286216449399,0.428713783550601,0.702,0.673651325364314,0.730348674635686,0.844,0.825124458270026,0.862875541729974
"Lepage","ghEqual",311281,1000,10,10,2.5,3,1,3,0,0,0.389,0.349286216449399,0.428713783550601,0.739,0.7117793466941,0.7662206533059,0.871,0.853563077594512,0.888436922405488
"Lepage","ghEqual",60787,1000,10,10,2.5,3,-1,1,0,0,0.404,0.36402765095239,0.44397234904761,0.711,0.682904304130348,0.739095695869652,0.835,0.815691385487949,0.854308614512051
"Lepage","ghEqual",93393141,1000,10,10,2.5,3,-3,3,0,0,1,1,1,1,1,1,1,1,1
"Lepage","ghEqual",25628025,1000,10,10,2.5,3,-1,3,0,0,0.732,0.695919811633308,0.768080188366692,0.942,0.927512430928551,0.956487569071449,0.982,0.975083953593273,0.988916046406727
"Lepage","ghEqual",38820213,1000,10,10,2.5,3,1,-3,0,0,0.044,0.0272928972690056,0.0607071027309944,0.143,0.121302259988653,0.164697740011347,0.222,0.200381169922958,0.243618830077042
"Lepage","ghEqual",476007,1000,20,20,0,1,1,1,0,1,0.008,0.000743174362298623,0.0152568256377014,0.044,0.031288074009026,0.056711925990974,0.081,0.0668072625975466,0.0951927374024534
"Lepage","ghEqual",2184626,1000,20,20,0,1,3,3,0,1,0.008,0.000743174362298623,0.0152568256377014,0.046,0.0330159800369839,0.0589840199630161,0.101,0.0853250402241345,0.116674959775865
"Lepage","ghEqual",5355140,1000,20,20,0,1,1,3,0,1,0.105,0.0800280747718563,0.129971925228144,0.27,0.242483107733612,0.297516892266388,0.38,0.354750455647676,0.405249544352324
"Lepage","ghEqual",36095,1000,20,20,0,1,-1,1,0,1,0.048,0.0305865448547395,0.0654134551452605,0.178,0.154291614445517,0.201708385554483,0.29,0.266395539669376,0.313604460330624
"Lepage","ghEqual",12453180,1000,20,20,0,1,-3,3,0,1,0.209,0.175878709980679,0.242121290019321,0.472,0.441058309910414,0.502941690089586,0.584,0.558359942714573,0.609640057285427
"Lepage","ghEqual",75243,1000,20,20,0,1,-1,3,0,1,0.161,0.131060828563502,0.190939171436498,0.347,0.317496237772108,0.376503762227892,0.471,0.445034051471687,0.496965948528313
"Lepage","ghEqual",583060,1000,20,20,0,1,1,-3,0,1,0.138,0.10990435318673,0.16609564681327,0.324,0.294993059478807,0.353006940521193,0.44,0.414178215398621,0.465821784601379
"Lepage","ghEqual",341192,1000,20,20,0.5,3,1,1,0,0,0.029,0.0153304419828584,0.0426695580171416,0.102,0.083241663357323,0.120758336642677,0.185,0.164800967365366,0.205199032634634
"Lepage","ghEqual",769076,1000,20,20,0.5,3,3,3,0,0,0.271,0.234792856080823,0.307207143919177,0.506,0.4750119103138,0.5369880896862,0.621,0.595763373086425,0.646236626913575
"Lepage","ghEqual",3388310,1000,20,20,0.5,3,1,3,0,0,0.297,0.259777825066017,0.334222174933983,0.512,0.481018605428419,0.542981394571581,0.648,0.623155816004546,0.672844183995455
"Lepage","ghEqual",5978693,1000,20,20,0.5,3,-1,1,0,0,0.108,0.0827163270718829,0.133283672928117,0.308,0.279385611004252,0.336614388995748,0.436,0.41020421794944,0.46179578205056
"Lepage","ghEqual",83724036,1000,20,20,0.5,3,-3,3,0,0,0.37,0.330670629478722,0.409329370521278,0.649,0.619417697209311,0.678582302790689,0.753,0.730565733892659,0.775434266107341
"Lepage","ghEqual",1454546,1000,20,20,0.5,3,-1,3,0,0,0.266,0.230005619197658,0.301994380802342,0.528,0.497058309910414,0.558941690089586,0.647,0.622139755516588,0.671860244483412
"Lepage","ghEqual",210221735,1000,20,20,0.5,3,1,-3,0,0,0.076,0.0544131814798011,0.0975868185201988,0.212,0.186666971566747,0.237333028433253,0.318,0.293774561347625,0.342225438652375
"Lepage","ghEqual",8458457,1000,20,20,1,3,1,1,0,0,0.126,0.0989674604185252,0.153032539581475,0.321,0.292063668262891,0.349936331737109,0.458,0.432082191028175,0.483917808971825
"Lepage","ghEqual",145775131,1000,20,20,1,3,3,3,0,0,0.547,0.5064502087451,0.5875497912549,0.768,0.741837413705828,0.794162586294172,0.837,0.817785794401667,0.856214205598333
"Lepage","ghEqual",36094013,1000,20,20,1,3,1,3,0,0,0.503,0.462270596886082,0.543729403113918,0.747,0.720055096481895,0.773944903518105,0.825,0.805234313587052,0.844765686412948
"Lepage","ghEqual",94736,1000,20,20,1,3,-1,1,0,0,0.259,0.223313426976747,0.294686573023253,0.51,0.479015877614494,0.540984122385506,0.638,0.613000545807958,0.662999454192042
"Lepage","ghEqual",4318288,1000,20,20,1,3,-3,3,0,0,0.652,0.613197538334585,0.690802461665415,0.866,0.844886150744121,0.887113849255879,0.926,0.912382817578515,0.939617182421485
"Lepage","ghEqual",127359,1000,20,20,1,3,-1,3,0,0,0.498,0.457270189579425,0.538729810420575,0.748,0.721090406290693,0.774909593709307,0.841,0.821977724716139,0.860022275283861
"Lepage","ghEqual",77383331,1000,20,20,1,3,1,-3,0,0,0.046,0.0289352880486074,0.0630647119513926,0.144,0.122239232954696,0.165760767045304,0.227,0.205209430645919,0.248790569354081
"Lepage","ghEqual",19992049,1000,20,20,1.5,3,1,1,0,0,0.276,0.239585891423461,0.312414108576539,0.543,0.512124493824392,0.573875506175608,0.672,0.647577649449736,0.696422350550264
"Lepage","ghEqual",21318099,1000,20,20,1.5,3,3,3,0,0,0.716,0.679266565162729,0.752733434837271,0.881,0.860931380157071,0.901068619842929,0.932,0.918904312144832,0.945095687855168
"Lepage","ghEqual",11063722,1000,20,20,1.5,3,1,3,0,0,0.674,0.635815719912194,0.712184280087806,0.873,0.852362121388088,0.893637878611912,0.923,0.909132054846698,0.936867945153302
"Lepage","ghEqual",9928279,1000,20,20,1.5,3,-1,1,0,0,0.449,0.408482295886563,0.489517704113437,0.733,0.705580237462735,0.760419762537265,0.836,0.816738461857889,0.855261538142111
"Lepage","ghEqual",376314,1000,20,20,1.5,3,-3,3,0,0,0.958,0.941659954616464,0.974340045383535,0.994,0.98921342477339,0.99878657522661,0.999,0.997355822705728,1.00064417729427
"Lepage","ghEqual",833144,1000,20,20,1.5,3,-1,3,0,0,0.754,0.718916809216036,0.789083190783964,0.917,0.899900642772315,0.934099357227686,0.951,0.939770660795265,0.962229339204735
"Lepage","ghEqual",2940241,1000,20,20,1.5,3,1,-3,0,0,0.038,0.0224251026502259,0.0535748973497741,0.128,0.107292899150291,0.148707100849709,0.201,0.180153299806084,0.221846700193916
"Lepage","ghEqual",287682,1000,20,20,2,3,1,1,0,0,0.54,0.499400409381374,0.580599590618626,0.789,0.763710758682792,0.814289241317208,0.873,0.85567892330786,0.89032107669214
"Lepage","ghEqual",336837,1000,20,20,2,3,3,3,0,0,0.823,0.791909163316244,0.854090836683756,0.929,0.91308183131136,0.94491816868864,0.958,0.947565460149101,0.968434539850899
"Lepage","ghEqual",2972256,1000,20,20,2,3,1,3,0,0,0.842,0.812288098412656,0.871711901587344,0.947,0.933114261071156,0.960885738928843,0.968,0.95884457371828,0.977155426281719
"Lepage","ghEqual",47571840,1000,20,20,2,3,-1,1,0,0,0.706,0.668887357818878,0.743112642181122,0.888,0.868453384702205,0.907546615297795,0.936,0.923268082563887,0.948731917436113
"Lepage","ghEqual",105368745,1000,20,20,2,3,-3,3,0,0,1,1,1,1,1,1,1,1,1
"Lepage","ghEqual",267717610,1000,20,20,2,3,-1,3,0,0,0.926,0.904676071782526,0.947323928217474,0.985,0.977466100611237,0.992533899388763,0.994,0.989982695791952,0.998017304208048
"Lepage","ghEqual",19390,1000,20,20,2,3,1,-3,0,0,0.056,0.0372705135557859,0.0747294864442141,0.134,0.112886150744121,0.155113849255879,0.215,0.193629240318253,0.236370759681747
"Lepage","ghEqual",1860268,1000,20,20,2.5,3,1,1,0,0,0.701,0.663705871590504,0.738294128409496,0.887,0.867377375058367,0.906622624941633,0.94,0.927646060952069,0.952353939047931
"Lepage","ghEqual",3064241,1000,20,20,2.5,3,3,3,0,0,0.869,0.841515275077527,0.896484724922473,0.969,0.958257662153888,0.979742337846112,0.984,0.977472852261516,0.990527147738484
"Lepage","ghEqual",35156305,1000,20,20,2.5,3,1,3,0,0,0.922,0.900154669450521,0.943845330549479,0.981,0.972538109998351,0.989461890001649,0.988,0.982335846718176,0.993664153281824
"Lepage","ghEqual",21663378,1000,20,20,2.5,3,-1,1,0,0,0.904,0.880002517123998,0.927997482876002,0.974,0.964136700430383,0.983863299569617,0.986,0.979888210646627,0.992111789353373
"Lepage","ghEqual",1487338,1000,20,20,2.5,3,-3,3,0,0,1,1,1,1,1,1,1,1,1
"Lepage","ghEqual",17272,1000,20,20,2.5,3,-1,3,0,0,0.994,0.987709072559312,1.00029092744069,0.999,0.997040980245123,1.00095901975488,1,1,1
"Lepage","ghEqual",56477,1000,20,20,2.5,3,1,-3,0,0,0.062,0.0423554030569217,0.0816445969430783,0.177,0.153343928610186,0.200656071389814,0.257,0.234268564062625,0.279731435937375
"Lepage","ghEqual",131902,1000,100,100,0,1,1,1,0,1,0.013,0.00377266875765262,0.0222273312423474,0.052,0.038238622394542,0.065761377605458,0.091,0.0760387272608578,0.105961272739142
"Lepage","ghEqual",694829,1000,100,100,0,1,3,3,0,1,0.005,-0.000745692786775151,0.0107456927867752,0.057,0.0426302455970883,0.0713697544029117,0.106,0.0899864509523966,0.122013549047603
"Lepage","ghEqual",47688207,1000,100,100,0,1,1,3,0,1,0.701,0.663705871590504,0.738294128409496,0.846,0.823628164706489,0.868371835293511,0.899,0.883325040224135,0.914674959775865
"Lepage","ghEqual",100114,1000,100,100,0,1,-1,1,0,1,0.396,0.356160679639532,0.435839320360468,0.624,0.593977815562488,0.654022184437512,0.734,0.711014457911548,0.756985542088452
"Lepage","ghEqual",66165685,1000,100,100,0,1,-3,3,0,1,0.925,0.903544069351343,0.946455930648658,0.978,0.968908472867554,0.987091527132446,0.99,0.98482412833428,0.99517587166572
"Lepage","ghEqual",16757,1000,100,100,0,1,-1,3,0,1,0.807,0.774851458076983,0.839148541923017,0.928,0.911978753306936,0.944021246693064,0.959,0.948685049831676,0.969314950168324
"Lepage","ghEqual",707552,1000,100,100,0,1,1,-3,0,1,0.794,0.761054984206044,0.826945015793956,0.916,0.898807325094681,0.933192674905319,0.952,0.94087999467626,0.96312000532374
"Lepage","ghEqual",85618,1000,100,100,0.5,3,1,1,0,0,0.255,0.219494626524989,0.290505373475011,0.487,0.456020155429699,0.517979844570301,0.627,0.601843275794035,0.652156724205965
"Lepage","ghEqual",224442,1000,100,100,0.5,3,3,3,0,0,0.978,0.966051135768785,0.989948864231215,0.995,0.990628277227454,0.999371722772546,0.997,0.994155053467111,0.999844946532889
"Lepage","ghEqual",179657,1000,100,100,0.5,3,1,3,0,0,0.975,0.962282019028163,0.987717980971837,0.993,0.987832509158208,0.998167490841792,0.996,0.992716586593193,0.999283413406807
"Lepage","ghEqual",44239253,1000,100,100,0.5,3,-1,1,0,0,0.804,0.771662836778963,0.836337163221037,0.931,0.915290749782373,0.946709250217627,0.966,0.956572556810036,0.975427443189964
"Lepage","ghEqual",91760475,1000,100,100,0.5,3,-3,3,0,0,0.998,0.994360630700794,1.00163936929921,0.999,0.997040980245123,1.00095901975488,1,1,1
"Lepage","ghEqual",44438973,1000,100,100,0.5,3,-1,3,0,0,0.975,0.962282019028163,0.987717980971837,0.992,0.986478502232184,0.997521497767816,0.996,0.992716586593193,0.999283413406807
"Lepage","ghEqual",4144259,1000,100,100,0.5,3,1,-3,0,0,0.405,0.365011800220565,0.444988199779435,0.614,0.583825928905764,0.644174071094236,0.722,0.698694581876739,0.74530541812326
"Lepage","ghEqual",21756296,1000,100,100,1,3,1,1,0,0,0.877,0.850245415478913,0.903754584521087,0.958,0.945567356773397,0.970432643226603,0.977,0.969202110043416,0.984797889956584
"Lepage","ghEqual",772611,1000,100,100,1,3,3,3,0,0,1,1,1,1,1,1,1,1,1
"Lepage","ghEqual",145903829,1000,100,100,1,3,1,3,0,0,1,1,1,1,1,1,1,1,1
"Lepage","ghEqual",165779076,1000,100,100,1,3,-1,1,0,0,0.979,0.96731989217584,0.99068010782416,0.996,0.992087847855719,0.999912152144281,0.998,0.995675946235562,1.00032405376444
"Lepage","ghEqual",55784624,1000,100,100,1,3,-3,3,0,0,1,1,1,1,1,1,1,1,1
"Lepage","ghEqual",657092,1000,100,100,1,3,-1,3,0,0,0.998,0.994360630700794,1.00163936929921,1,1,1,1,1,1
"Lepage","ghEqual",59424,1000,100,100,1,3,1,-3,0,0,0.142,0.113566280497691,0.170433719502309,0.306,0.277437480111167,0.334562519888833,0.429,0.403253831780729,0.454746168219271
"Lepage","ghEqual",140807280,1000,100,100,1.5,3,1,1,0,0,0.994,0.987709072559312,1.00029092744069,0.997,0.993610276471451,1.00038972352855,0.999,0.997355822705728,1.00064417729427
"Lepage","ghEqual",43730,1000,100,100,1.5,3,3,3,0,0,1,1,1,1,1,1,1,1,1
"Lepage","ghEqual",51255714,1000,100,100,1.5,3,1,3,0,0,1,1,1,1,1,1,1,1,1
"Lepage","ghEqual",28321,1000,100,100,1.5,3,-1,1,0,0,1,1,1,1,1,1,1,1,1
"Lepage","ghEqual",156279658,1000,100,100,1.5,3,-3,3,0,0,1,1,1,1,1,1,1,1,1
"Lepage","ghEqual",14664258,1000,100,100,1.5,3,-1,3,0,0,1,1,1,1,1,1,1,1,1
"Lepage","ghEqual",168195,1000,100,100,1.5,3,1,-3,0,0,0.049,0.0314153326496064,0.0665846673503936,0.143,0.121302259988653,0.164697740011347,0.227,0.205209430645919,0.248790569354081
"Lepage","ghEqual",187952,1000,100,100,2,3,1,1,0,0,1,1,1,1,1,1,1,1,1
"Lepage","ghEqual",198581053,1000,100,100,2,3,3,3,0,0,1,1,1,1,1,1,1,1,1
"Lepage","ghEqual",16749457,1000,100,100,2,3,1,3,0,0,1,1,1,1,1,1,1,1,1
"Lepage","ghEqual",4457253,1000,100,100,2,3,-1,1,0,0,1,1,1,1,1,1,1,1,1
"Lepage","ghEqual",42887312,1000,100,100,2,3,-3,3,0,0,1,1,1,1,1,1,1,1,1
"Lepage","ghEqual",335068697,1000,100,100,2,3,-1,3,0,0,1,1,1,1,1,1,1,1,1
"Lepage","ghEqual",68816,1000,100,100,2,3,1,-3,0,0,0.08,0.0579003820485512,0.102099617951449,0.192,0.167587493827958,0.216412506172042,0.295,0.271276898403139,0.318723101596861
"Lepage","ghEqual",1376248,1000,100,100,2.5,3,1,1,0,0,1,1,1,1,1,1,1,1,1
"Lepage","ghEqual",4646506,1000,100,100,2.5,3,3,3,0,0,1,1,1,1,1,1,1,1,1
"Lepage","ghEqual",100703249,1000,100,100,2.5,3,1,3,0,0,1,1,1,1,1,1,1,1,1
"Lepage","ghEqual",83154,1000,100,100,2.5,3,-1,1,0,0,1,1,1,1,1,1,1,1,1
"Lepage","ghEqual",34172157,1000,100,100,2.5,3,-3,3,0,0,1,1,1,1,1,1,1,1,1
"Lepage","ghEqual",8076756,1000,100,100,2.5,3,-1,3,0,0,1,1,1,1,1,1,1,1,1
"Lepage","ghEqual",319451,1000,100,100,2.5,3,1,-3,0,0,0.23,0.19571886919018,0.26428113080982,0.413,0.382482416058934,0.443517583941066,0.518,0.492007126016925,0.543992873983075
"Lepage","ghEqual",468769,1000,10,100,0,1,1,1,0,1,0.004,-0.00114168567534034,0.00914168567534034,0.047,0.0338824885896753,0.0601175114103247,0.102,0.0862563960320389,0.117743603967961
"Lepage","ghEqual",45552,1000,10,100,0,1,3,3,0,1,0.01,0.00189480522134107,0.0181051947786589,0.048,0.0347506319546931,0.0612493680453069,0.091,0.0760387272608578,0.105961272739142
"Lepage","ghEqual",17523,1000,10,100,0,1,1,3,0,1,0.181,0.149636314016621,0.212363685983379,0.29,0.261875536627342,0.318124463372658,0.369,0.343898841561095,0.394101158438905
"Lepage","ghEqual",65069788,1000,10,100,0,1,-1,1,0,1,0.067,0.0466331398213667,0.0873668601786333,0.149,0.126929407837577,0.171070592162423,0.215,0.193629240318253,0.236370759681747
"Lepage","ghEqual",988082,1000,10,100,0,1,-3,3,0,1,0.199,0.166477145595382,0.231522854404618,0.358,0.328285727712091,0.387714272287909,0.538,0.512065491138254,0.563934508861746
"Lepage","ghEqual",323190,1000,10,100,0,1,-1,3,0,1,0.167,0.136617283940767,0.197382716059233,0.263,0.235712252390496,0.290287747609504,0.397,0.371548123236685,0.422451876763316
"Lepage","ghEqual",42380,1000,10,100,0,1,1,-3,0,1,0.183,0.151502039660702,0.214497960339298,0.289,0.260904304130348,0.317095695869652,0.424,0.398292486514639,0.449707513485361
"Lepage","ghEqual",287676,1000,10,100,0.5,3,1,1,0,0,0.074,0.0526760717825256,0.0953239282174744,0.169,0.14577263548312,0.19222736451688,0.245,0.222627092849274,0.267372907150726
"Lepage","ghEqual",466458,1000,10,100,0.5,3,3,3,0,0,0.326,0.287815719912194,0.364184280087806,0.482,0.451029767169102,0.512970232830897,0.573,0.54726897120644,0.59873102879356
"Lepage","ghEqual",184625492,1000,10,100,0.5,3,1,3,0,0,0.294,0.256887357818878,0.331112642181122,0.454,0.423141108665411,0.484858891334589,0.562,0.536191003702197,0.587808996297803
"Lepage","ghEqual",46484,1000,10,100,0.5,3,-1,1,0,0,0.102,0.0773461861267673,0.126653813873233,0.223,0.197200041209335,0.248799958790665,0.328,0.303577649449736,0.352422350550264
"Lepage","ghEqual",26946,1000,10,100,0.5,3,-3,3,0,0,0.3,0.262670213501816,0.337329786498184,0.56,0.529233618347293,0.590766381652707,0.752,0.729535297945443,0.774464702054557
"Lepage","ghEqual",313518873,1000,10,100,0.5,3,-1,3,0,0,0.266,0.230005619197658,0.301994380802342,0.397,0.366674359601156,0.427325640398844,0.549,0.52311546631722,0.574884533682781
"Lepage","ghEqual",1691435,1000,10,100,0.5,3,1,-3,0,0,0.089,0.0658046969775344,0.112195303022466,0.172,0.148609717710126,0.195390282289874,0.262,0.239125862422815,0.284874137577185
"Lepage","ghEqual",23005,1000,10,100,1,3,1,1,0,0,0.207,0.173995920461616,0.240004079538384,0.346,0.316516231339939,0.375483768660061,0.436,0.41020421794944,0.46179578205056
"Lepage","ghEqual",114296306,1000,10,100,1,3,3,3,0,0,0.565,0.524615499923857,0.605384500076143,0.727,0.699387571754733,0.754612428245267,0.792,0.770886503501315,0.813113496498685
"Lepage","ghEqual",441187,1000,10,100,1,3,1,3,0,0,0.478,0.437309309609986,0.518690690390014,0.664,0.634724134062337,0.693275865937663,0.742,0.7192397143713,0.7647602856287
"Lepage","ghEqual",156417679,1000,10,100,1,3,-1,1,0,0,0.24,0.205209691832351,0.274790308167649,0.417,0.386439646310947,0.447560353689053,0.562,0.536191003702197,0.587808996297803
"Lepage","ghEqual",4886573,1000,10,100,1,3,-3,3,0,0,0.524,0.483316811911749,0.564683188088251,0.849,0.826807900540958,0.871192099459042,0.947,0.935345897684721,0.958654102315279
"Lepage","ghEqual",3863670,1000,10,100,1,3,-1,3,0,0,0.43,0.389670994339062,0.470329005660938,0.584,0.55345014451098,0.61454985548902,0.735,0.712042081553961,0.757957918446039
"Lepage","ghEqual",2284548,1000,10,100,1,3,1,-3,0,0,0.062,0.0423554030569217,0.0816445969430783,0.152,0.129747654649453,0.174252345350547,0.231,0.20907522919219,0.25292477080781
"Lepage","ghEqual",22955176,1000,10,100,1.5,3,1,1,0,0,0.383,0.343400670935785,0.422599329064215,0.556,0.525204663625802,0.586795336374198,0.645,0.620107991756891,0.669892008243109
"Lepage","ghEqual",714160,1000,10,100,1.5,3,3,3,0,0,0.633,0.593737247188512,0.672262752811488,0.774,0.748077267921764,0.799922732078236,0.822,0.802101890695345,0.841898109304655
"Lepage","ghEqual",120876358,1000,10,100,1.5,3,1,3,0,0,0.642,0.602946956421605,0.681053043578395,0.786,0.760580076978873,0.811419923021127,0.848,0.829323924437934,0.866676075562066
"Lepage","ghEqual",6061503,1000,10,100,1.5,3,-1,1,0,0,0.364,0.324805501826098,0.403194498173902,0.612,0.581797169510127,0.642202830489873,0.783,0.761557439197358,0.804442560802642
"Lepage","ghEqual",30845,1000,10,100,1.5,3,-3,3,0,0,0.937,0.917208171053286,0.956791828946714,0.997,0.993610276471451,1.00038972352855,1,1,1
"Lepage","ghEqual",242905,1000,10,100,1.5,3,-1,3,0,0,0.665,0.626551528009555,0.703448471990445,0.811,0.786734044292466,0.835265955707534,0.889,0.872659013463839,0.905340986536161
"Lepage","ghEqual",203602,1000,10,100,1.5,3,1,-3,0,0,0.044,0.0272928972690056,0.0607071027309944,0.115,0.0952268151275522,0.134773184872448,0.168,0.148551674869028,0.187448325130972
"Lepage","ghEqual",59506,1000,10,100,2,3,1,1,0,0,0.562,0.521584210052802,0.602415789947198,0.721,0.693201215594922,0.748798784405078,0.776,0.754311936702416,0.797688063297584
"Lepage","ghEqual",68044920,1000,10,100,2,3,3,3,0,0,0.736,0.700092371006929,0.771907628993071,0.853,0.831052287918783,0.874947712081217,0.888,0.871594805017922,0.904405194982078
"Lepage","ghEqual",293091349,1000,10,100,2,3,1,3,0,0,0.752,0.716821232527333,0.787178767472667,0.867,0.845952939929767,0.888047060070233,0.91,0.895112977211679,0.924887022788321
"Lepage","ghEqual",212464,1000,10,100,2,3,-1,1,0,0,0.597,0.55704367404758,0.63695632595242,0.857,0.835302259988653,0.878697740011347,0.951,0.939770660795265,0.962229339204735
"Lepage","ghEqual",33648,1000,10,100,2,3,-3,3,0,0,1,1,1,1,1,1,1,1,1
"Lepage","ghEqual",35604346,1000,10,100,2,3,-1,3,0,0,0.861,0.832819101577416,0.889180898422584,0.951,0.937620361798614,0.964379638201386,0.983,0.976275389693447,0.989724610306553
"Lepage","ghEqual",27420031,1000,10,100,2,3,1,-3,0,0,0.028,0.0145612768606538,0.0414387231393462,0.106,0.0869200266666853,0.125079973333315,0.159,0.139977724716139,0.178022275283861
"Lepage","ghEqual",61732,1000,10,100,2.5,3,1,1,0,0,0.709,0.671998828821995,0.746001171178005,0.828,0.804609717710126,0.851390282289874,0.881,0.864156694060399,0.897843305939601
"Lepage","ghEqual",83628,1000,10,100,2.5,3,3,3,0,0,0.81,0.778043061373154,0.841956938626846,0.907,0.88899881110593,0.92500118889407,0.933,0.919993988744623,0.946006011255377
"Lepage","ghEqual",8485411,1000,10,100,2.5,3,1,3,0,0,0.839,0.809060828563502,0.868939171436498,0.929,0.91308183131136,0.94491816868864,0.957,0.946447482064692,0.967552517935308
"Lepage","ghEqual",24424417,1000,10,100,2.5,3,-1,1,0,0,0.832,0.801544750433201,0.862455249566799,0.972,0.961774884567889,0.982225115432111,0.993,0.988662998757782,0.997337001242218
"Lepage","ghEqual",540488,1000,10,100,2.5,3,-3,3,0,0,1,1,1,1,1,1,1,1,1
"Lepage","ghEqual",884716,1000,10,100,2.5,3,-1,3,0,0,0.983,0.972469546413568,0.993530453586432,0.999,0.997040980245123,1.00095901975488,1,1,1
"Lepage","ghEqual",62159,1000,10,100,2.5,3,1,-3,0,0,0.024,0.0115325857923946,0.0364674142076054,0.152,0.129747654649453,0.174252345350547,0.217,0.195557439197358,0.238442560802642
