"method","distribution","seed","N","n1","n2","delta","scale","lambda3","lambda4","null","power0.01","l_CI","u_CI","power0.05","l_CI","u_CI","power0.10","l_CI","u_CI","ct_0.10","ct_0.05","ct_0.01"
"AD","GLDLS",54546016,10000,10,10,0,2,-0.002,-0.002,1,0.0101,0.00752425890101043,0.0126757410989896,0.0534,0.0489933358750184,0.0578066641249816,0.1043,0.0992720686003312,0.109327931399669,1043,534,101
"AD","GLDLS",83379820,10000,10,10,0,2,-0.02,-0.02,1,0.0111,0.00840112023907993,0.0137988797609201,0.0552,0.0507239435756908,0.0596760564243092,0.1071,0.102012996350702,0.112187003649298,1071,552,111
"AD","GLDLS",434908,10000,10,10,0,2,-0.05,-0.05,1,0.0089,0.00648064499126234,0.0113193550087377,0.0507,0.0464000659817155,0.0549999340182845,0.1023,0.0973149521453877,0.107285047854612,1023,507,89
"AD","GLDLS",1411974,10000,10,10,0,2,-0.1,-0.1,1,0.009,0.00656721381654696,0.011432786183453,0.0546,0.0501469231340117,0.0590530768659883,0.1066,0.101523463901921,0.111676536098079,1066,546,90
"AD","GLDLS",745315,10000,10,10,0,2,-0.2,-0.2,1,0.0093,0.00682737409756834,0.0117726259024317,0.0544,0.0499546162975059,0.0588453837024941,0.1051,0.100055077321804,0.110144922678196,1051,544,93
"AD","GLDLS",181423,10000,10,10,0.5,2,-0.002,-0.002,0,0.0696,0.0630448093167945,0.0761551906832055,0.2297,0.221455458320464,0.237944541679536,0.3425,0.334693721005859,0.350306278994142,3425,2297,696
"AD","GLDLS",5163711,10000,10,10,0.5,2,-0.002,-0.02,0,0.0734,0.0666819994265151,0.0801180005734849,0.2297,0.221455458320464,0.237944541679536,0.3399,0.332108046521316,0.347691953478684,3399,2297,734
"AD","GLDLS",39076,10000,10,10,0.5,2,-0.002,-0.05,0,0.0709,0.0642884968937053,0.0775115031062947,0.219,0.210894055129721,0.227105944870279,0.3276,0.319879388467252,0.335320611532748,3276,2190,709
"AD","GLDLS",19615,10000,10,10,0.5,2,-0.002,-0.1,0,0.0676,0.061132739731028,0.074067260268972,0.2108,0.202805617698809,0.218794382301191,0.3194,0.311730283157567,0.327069716842433,3194,2108,676
"AD","GLDLS",16981444,10000,10,10,0.5,2,-0.002,-0.2,0,0.062,0.0557878329943892,0.0682121670056108,0.2016,0.193736577707486,0.209463422292514,0.3027,0.295142434055347,0.310257565944653,3027,2016,620
"AD","GLDLS",71234,10000,10,10,1,2,-0.002,-0.002,0,0.3832,0.370676353760898,0.395723646239102,0.6546,0.645280229059982,0.663919770940018,0.7708,0.763885766182403,0.777714233817597,7708,6546,3832
"AD","GLDLS",1401787,10000,10,10,1,2,-0.002,-0.02,0,0.3805,0.367993267973703,0.393006732026297,0.6527,0.643368203288026,0.662031796711973,0.7641,0.757115988069743,0.771084011930257,7641,6527,3805
"AD","GLDLS",70551,10000,10,10,1,2,-0.002,-0.05,0,0.3592,0.346841229310003,0.371558770689997,0.6458,0.636425904576035,0.655174095423965,0.7638,0.756812920641649,0.770787079358351,7638,6458,3592
"AD","GLDLS",9555846,10000,10,10,1,2,-0.002,-0.1,0,0.3382,0.326013021590608,0.350386978409392,0.6209,0.611390804120726,0.630409195879274,0.7402,0.732986267794276,0.747413732205724,7402,6209,3382
"AD","GLDLS",142672,10000,10,10,1,2,-0.002,-0.2,0,0.3061,0.294227943159608,0.317972056840392,0.5842,0.574539956320099,0.593860043679901,0.7055,0.69800179929754,0.71299820070246,7055,5842,3061
"AD","GLDLS",333885,10000,10,10,1.5,2,-0.002,-0.002,0,0.7646,0.7536713571145,0.7755286428855,0.9339,0.929030246383399,0.938769753616601,0.9672,0.964270044879798,0.970129955120202,9672,9339,7646
"AD","GLDLS",38545538,10000,10,10,1.5,2,-0.002,-0.02,0,0.7639,0.752960131360391,0.774839868639609,0.9317,0.926755703906763,0.936644296093237,0.9701,0.967298376647553,0.972901623352447,9701,9317,7639
"AD","GLDLS",188433455,10000,10,10,1.5,2,-0.002,-0.05,0,0.7351,0.72373262861269,0.74646737138731,0.9166,0.911180876817196,0.922019123182804,0.96,0.956776471498497,0.963223528501503,9600,9166,7351
"AD","GLDLS",28425361,10000,10,10,1.5,2,-0.002,-0.1,0,0.7146,0.702966661931553,0.726233338068447,0.9047,0.898944874258055,0.910455125741945,0.9537,0.950243295228578,0.957156704771422,9537,9047,7146
"AD","GLDLS",3310179,10000,10,10,1.5,2,-0.002,-0.2,0,0.6485,0.636201178069815,0.660798821930185,0.8755,0.869029038405306,0.881970961594694,0.9336,0.929504279013214,0.937695720986786,9336,8755,6485
"AD","GLDLS",119714491,10000,10,10,2,2,-0.002,-0.002,0,0.9602,0.955164202643226,0.965235797356774,0.9954,0.99407372432187,0.99672627567813,0.9986,0.997984928362628,0.999215071637372,9986,9954,9602
"AD","GLDLS",987003,10000,10,10,2,2,-0.002,-0.02,0,0.9498,0.944175113030034,0.955424886969966,0.9937,0.992149206432306,0.995250793567694,0.9971,0.996215425818275,0.997984574181725,9971,9937,9498
"AD","GLDLS",212230513,10000,10,10,2,2,-0.002,-0.05,0,0.9386,0.932415988063473,0.944784011936527,0.9908,0.988928701868328,0.992671298131672,0.9965,0.995528509459966,0.997471490540034,9965,9908,9386
"AD","GLDLS",14188700,10000,10,10,2,2,-0.002,-0.1,0,0.9275,0.920820071389603,0.934179928610397,0.9883,0.986192374716037,0.990407625283963,0.9958,0.994736159282646,0.996863840717354,9958,9883,9275
"AD","GLDLS",49129242,10000,10,10,2,2,-0.002,-0.2,0,0.8754,0.866892378678644,0.883907621321356,0.9753,0.972257898781171,0.978342101218829,0.9907,0.989121013350349,0.992278986649651,9907,9753,8754
"AD","GLDLS",146680209,10000,10,10,2.5,2,-0.002,-0.002,0,0.9937,0.991661814168174,0.995738185831826,0.9994,0.998920044062022,0.999879955937978,0.9998,0.999567385133966,1.00003261486603,9998,9994,9937
"AD","GLDLS",896987,10000,10,10,2.5,2,-0.002,-0.02,0,0.9939,0.991894225427047,0.995905774572953,0.9992,0.998645850076604,0.999754149923396,0.9996,0.999271065806581,0.999928934193419,9996,9992,9939
"AD","GLDLS",6554449,10000,10,10,2.5,2,-0.002,-0.05,0,0.9909,0.988453859100758,0.993346140899242,0.9995,0.99906184025744,0.99993815974256,0.9999,0.999735508225206,1.00006449177479,9999,9995,9909
"AD","GLDLS",337887,10000,10,10,2.5,2,-0.002,-0.1,0,0.987,0.984082061654935,0.989917938345065,0.9985,0.997741464806354,0.999258535193646,0.9997,0.999415120383714,0.999984879616286,9997,9985,9870
"AD","GLDLS",145251034,10000,10,10,2.5,2,-0.002,-0.2,0,0.9663,0.961651457575169,0.970948542424831,0.9961,0.994878369562265,0.997321630437735,0.9987,0.998107272464133,0.999292727535867,9987,9961,9663
"AD","GLDLS",6639452,10000,20,20,0,2,-0.002,-0.002,1,0.0092,0.00674057959837363,0.0116594204016264,0.0513,0.046976064527586,0.055623935472414,0.1031,0.0980977286449079,0.108102271355092,1031,513,92
"AD","GLDLS",64418,10000,20,20,0,2,-0.02,-0.02,1,0.0103,0.00769914430765258,0.0129008556923474,0.0501,0.0458242345061498,0.0543757654938502,0.1002,0.0952606163769252,0.105139383623075,1002,501,103
"AD","GLDLS",28049034,10000,20,20,0,2,-0.05,-0.05,1,0.0106,0.00796193954184822,0.0132380604581518,0.0494,0.0451526460822766,0.0536473539177234,0.1012,0.0962387890860799,0.10616121091392,1012,494,106
"AD","GLDLS",47374,10000,20,20,0,2,-0.1,-0.1,1,0.0091,0.00665385910075809,0.0115461408992419,0.0523,0.0479364258922759,0.0566635741077241,0.1046,0.099565686119132,0.109634313880868,1046,523,91
"AD","GLDLS",29021373,10000,20,20,0,2,-0.2,-0.2,1,0.0097,0.00717526898390819,0.0122247310160918,0.0497,0.0454404410761676,0.0539595589238324,0.0995,0.0945759857484594,0.104424014251541,995,497,97
"AD","GLDLS",3666556,10000,20,20,0.5,2,-0.002,-0.002,0,0.1927,0.182539754724334,0.202860245275666,0.4163,0.406638287205179,0.425961712794821,0.5445,0.536307639876118,0.552692360123882,5445,4163,1927
"AD","GLDLS",31029264,10000,20,20,0.5,2,-0.002,-0.02,0,0.1916,0.181461895499624,0.201738104500376,0.4024,0.392788518114338,0.412011481885662,0.528,0.519787906926977,0.536212093073024,5280,4024,1916
"AD","GLDLS",11771351,10000,20,20,0.5,2,-0.002,-0.05,0,0.1845,0.174507917143978,0.194492082856022,0.4063,0.396673619876111,0.415926380123889,0.531,0.52279082367119,0.53920917632881,5310,4063,1845
"AD","GLDLS",4685958,10000,20,20,0.5,2,-0.002,-0.1,0,0.1767,0.166874759468149,0.186525240531851,0.3815,0.371979205430218,0.391020794569783,0.5098,0.501576580009759,0.518023419990241,5098,3815,1767
"AD","GLDLS",1097861,10000,20,20,0.5,2,-0.002,-0.2,0,0.1622,0.15270398347653,0.17169601652347,0.3567,0.347311106739471,0.366088893260529,0.4792,0.470982120009735,0.487417879990265,4792,3567,1622
"AD","GLDLS",316014,10000,20,20,1,2,-0.002,-0.002,0,0.7927,0.782257609285336,0.803142390714664,0.9251,0.919940693597159,0.930259306402841,0.962,0.958854821946217,0.965145178053783,9620,9251,7927
"AD","GLDLS",26557193,10000,20,20,1,2,-0.002,-0.02,0,0.7812,0.770549974814065,0.791850025185935,0.926,0.920869290512999,0.931130709487001,0.9627,0.959582791842405,0.965817208157595,9627,9260,7812
"AD","GLDLS",109867387,10000,20,20,1,2,-0.002,-0.05,0,0.7611,0.750115639075308,0.772084360924692,0.92,0.91468265329323,0.92531734670677,0.9535,0.950036200641727,0.956963799358273,9535,9200,7611
"AD","GLDLS",5623986,10000,20,20,1,2,-0.002,-0.1,0,0.7339,0.722516213559175,0.745283786440825,0.9018,0.895967336378497,0.907632663621503,0.9472,0.943521220919055,0.950878779080945,9472,9018,7339
"AD","GLDLS",27277,10000,20,20,1,2,-0.002,-0.2,0,0.6754,0.663338518790647,0.687461481209353,0.8687,0.862080528065654,0.875319471934346,0.9261,0.921796547006069,0.930403452993931,9261,8687,6754
"AD","GLDLS",9620279,10000,20,20,1.5,2,-0.002,-0.002,0,0.9911,0.988680644991262,0.993519355008738,0.999,0.998380503559332,0.999619496440668,0.9996,0.999271065806581,0.999928934193419,9996,9990,9911
"AD","GLDLS",39981,10000,20,20,1.5,2,-0.002,-0.02,0,0.9905,0.988001180414356,0.992998819585644,0.9985,0.997741464806354,0.999258535193646,0.9996,0.999271065806581,0.999928934193419,9996,9985,9905
"AD","GLDLS",543714,10000,20,20,1.5,2,-0.002,-0.05,0,0.9881,0.98530668580069,0.990893314199309,0.9986,0.997867148687386,0.999332851312614,0.9995,0.999132258787495,0.999867741212506,9995,9986,9881
"AD","GLDLS",1119037,10000,20,20,1.5,2,-0.002,-0.1,0,0.9821,0.978684531929415,0.985515468070585,0.9973,0.996282929956394,0.998317070043606,0.9992,0.998734909885721,0.999665090114279,9992,9973,9821
"AD","GLDLS",177753358,10000,20,20,1.5,2,-0.002,-0.2,0,0.9673,0.962718577663204,0.971881422336796,0.9942,0.992711643571721,0.995688356428279,0.9978,0.997029275805557,0.998570724194443,9978,9942,9673
"AD","GLDLS",58418358,10000,20,20,2,2,-0.002,-0.002,0,0.9999,0.999642412880322,1.00015758711968,1,1,1,1,1,1,10000,10000,9999
"AD","GLDLS",17457,10000,20,20,2,2,-0.002,-0.02,0,1,1,1,1,1,1,1,1,1,10000,10000,10000
"AD","GLDLS",6418288,10000,20,20,2,2,-0.002,-0.05,0,1,1,1,1,1,1,1,1,1,10000,10000,10000
"AD","GLDLS",63845448,10000,20,20,2,2,-0.002,-0.1,0,0.9999,0.999642412880322,1.00015758711968,1,1,1,1,1,1,10000,10000,9999
"AD","GLDLS",148031,10000,20,20,2,2,-0.002,-0.2,0,0.999,0.99818580467798,0.99981419532202,0.9999,0.999704009800245,1.00009599019976,0.9999,0.999735508225206,1.00006449177479,9999,9999,9990
"AD","GLDLS",6782454,10000,20,20,2.5,2,-0.002,-0.002,0,1,1,1,1,1,1,1,1,1,10000,10000,10000
"AD","GLDLS",2778108,10000,20,20,2.5,2,-0.002,-0.02,0,1,1,1,1,1,1,1,1,1,10000,10000,10000
"AD","GLDLS",354906,10000,20,20,2.5,2,-0.002,-0.05,0,1,1,1,1,1,1,1,1,1,10000,10000,10000
"AD","GLDLS",94670,10000,20,20,2.5,2,-0.002,-0.1,0,1,1,1,1,1,1,1,1,1,10000,10000,10000
"AD","GLDLS",9820331,10000,20,20,2.5,2,-0.002,-0.2,0,1,1,1,1,1,1,1,1,1,10000,10000,10000
"AD","GLDLS",1575818,10000,100,100,0,2,-0.002,-0.002,1,0.0086,0.00622141025800917,0.0109785897419908,0.0498,0.0455363823068197,0.0540636176931803,0.1008,0.0958475019016258,0.105752498098374,1008,498,86
"AD","GLDLS",42070,10000,100,100,0,2,-0.02,-0.02,1,0.0101,0.00752425890101043,0.0126757410989896,0.0514,0.0470720803327234,0.0557279196672767,0.1007,0.0957496838681984,0.105650316131802,1007,514,101
"AD","GLDLS",28355,10000,100,100,0,2,-0.05,-0.05,1,0.0097,0.00717526898390819,0.0122247310160918,0.0511,0.0467840466213825,0.0554159533786175,0.1013,0.0963366146349719,0.106263385365028,1013,511,97
"AD","GLDLS",2633054,10000,100,100,0,2,-0.1,-0.1,1,0.0113,0.00857718993386318,0.0140228100661368,0.0517,0.0473601550053487,0.0560398449946513,0.0995,0.0945759857484594,0.104424014251541,995,517,113
"AD","GLDLS",616732,10000,100,100,0,2,-0.2,-0.2,1,0.0094,0.00691424141894994,0.0118857585810501,0.0521,0.0477443177050662,0.0564556822949338,0.1018,0.09682576479769,0.10677423520231,1018,521,94
"AD","GLDLS",15732657,10000,100,100,0.5,2,-0.002,-0.002,0,0.9212,0.914259577131943,0.928140422868058,0.9787,0.975870102749286,0.981529897250714,0.9907,0.989121013350349,0.992278986649651,9907,9787,9212
"AD","GLDLS",1291376,10000,100,100,0.5,2,-0.002,-0.02,0,0.9179,0.910828441765128,0.924971558234872,0.9786,0.975763612493611,0.981436387506389,0.9899,0.988255165330808,0.991544834669192,9899,9786,9179
"AD","GLDLS",180815,10000,100,100,0.5,2,-0.002,-0.05,0,0.9058,0.898275329828788,0.913324670171213,0.9713,0.968027544767365,0.974572455232635,0.9875,0.98567236502294,0.989327634977061,9875,9713,9058
"AD","GLDLS",3623898,10000,100,100,0.5,2,-0.002,-0.1,0,0.8841,0.875854096045979,0.892345903954021,0.9618,0.958043095641143,0.965556904358857,0.9795,0.977168985081692,0.981831014918308,9795,9618,8841
"AD","GLDLS",459991,10000,100,100,0.5,2,-0.002,-0.2,0,0.8486,0.839366628490313,0.857833371509687,0.9508,0.946560806805818,0.955039193194182,0.974,0.971382226573975,0.976617773426025,9740,9508,8486
"AD","GLDLS",168646344,10000,100,100,1,2,-0.002,-0.002,0,1,1,1,1,1,1,1,1,1,10000,10000,10000
"AD","GLDLS",14354463,10000,100,100,1,2,-0.002,-0.02,0,1,1,1,1,1,1,1,1,1,10000,10000,10000
"AD","GLDLS",175605,10000,100,100,1,2,-0.002,-0.05,0,1,1,1,1,1,1,1,1,1,10000,10000,10000
"AD","GLDLS",6115026,10000,100,100,1,2,-0.002,-0.1,0,1,1,1,1,1,1,1,1,1,10000,10000,10000
"AD","GLDLS",10935352,10000,100,100,1,2,-0.002,-0.2,0,1,1,1,1,1,1,1,1,1,10000,10000,10000
"AD","GLDLS",24619,10000,100,100,1.5,2,-0.002,-0.002,0,1,1,1,1,1,1,1,1,1,10000,10000,10000
"AD","GLDLS",33371,10000,100,100,1.5,2,-0.002,-0.02,0,1,1,1,1,1,1,1,1,1,10000,10000,10000
"AD","GLDLS",92576549,10000,100,100,1.5,2,-0.002,-0.05,0,1,1,1,1,1,1,1,1,1,10000,10000,10000
"AD","GLDLS",178214,10000,100,100,1.5,2,-0.002,-0.1,0,1,1,1,1,1,1,1,1,1,10000,10000,10000
"AD","GLDLS",27953345,10000,100,100,1.5,2,-0.002,-0.2,0,1,1,1,1,1,1,1,1,1,10000,10000,10000
"AD","GLDLS",35505,10000,100,100,2,2,-0.002,-0.002,0,1,1,1,1,1,1,1,1,1,10000,10000,10000
"AD","GLDLS",3302948,10000,100,100,2,2,-0.002,-0.02,0,1,1,1,1,1,1,1,1,1,10000,10000,10000
"AD","GLDLS",403347,10000,100,100,2,2,-0.002,-0.05,0,1,1,1,1,1,1,1,1,1,10000,10000,10000
"AD","GLDLS",31482,10000,100,100,2,2,-0.002,-0.1,0,1,1,1,1,1,1,1,1,1,10000,10000,10000
"AD","GLDLS",16483998,10000,100,100,2,2,-0.002,-0.2,0,1,1,1,1,1,1,1,1,1,10000,10000,10000
"AD","GLDLS",24264,10000,100,100,2.5,2,-0.002,-0.002,0,1,1,1,1,1,1,1,1,1,10000,10000,10000
"AD","GLDLS",63987,10000,100,100,2.5,2,-0.002,-0.02,0,1,1,1,1,1,1,1,1,1,10000,10000,10000
"AD","GLDLS",156684881,10000,100,100,2.5,2,-0.002,-0.05,0,1,1,1,1,1,1,1,1,1,10000,10000,10000
"AD","GLDLS",70787836,10000,100,100,2.5,2,-0.002,-0.1,0,1,1,1,1,1,1,1,1,1,10000,10000,10000
"AD","GLDLS",8113716,10000,100,100,2.5,2,-0.002,-0.2,0,1,1,1,1,1,1,1,1,1,10000,10000,10000
"AD","GLDLS",33789332,10000,10,100,0,2,-0.002,-0.002,1,0.0101,0.00752425890101043,0.0126757410989896,0.0549,0.0504354146980487,0.0593645853019513,0.104,0.0989784640437412,0.109021535956259,1040,549,101
"AD","GLDLS",478140,10000,10,100,0,2,-0.02,-0.02,1,0.011,0.00831316902087236,0.0136868309791276,0.0529,0.0485128566453329,0.0572871433546671,0.1048,0.0997614383085646,0.109838561691435,1048,529,110
"AD","GLDLS",355537,10000,10,100,0,2,-0.05,-0.05,1,0.0102,0.00761166986137858,0.0127883301386214,0.0527,0.0483206954577696,0.0570793045422304,0.104,0.0989784640437412,0.109021535956259,1040,527,102
"AD","GLDLS",177204,10000,10,100,0,2,-0.1,-0.1,1,0.009,0.00656721381654696,0.011432786183453,0.049,0.044768986901462,0.053231013098538,0.0969,0.0920337354870522,0.101766264512948,969,490,90
"AD","GLDLS",137163659,10000,10,100,0,2,-0.2,-0.2,1,0.0095,0.00700118041435561,0.0119988195856444,0.0482,0.0440019032739109,0.0523980967260891,0.0968,0.0919359778340966,0.101664022165903,968,482,95
"AD","GLDLS",148396,10000,10,100,0.5,2,-0.002,-0.002,0,0.1833,0.173333139747587,0.193266860252413,0.3832,0.373671138731118,0.392728861268882,0.5109,0.50267695465676,0.51912304534324,5109,3832,1833
"AD","GLDLS",2339142,10000,10,100,0.5,2,-0.002,-0.02,0,0.1837,0.173724714483311,0.193675285516689,0.3942,0.384621907744357,0.403778092255643,0.5168,0.508579644159138,0.525020355840862,5168,3942,1837
"AD","GLDLS",39262,10000,10,100,0.5,2,-0.002,-0.05,0,0.177,0.167168214171901,0.186831785828099,0.3807,0.371183044255562,0.390216955744438,0.5005,0.492275004112501,0.508724995887499,5005,3807,1770
"AD","GLDLS",3597609,10000,10,100,0.5,2,-0.002,-0.1,0,0.1674,0.157782951886685,0.177017048113315,0.3656,0.356160679069848,0.375039320930152,0.4845,0.476278953062451,0.492721046937548,4845,3656,1674
"AD","GLDLS",656302,10000,10,100,0.5,2,-0.002,-0.2,0,0.1628,0.153289843390248,0.172310156609752,0.3572,0.347808180647734,0.366591819352266,0.4735,0.465286560136315,0.481713439863685,4735,3572,1628
"AD","GLDLS",158377140,10000,10,100,1,2,-0.002,-0.002,0,0.7742,0.763429536061323,0.784970463938677,0.9183,0.912931420461835,0.923668579538165,0.9532,0.949725591765437,0.956674408234563,9532,9183,7742
"AD","GLDLS",274199064,10000,10,100,1,2,-0.002,-0.02,0,0.7709,0.76007426414748,0.78172573585252,0.9135,0.907990421173992,0.919009578826008,0.9501,0.946518204107019,0.953681795892981,9501,9135,7709
"AD","GLDLS",1360297,10000,10,100,1,2,-0.002,-0.05,0,0.7438,0.732554895170028,0.755045104829972,0.9013,0.895454127578402,0.907145872421598,0.948,0.944347655432465,0.951652344567535,9480,9013,7438
"AD","GLDLS",562286,10000,10,100,1,2,-0.002,-0.1,0,0.7344,0.723023040079386,0.745776959920614,0.8926,0.886531425983116,0.898668574016884,0.9373,0.933312148467185,0.941287851532815,9373,8926,7344
"AD","GLDLS",8090623,10000,10,100,1,2,-0.002,-0.2,0,0.6809,0.668892546101702,0.692907453898298,0.8568,0.849934576863616,0.863665423136384,0.9127,0.908056589817518,0.917343410182482,9127,8568,6809
"AD","GLDLS",65408,10000,10,100,1.5,2,-0.002,-0.002,0,0.9919,0.989591008611176,0.994208991388824,0.9986,0.997867148687386,0.999332851312614,0.9996,0.999271065806581,0.999928934193419,9996,9986,9919
"AD","GLDLS",88158216,10000,10,100,1.5,2,-0.002,-0.02,0,0.9873,0.984415488414151,0.990184511585849,0.9978,0.996881690321515,0.998718309678485,0.9996,0.999271065806581,0.999928934193419,9996,9978,9873
"AD","GLDLS",547533,10000,10,100,1.5,2,-0.002,-0.05,0,0.9852,0.982089437600289,0.988310562399711,0.9972,0.996164318492199,0.998235681507801,0.999,0.998480065487297,0.999519934512703,9990,9972,9852
"AD","GLDLS",255539140,10000,10,100,1.5,2,-0.002,-0.1,0,0.9796,0.975958457938457,0.983241542061543,0.9956,0.994302746492624,0.996897253507376,0.9984,0.997742526610729,0.999057473389271,9984,9956,9796
"AD","GLDLS",7260548,10000,10,100,1.5,2,-0.002,-0.2,0,0.9639,0.959094755948351,0.968705244051649,0.9923,0.990586741364067,0.994013258635933,0.9969,0.995985523504963,0.997814476495037,9969,9923,9639
"AD","GLDLS",41750,10000,10,100,2,2,-0.002,-0.002,0,1,1,1,1,1,1,1,1,1,10000,10000,10000
"AD","GLDLS",54428,10000,10,100,2,2,-0.002,-0.02,0,0.9999,0.999642412880322,1.00015758711968,0.9999,0.999704009800245,1.00009599019976,1,1,1,10000,9999,9999
"AD","GLDLS",33737,10000,10,100,2,2,-0.002,-0.05,0,0.9998,0.999435735018296,1.0001642649817,1,1,1,1,1,1,10000,10000,9998
"AD","GLDLS",1725376,10000,10,100,2,2,-0.002,-0.1,0,0.9992,0.998471688672108,0.999928311327892,0.9998,0.999522841861747,1.00007715813825,1,1,1,10000,9998,9992
"AD","GLDLS",6192189,10000,10,100,2,2,-0.002,-0.2,0,0.9983,0.997238791170063,0.999361208829937,0.9997,0.99936056896783,1.00003943103217,1,1,1,10000,9997,9983
"AD","GLDLS",117168275,10000,10,100,2.5,2,-0.002,-0.002,0,1,1,1,1,1,1,1,1,1,10000,10000,10000
"AD","GLDLS",1894429,10000,10,100,2.5,2,-0.002,-0.02,0,1,1,1,1,1,1,1,1,1,10000,10000,10000
"AD","GLDLS",23072514,10000,10,100,2.5,2,-0.002,-0.05,0,1,1,1,1,1,1,1,1,1,10000,10000,10000
"AD","GLDLS",25089,10000,10,100,2.5,2,-0.002,-0.1,0,1,1,1,1,1,1,1,1,1,10000,10000,10000
"AD","GLDLS",4729951,10000,10,100,2.5,2,-0.002,-0.2,0,0.9999,0.999642412880322,1.00015758711968,1,1,1,1,1,1,10000,10000,9999
