"method","distribution","seed","N","n1","n2","delta","sd","g1","g2","h","null","power0.01","l_CI","u_CI","power0.05","l_CI","u_CI","power0.10","l_CI","u_CI"
"Mood","ghEqual",203923,1000,10,10,0,1,1,1,0,1,0.001,-0.0015747116778389,0.0035747116778389,0.02,0.011322710100498,0.028677289899502,0.02,0.0127172745486322,0.0272827254513678
"Mood","ghEqual",744455,1000,10,10,0,1,3,3,0,1,0,0,0,0.028,0.0177748845678887,0.0382251154321113,0.028,0.0194182066909066,0.0365817933090934
"Mood","ghEqual",32588,1000,10,10,0,1,1,3,0,1,0,0,0,0.024,0.0145139239724742,0.0334860760275258,0.024,0.0160384719054694,0.0319615280945306
"Mood","ghEqual",330366,1000,10,10,0,1,-1,1,0,1,0.001,-0.0015747116778389,0.0035747116778389,0.031,0.0202576621538885,0.0417423378461115,0.031,0.0219841093077278,0.0400158906922722
"Mood","ghEqual",125921739,1000,10,10,0,1,-3,3,0,1,0.008,0.000743174362298623,0.0152568256377014,0.057,0.0426302455970883,0.0713697544029117,0.057,0.044939670411842,0.069060329588158
"Mood","ghEqual",13089320,1000,10,10,0,1,-1,3,0,1,0.002,-0.00163936929920556,0.00563936929920556,0.028,0.0177748845678887,0.0382251154321113,0.028,0.0194182066909066,0.0365817933090934
"Mood","ghEqual",45654804,1000,10,10,0,1,1,-3,0,1,0.002,-0.00163936929920556,0.00563936929920556,0.034,0.0227673017311066,0.0452326982688934,0.034,0.0245725568100359,0.0434274431899641
"Mood","ghEqual",185923883,1000,10,10,0.5,3,1,1,0,0,0.003,-0.00145506520895037,0.00745506520895037,0.026,0.0161367004303834,0.0358632995696166,0.026,0.0177218735755003,0.0342781264244997
"Mood","ghEqual",12189988,1000,10,10,0.5,3,3,3,0,0,0.008,0.000743174362298623,0.0152568256377014,0.058,0.0435124309285512,0.0724875690714488,0.058,0.0458407902436055,0.0701592097563945
"Mood","ghEqual",10458748,1000,10,10,0.5,3,1,3,0,0,0.007,0.000208440607931048,0.013791559392069,0.06,0.0452804130492734,0.0747195869507266,0.06,0.0476460609520688,0.0723539390479312
"Mood","ghEqual",206841152,1000,10,10,0.5,3,-1,1,0,0,0.006,-0.000290927440687899,0.0122909274406879,0.044,0.031288074009026,0.056711925990974,0.044,0.0333310621147183,0.0546689378852817
"Mood","ghEqual",106258110,1000,10,10,0.5,3,-3,3,0,0,0.01,0.00189480522134107,0.0181051947786589,0.079,0.062281418289819,0.095718581710181,0.079,0.0649683332075266,0.0930316667924734
"Mood","ghEqual",5977205,1000,10,10,0.5,3,-1,3,0,0,0.01,0.00189480522134107,0.0181051947786589,0.061,0.0461661533512039,0.0758338466487961,0.061,0.0485501644197604,0.0734498355802396
"Mood","ghEqual",2549639,1000,10,10,0.5,3,1,-3,0,0,0.006,-0.000290927440687899,0.0122909274406879,0.034,0.0227673017311066,0.0452326982688934,0.034,0.0245725568100359,0.0434274431899641
"Mood","ghEqual",40693059,1000,10,10,1,3,1,1,0,0,0.001,-0.0015747116778389,0.0035747116778389,0.053,0.0391142610711565,0.0668857389288435,0.053,0.0413458976847206,0.0646541023152794
"Mood","ghEqual",55407,1000,10,10,1,3,3,3,0,0,0.018,0.00716976562691277,0.0288302343730872,0.082,0.0649946984266671,0.099005301573333,0.082,0.0677276933223813,0.0962723066776187
"Mood","ghEqual",20945731,1000,10,10,1,3,1,3,0,0,0.023,0.0107888361530934,0.0352111638469066,0.1,0.0814058073582099,0.11859419264179,0.1,0.0843941597470691,0.115605840252931
"Mood","ghEqual",2197971,1000,10,10,1,3,-1,1,0,0,0.014,0.00442919794876103,0.023570802051239,0.08,0.0631850732978107,0.0968149267021893,0.08,0.0658874722320911,0.0941125277679089
"Mood","ghEqual",20731,1000,10,10,1,3,-3,3,0,0,0.032,0.017662992035435,0.046337007964565,0.166,0.142938203226982,0.189061796773018,0.166,0.146644563422645,0.185355436577355
"Mood","ghEqual",916309,1000,10,10,1,3,-1,3,0,0,0.014,0.00442919794876103,0.023570802051239,0.104,0.0850797554349845,0.122920244565016,0.104,0.0881205090257905,0.119879490974209
"Mood","ghEqual",175098,1000,10,10,1,3,1,-3,0,0,0.001,-0.0015747116778389,0.0035747116778389,0.039,0.0270008614309193,0.0509991385690807,0.039,0.0289292944152358,0.0490707055847642
"Mood","ghEqual",683138,1000,10,10,1.5,3,1,1,0,0,0.015,0.00509830366048322,0.0249016963395168,0.101,0.0823234521819475,0.119676547818052,0.101,0.0853250402241345,0.116674959775865
"Mood","ghEqual",117541132,1000,10,10,1.5,3,3,3,0,0,0.041,0.0248472269704549,0.0571527730295451,0.166,0.142938203226982,0.189061796773018,0.166,0.146644563422645,0.185355436577355
"Mood","ghEqual",184935077,1000,10,10,1.5,3,1,3,0,0,0.032,0.017662992035435,0.046337007964565,0.171,0.147663732637802,0.194336267362198,0.171,0.151414204178155,0.190585795821845
"Mood","ghEqual",24380483,1000,10,10,1.5,3,-1,1,0,0,0.017,0.00646954641356793,0.0275304535864321,0.129,0.108224092453036,0.149775907546964,0.129,0.111563077594512,0.146436922405488
"Mood","ghEqual",34234612,1000,10,10,1.5,3,-3,3,0,0,0.156,0.126441704865402,0.185558295134598,0.496,0.465010670636492,0.526989329363508,0.496,0.469991098569913,0.522008901430087
"Mood","ghEqual",43344979,1000,10,10,1.5,3,-1,3,0,0,0.04,0.0240371118402715,0.0559628881597285,0.211,0.185710758682792,0.236289241317208,0.211,0.189775101037343,0.232224898962657
"Mood","ghEqual",91917391,1000,10,10,1.5,3,1,-3,0,0,0,0,0,0.056,0.0417493037924458,0.0702506962075542,0.056,0.0440395942543741,0.0679604057456259
"Mood","ghEqual",58893,1000,10,10,2,3,1,1,0,0,0.026,0.0130368062799324,0.0389631937200676,0.161,0.138220195646143,0.183779804353857,0.161,0.141881235631584,0.180118764368416
"Mood","ghEqual",1146016,1000,10,10,2,3,3,3,0,0,0.051,0.0330789251822331,0.0689210748177669,0.197,0.172348295280042,0.221651704719958,0.197,0.17631017639575,0.21768982360425
"Mood","ghEqual",4330653,1000,10,10,2,3,1,3,0,0,0.067,0.0466331398213667,0.0873668601786333,0.254,0.227019975270582,0.280980024729418,0.254,0.231356050673524,0.276643949326476
"Mood","ghEqual",63213,1000,10,10,2,3,-1,1,0,0,0.047,0.0297598421464303,0.0642401578535697,0.265,0.237645884404719,0.292354115595281,0.265,0.242042081553961,0.28795791844604
"Mood","ghEqual",16744564,1000,10,10,2,3,-3,3,0,0,0.928,0.906943504346259,0.949056495653741,0.994,0.98921342477339,0.99878657522661,0.994,0.989982695791952,0.998017304208048
"Mood","ghEqual",30783,1000,10,10,2,3,-1,3,0,0,0.143,0.114482970270801,0.171517029729199,0.423,0.392379367191385,0.453620632808615,0.423,0.397300540321341,0.448699459678659
"Mood","ghEqual",2924373,1000,10,10,2,3,1,-3,0,0,0.007,0.000208440607931048,0.013791559392069,0.093,0.0749988111059297,0.11100118889407,0.093,0.0778918593210481,0.108108140678952
"Mood","ghEqual",88873,1000,10,10,2.5,3,1,1,0,0,0.041,0.0248472269704549,0.0571527730295451,0.255,0.227985041921187,0.282014958078813,0.255,0.232326731612425,0.277673268387575
"Mood","ghEqual",2024660,1000,10,10,2.5,3,3,3,0,0,0.09,0.0666875558038201,0.11331244419618,0.289,0.260904304130348,0.317095695869652,0.289,0.265419683823685,0.312580316176315
"Mood","ghEqual",144270,1000,10,10,2.5,3,1,3,0,0,0.122,0.0953392089011597,0.14866079109884,0.357,0.327304156492869,0.386695843507131,0.357,0.332076702770801,0.381923297229199
"Mood","ghEqual",36037091,1000,10,10,2.5,3,-1,1,0,0,0.103,0.0782394268964549,0.127760573103545,0.389,0.358782990776716,0.419217009223284,0.389,0.363639295830459,0.414360704169542
"Mood","ghEqual",6322269,1000,10,10,2.5,3,-3,3,0,0,0.998,0.994360630700794,1.00163936929921,1,1,1,1,1,1
"Mood","ghEqual",470482,1000,10,10,2.5,3,-1,3,0,0,0.363,0.323828618606743,0.402171381393257,0.723,0.695262641192788,0.750737358807212,0.723,0.69972043100109,0.74627956899891
"Mood","ghEqual",22650,1000,10,10,2.5,3,1,-3,0,0,0.011,0.00250349441805633,0.0194965055819437,0.109,0.0896844013709127,0.128315598629087,0.109,0.0927886940077303,0.12521130599227
"Mood","ghEqual",321900005,1000,20,20,0,1,1,1,0,1,0.003,-0.00145506520895037,0.00745506520895037,0.03,0.0194268944959392,0.0405731055040608,0.03,0.0211261435948061,0.0388738564051939
"Mood","ghEqual",1210476,1000,20,20,0,1,3,3,0,1,0.007,0.000208440607931048,0.013791559392069,0.028,0.0177748845678887,0.0382251154321113,0.028,0.0194182066909066,0.0365817933090934
"Mood","ghEqual",163299,1000,20,20,0,1,1,3,0,1,0.005,-0.000745692786775151,0.0107456927867752,0.038,0.0261495346251719,0.0498504653748281,0.038,0.0280540737032693,0.0479459262967307
"Mood","ghEqual",794567,1000,20,20,0,1,-1,1,0,1,0.004,-0.00114168567534034,0.00914168567534034,0.025,0.0153232753475156,0.0346767246524844,0.025,0.0168784632380934,0.0331215367619066
"Mood","ghEqual",4735160,1000,20,20,0,1,-3,3,0,1,0.007,0.000208440607931048,0.013791559392069,0.043,0.0304267871409094,0.0555732128590905,0.043,0.0324474820646919,0.0535525179353081
"Mood","ghEqual",129386,1000,20,20,0,1,-1,3,0,1,0.011,0.00250349441805633,0.0194965055819437,0.042,0.0295673567733969,0.0544326432266031,0.042,0.031565460149101,0.052434539850899
"Mood","ghEqual",3089036,1000,20,20,0,1,1,-3,0,1,0.007,0.000208440607931048,0.013791559392069,0.026,0.0161367004303834,0.0358632995696166,0.026,0.0177218735755003,0.0342781264244997
"Mood","ghEqual",766496,1000,20,20,0.5,3,1,1,0,0,0.006,-0.000290927440687899,0.0122909274406879,0.045,0.0321511572505536,0.0578488427494463,0.045,0.0342161498352861,0.0557838501647139
"Mood","ghEqual",15339081,1000,20,20,0.5,3,3,3,0,0,0.016,0.00577876439250127,0.0262212356074987,0.054,0.0399912779169547,0.0680087220830453,0.054,0.0422426796803013,0.0657573203196987
"Mood","ghEqual",21698,1000,20,20,0.5,3,1,3,0,0,0.014,0.00442919794876103,0.023570802051239,0.059,0.0443958296914888,0.0736041703085112,0.059,0.046742928491071,0.071257071508929
"Mood","ghEqual",35333981,1000,20,20,0.5,3,-1,1,0,0,0.007,0.000208440607931048,0.013791559392069,0.042,0.0295673567733969,0.0544326432266031,0.042,0.031565460149101,0.052434539850899
"Mood","ghEqual",2655416,1000,20,20,0.5,3,-3,3,0,0,0.029,0.0153304419828584,0.0426695580171416,0.078,0.0613785528427877,0.0946214471572123,0.078,0.0640498568501968,0.0919501431498032
"Mood","ghEqual",799782,1000,20,20,0.5,3,-1,3,0,0,0.013,0.00377266875765262,0.0222273312423474,0.068,0.0523966272363953,0.0836033727636047,0.068,0.0549043121448318,0.0810956878551682
"Mood","ghEqual",10277907,1000,20,20,0.5,3,1,-3,0,0,0.006,-0.000290927440687899,0.0122909274406879,0.025,0.0153232753475156,0.0346767246524844,0.025,0.0168784632380934,0.0331215367619066
"Mood","ghEqual",42900876,1000,20,20,1,3,1,1,0,0,0.024,0.0115325857923946,0.0364674142076054,0.086,0.0686228562070748,0.103377143792925,0.086,0.0714156114595092,0.100584388540491
"Mood","ghEqual",12184565,1000,20,20,1,3,3,3,0,0,0.046,0.0289352880486074,0.0630647119513926,0.125,0.104501829349915,0.145498170650085,0.125,0.107796178204393,0.142203821795607
"Mood","ghEqual",168671,1000,20,20,1,3,1,3,0,0,0.057,0.0381140370704589,0.0758859629295411,0.152,0.129747654649453,0.174252345350547,0.152,0.133323924437934,0.170676075562066
"Mood","ghEqual",1052052,1000,20,20,1,3,-1,1,0,0,0.036,0.0208247579820287,0.0511752420179712,0.11,0.0906068919458484,0.129393108054152,0.11,0.0937236414545513,0.126276358545449
"Mood","ghEqual",5482136,1000,20,20,1,3,-3,3,0,0,0.088,0.0649227202934141,0.111077279706586,0.23,0.203916530905572,0.256083469094428,0.23,0.208108517010033,0.251891482989967
"Mood","ghEqual",9397514,1000,20,20,1,3,-1,3,0,0,0.053,0.03475017169352,0.07124982830648,0.167,0.143882716041888,0.190117283958112,0.167,0.14759799382087,0.18640200617913
"Mood","ghEqual",3029589,1000,20,20,1,3,1,-3,0,0,0.01,0.00189480522134107,0.0181051947786589,0.061,0.0461661533512039,0.0758338466487961,0.061,0.0485501644197604,0.0734498355802396
"Mood","ghEqual",22043299,1000,20,20,1.5,3,1,1,0,0,0.053,0.03475017169352,0.07124982830648,0.191,0.166636088360035,0.215363911639965,0.191,0.170551717016458,0.211448282983542
"Mood","ghEqual",151115,1000,20,20,1.5,3,3,3,0,0,0.102,0.0773461861267673,0.126653813873233,0.231,0.204876868824737,0.257123131175263,0.231,0.20907522919219,0.25292477080781
"Mood","ghEqual",3938744,1000,20,20,1.5,3,1,3,0,0,0.137,0.108990101173764,0.165009898826236,0.303,0.274516472381392,0.331483527618608,0.303,0.27909418217724,0.32690581782276
"Mood","ghEqual",34281,1000,20,20,1.5,3,-1,1,0,0,0.088,0.0649227202934141,0.111077279706586,0.249,0.222197474775686,0.275802525224314,0.249,0.226505023472451,0.271494976527549
"Mood","ghEqual",9694352,1000,20,20,1.5,3,-3,3,0,0,0.512,0.471281595705922,0.552718404294078,0.751,0.724197474775686,0.777802525224314,0.751,0.728505023472451,0.773494976527549
"Mood","ghEqual",323335,1000,20,20,1.5,3,-1,3,0,0,0.177,0.145909163316244,0.208090836683756,0.385,0.354840509951261,0.415159490048739,0.385,0.359687570851951,0.410312429148049
"Mood","ghEqual",9086718,1000,20,20,1.5,3,1,-3,0,0,0.036,0.0208247579820287,0.0511752420179712,0.114,0.0943018537318863,0.133698146268114,0.114,0.0974676272392618,0.130532372760738
"Mood","ghEqual",98944934,1000,20,20,2,3,1,1,0,0,0.13,0.102604630581064,0.157395369418936,0.306,0.277437480111167,0.334562519888833,0.306,0.282027885093301,0.329972114906699
"Mood","ghEqual",1671628,1000,20,20,2,3,3,3,0,0,0.166,0.135690209955462,0.196309790044538,0.347,0.317496237772108,0.376503762227892,0.347,0.322237913844448,0.371762086155552
"Mood","ghEqual",255205,1000,20,20,2,3,1,3,0,0,0.249,0.213773823990901,0.284226176009099,0.478,0.447039692094554,0.508960307905446,0.478,0.452015455865072,0.503984544134928
"Mood","ghEqual",22932,1000,20,20,2,3,-1,1,0,0,0.212,0.178705162630582,0.245294837369418,0.431,0.400306187229345,0.461693812770655,0.431,0.405239121424629,0.456760878575371
"Mood","ghEqual",9957422,1000,20,20,2,3,-3,3,0,0,1,1,1,1,1,1,1,1,1
"Mood","ghEqual",221269,1000,20,20,2,3,-1,3,0,0,0.468,0.427353364648768,0.508646635351232,0.688,0.659283759131808,0.716716240868192,0.688,0.663898869271339,0.712101130728661
"Mood","ghEqual",24215,1000,20,20,2,3,1,-3,0,0,0.06,0.0406542571504736,0.0793457428495263,0.191,0.166636088360035,0.215363911639965,0.191,0.170551717016458,0.211448282983542
"Mood","ghEqual",16772848,1000,20,20,2.5,3,1,1,0,0,0.241,0.206160230911443,0.275839769088557,0.478,0.447039692094554,0.508960307905446,0.478,0.452015455865072,0.503984544134928
"Mood","ghEqual",146381510,1000,20,20,2.5,3,3,3,0,0,0.287,0.250150502328308,0.323849497671692,0.489,0.458017179495727,0.519982820504273,0.489,0.462996561362485,0.515003438637515
"Mood","ghEqual",308093089,1000,20,20,2.5,3,1,3,0,0,0.41,0.369935124929684,0.450064875070316,0.634,0.604143338592535,0.663856661407465,0.634,0.608941730604449,0.659058269395551
"Mood","ghEqual",82245,1000,20,20,2.5,3,-1,1,0,0,0.46,0.419400409381374,0.500599590618626,0.71,0.681875536627342,0.738124463372658,0.71,0.686395539669376,0.733604460330624
"Mood","ghEqual",269242402,1000,20,20,2.5,3,-3,3,0,0,1,1,1,1,1,1,1,1,1
"Mood","ghEqual",323646,1000,20,20,2.5,3,-1,3,0,0,0.842,0.812288098412656,0.871711901587344,0.948,0.934238622394542,0.961761377605458,0.948,0.936450272366848,0.959549727633152
"Mood","ghEqual",17892,1000,20,20,2.5,3,1,-3,0,0,0.106,0.0809234636190721,0.131076536380928,0.267,0.239580237462735,0.294419762537265,0.267,0.243986985013367,0.290013014986633
"Mood","ghEqual",2500048,1000,100,100,0,1,1,1,0,1,0.007,0.000208440607931048,0.013791559392069,0.037,0.0253004252384969,0.0486995747615031,0.079,0.0649683332075266,0.0930316667924734
"Mood","ghEqual",28538787,1000,100,100,0,1,3,3,0,1,0.007,0.000208440607931048,0.013791559392069,0.036,0.0244536202037175,0.0475463797962825,0.067,0.0539939887446227,0.0800060112553773
"Mood","ghEqual",8219119,1000,100,100,0,1,1,3,0,1,0.013,0.00377266875765262,0.0222273312423474,0.046,0.0330159800369839,0.0589840199630161,0.083,0.0686487537553354,0.0973512462446646
"Mood","ghEqual",83490839,1000,100,100,0,1,-1,1,0,1,0.006,-0.000290927440687899,0.0122909274406879,0.035,0.0236092124943005,0.0463907875056995,0.067,0.0539939887446227,0.0800060112553773
"Mood","ghEqual",756122,1000,100,100,0,1,-3,3,0,1,0.005,-0.000745692786775151,0.0107456927867752,0.034,0.0227673017311066,0.0452326982688934,0.063,0.0503611961889188,0.0756388038110812
"Mood","ghEqual",6533579,1000,100,100,0,1,-1,3,0,1,0.007,0.000208440607931048,0.013791559392069,0.032,0.0210914069834832,0.0429085930165168,0.074,0.060382817578515,0.087617182421485
"Mood","ghEqual",22716967,1000,100,100,0,1,1,-3,0,1,0.002,-0.00163936929920556,0.00563936929920556,0.039,0.0270008614309193,0.0509991385690807,0.075,0.0612985225477323,0.0887014774522677
"Mood","ghEqual",5127405,1000,100,100,0.5,3,1,1,0,0,0.046,0.0289352880486074,0.0630647119513926,0.123,0.102643250907868,0.143356749092132,0.194,0.17343000016772,0.21456999983228
"Mood","ghEqual",175233092,1000,100,100,0.5,3,3,3,0,0,0.05,0.0322461452073078,0.0677538547926922,0.143,0.121302259988653,0.164697740011347,0.206,0.184961742631577,0.227038257368423
"Mood","ghEqual",1937884,1000,100,100,0.5,3,1,3,0,0,0.049,0.0314153326496064,0.0665846673503936,0.143,0.121302259988653,0.164697740011347,0.225,0.203277589696928,0.246722410303072
"Mood","ghEqual",270647,1000,100,100,0.5,3,-1,1,0,0,0.036,0.0208247579820287,0.0511752420179712,0.13,0.109155697181244,0.150844302818756,0.215,0.193629240318253,0.236370759681747
"Mood","ghEqual",119376931,1000,100,100,0.5,3,-3,3,0,0,0.082,0.0596501750750481,0.104349824924952,0.201,0.176161378492356,0.225838621507644,0.283,0.259567496105303,0.306432503894697
"Mood","ghEqual",184490319,1000,100,100,0.5,3,-1,3,0,0,0.058,0.0389591949346673,0.0770408050653327,0.159,0.13633516136391,0.18166483863609,0.221,0.199416057867595,0.242583942132405
"Mood","ghEqual",69271,1000,100,100,0.5,3,1,-3,0,0,0.042,0.0256599546164645,0.0583400453835355,0.112,0.0924533847022048,0.131546615297795,0.182,0.16192857309756,0.20207142690244
"Mood","ghEqual",747640,1000,100,100,1,3,1,1,0,0,0.21,0.176820560004726,0.243179439995274,0.404,0.373586256159427,0.434413743840573,0.499,0.472990318264635,0.525009681735365
"Mood","ghEqual",167962513,1000,100,100,1,3,3,3,0,0,0.256,0.220448960070569,0.291551039929431,0.469,0.438069299678151,0.499930700321848,0.562,0.536191003702197,0.587808996297803
"Mood","ghEqual",50635347,1000,100,100,1,3,1,3,0,0,0.281,0.244384626899839,0.317615373100161,0.459,0.428114044123583,0.489885955876417,0.578,0.552308701981021,0.603691298018979
"Mood","ghEqual",1145818,1000,100,100,1,3,-1,1,0,0,0.241,0.206160230911443,0.275839769088557,0.474,0.44305160620646,0.50494839379354,0.587,0.561387027763748,0.612612972236252
"Mood","ghEqual",6259425,1000,100,100,1,3,-3,3,0,0,0.489,0.448279721622955,0.529720278377044,0.687,0.65825868671059,0.71574131328941,0.788,0.766738351136377,0.809261648863623
"Mood","ghEqual",27245,1000,100,100,1,3,-1,3,0,0,0.34,0.301411554392539,0.378588445607461,0.566,0.535280853032677,0.596719146967323,0.676,0.651654889205428,0.700345110794572
"Mood","ghEqual",87289752,1000,100,100,1,3,1,-3,0,0,0.129,0.101694521509704,0.156305478490296,0.281,0.253140476989008,0.308859523010992,0.4,0.374515769581955,0.425484230418045
"Mood","ghEqual",28187242,1000,100,100,1.5,3,1,1,0,0,0.553,0.512499332039879,0.593500667960121,0.757,0.730416806783232,0.783583193216768,0.826,0.806278926573333,0.845721073426667
"Mood","ghEqual",30362,1000,100,100,1.5,3,3,3,0,0,0.579,0.538781470414944,0.619218529585056,0.748,0.721090406290693,0.774909593709307,0.809,0.788551717016458,0.829448282983542
"Mood","ghEqual",742941,1000,100,100,1.5,3,1,3,0,0,0.68,0.642000725564822,0.717999274435178,0.828,0.804609717710126,0.851390282289874,0.878,0.86097476655373,0.89502523344627
"Mood","ghEqual",2183306,1000,100,100,1.5,3,-1,1,0,0,0.704,0.666814121685995,0.741185878314005,0.854,0.832114249969444,0.875885750030556,0.917,0.902648753755335,0.931351246244665
"Mood","ghEqual",36332370,1000,100,100,1.5,3,-3,3,0,0,0.999,0.996425288322161,1.00157471167784,1,1,1,1,1,1
"Mood","ghEqual",195286,1000,100,100,1.5,3,-1,3,0,0,0.865,0.837163104655871,0.892836895344129,0.951,0.937620361798614,0.964379638201386,0.971,0.962270798548836,0.979729201451164
"Mood","ghEqual",373518,1000,100,100,1.5,3,1,-3,0,0,0.396,0.356160679639532,0.435839320360468,0.601,0.570648528233379,0.631351471766621,0.697,0.67309418217724,0.72090581782276
"Mood","ghEqual",100948,1000,100,100,2,3,1,1,0,0,0.851,0.821992936015101,0.880007063984899,0.948,0.934238622394542,0.961761377605458,0.975,0.966878463238093,0.983121536761907
"Mood","ghEqual",4775052,1000,100,100,2,3,3,3,0,0,0.815,0.783369174427467,0.846630825572533,0.929,0.91308183131136,0.94491816868864,0.954,0.94310269753104,0.96489730246896
"Mood","ghEqual",65219,1000,100,100,2,3,1,3,0,0,0.912,0.888922720293414,0.935077279706586,0.966,0.954767301731107,0.977232698268893,0.983,0.976275389693447,0.989724610306553
"Mood","ghEqual",40385,1000,100,100,2,3,-1,1,0,0,0.966,0.951237025132312,0.980762974867688,0.994,0.98921342477339,0.99878657522661,0.997,0.994155053467111,0.999844946532889
"Mood","ghEqual",106769,1000,100,100,2,3,-3,3,0,0,1,1,1,1,1,1,1,1,1
"Mood","ghEqual",107633149,1000,100,100,2,3,-1,3,0,0,0.998,0.994360630700794,1.00163936929921,1,1,1,1,1,1
"Mood","ghEqual",3366800,1000,100,100,2,3,1,-3,0,0,0.639,0.599875401958563,0.678124598041437,0.829,0.805663732637802,0.852336267362198,0.887,0.870531011209701,0.903468988790299
"Mood","ghEqual",49013,1000,100,100,2.5,3,1,1,0,0,0.974,0.961036806279932,0.986963193720068,0.994,0.98921342477339,0.99878657522661,0.997,0.994155053467111,0.999844946532889
"Mood","ghEqual",5235970,1000,100,100,2.5,3,3,3,0,0,0.934,0.913774872664332,0.954225127335668,0.974,0.964136700430383,0.983863299569617,0.985,0.978676905870146,0.991323094129854
"Mood","ghEqual",117332346,1000,100,100,2.5,3,1,3,0,0,0.99,0.981894805221341,0.998105194778659,0.997,0.993610276471451,1.00038972352855,0.998,0.995675946235562,1.00032405376444
"Mood","ghEqual",142409,1000,100,100,2.5,3,-1,1,0,0,1,1,1,1,1,1,1,1,1
"Mood","ghEqual",7329980,1000,100,100,2.5,3,-3,3,0,0,1,1,1,1,1,1,1,1,1
"Mood","ghEqual",5470943,1000,100,100,2.5,3,-1,3,0,0,1,1,1,1,1,1,1,1,1
"Mood","ghEqual",20398675,1000,100,100,2.5,3,1,-3,0,0,0.849,0.819833240710974,0.878166759289026,0.947,0.933114261071156,0.960885738928843,0.977,0.969202110043416,0.984797889956584
"Mood","ghEqual",2094502,1000,10,100,0,1,1,1,0,1,0.002,-0.00163936929920556,0.00563936929920556,0.021,0.0121129614381393,0.0298870385618608,0.094,0.0788192255434711,0.109180774456529
"Mood","ghEqual",27388,1000,10,100,0,1,3,3,0,1,0.001,-0.0015747116778389,0.0035747116778389,0.018,0.00975960428134668,0.0262403957186533,0.086,0.0714156114595092,0.100584388540491
"Mood","ghEqual",682576,1000,10,100,0,1,1,3,0,1,0.005,-0.000745692786775151,0.0107456927867752,0.023,0.0137088970730058,0.0322911029269942,0.114,0.0974676272392618,0.130532372760738
"Mood","ghEqual",34261420,1000,10,100,0,1,-1,1,0,1,0.001,-0.0015747116778389,0.0035747116778389,0.016,0.00822297290733792,0.0237770270926621,0.09,0.0751129772116786,0.104887022788321
"Mood","ghEqual",103814473,1000,10,100,0,1,-3,3,0,1,0.004,-0.00114168567534034,0.00914168567534034,0.024,0.0145139239724742,0.0334860760275258,0.099,0.0834637609449713,0.114536239055029
"Mood","ghEqual",19086878,1000,10,100,0,1,-1,3,0,1,0,0,0,0.011,0.00453526749199938,0.0174647325080006,0.092,0.0769650239641029,0.107034976035897
"Mood","ghEqual",82498,1000,10,100,0,1,1,-3,0,1,0.003,-0.00145506520895037,0.00745506520895037,0.013,0.0059792044895183,0.0200207955104817,0.083,0.0686487537553354,0.0973512462446646
"Mood","ghEqual",18564,1000,10,100,0.5,3,1,1,0,0,0.004,-0.00114168567534034,0.00914168567534034,0.022,0.0129084728675541,0.0310915271324459,0.119,0.102156694060399,0.135843305939601
"Mood","ghEqual",251996,1000,10,100,0.5,3,3,3,0,0,0.003,-0.00145506520895037,0.00745506520895037,0.025,0.0153232753475156,0.0346767246524844,0.124,0.106855343118044,0.141144656881956
"Mood","ghEqual",4529110,1000,10,100,0.5,3,1,3,0,0,0.001,-0.0015747116778389,0.0035747116778389,0.021,0.0121129614381393,0.0298870385618608,0.106,0.0899864509523966,0.122013549047603
"Mood","ghEqual",2453329,1000,10,100,0.5,3,-1,1,0,0,0.005,-0.000745692786775151,0.0107456927867752,0.026,0.0161367004303834,0.0358632995696166,0.126,0.108737372821613,0.143262627178387
"Mood","ghEqual",145139,1000,10,100,0.5,3,-3,3,0,0,0.027,0.0137966492398331,0.0402033507601669,0.103,0.0841604335081722,0.121839566491828,0.249,0.226505023472451,0.271494976527549
"Mood","ghEqual",1067358,1000,10,100,0.5,3,-1,3,0,0,0.006,-0.000290927440687899,0.0122909274406879,0.032,0.0210914069834832,0.0429085930165168,0.123,0.105914871297675,0.140085128702325
"Mood","ghEqual",491990,1000,10,100,0.5,3,1,-3,0,0,0.004,-0.00114168567534034,0.00914168567534034,0.017,0.00898769835814952,0.0250123016418505,0.103,0.0871882209800731,0.118811779019927
"Mood","ghEqual",296487935,1000,10,100,1,3,1,1,0,0,0.006,-0.000290927440687899,0.0122909274406879,0.062,0.0470530240650491,0.0769469759349509,0.187,0.166717009915326,0.207282990084674
"Mood","ghEqual",5317247,1000,10,100,1,3,3,3,0,0,0.004,-0.00114168567534034,0.00914168567534034,0.037,0.0253004252384969,0.0486995747615031,0.167,0.14759799382087,0.18640200617913
"Mood","ghEqual",72370432,1000,10,100,1,3,1,3,0,0,0.009,0.00130685460010016,0.0166931453998998,0.052,0.038238622394542,0.065761377605458,0.184,0.163843278599931,0.204156721400069
"Mood","ghEqual",20559786,1000,10,100,1,3,-1,1,0,0,0.01,0.00189480522134107,0.0181051947786589,0.072,0.0559787533069364,0.0880212466930635,0.263,0.240097783256309,0.285902216743691
"Mood","ghEqual",86139,1000,10,100,1,3,-3,3,0,0,0.207,0.173995920461616,0.240004079538384,0.429,0.398323714462145,0.459676285537855,0.605,0.579570247260836,0.630429752739164
"Mood","ghEqual",187156832,1000,10,100,1,3,-1,3,0,0,0.015,0.00509830366048322,0.0249016963395168,0.092,0.0740859859997822,0.109914014000218,0.264,0.241069856485403,0.286930143514597
"Mood","ghEqual",1823925,1000,10,100,1,3,1,-3,0,0,0.005,-0.000745692786775151,0.0107456927867752,0.053,0.0391142610711565,0.0668857389288435,0.196,0.175349909356131,0.216650090643869
"Mood","ghEqual",3953870,1000,10,100,1.5,3,1,1,0,0,0.017,0.00646954641356793,0.0275304535864321,0.092,0.0740859859997822,0.109914014000218,0.261,0.238154094546834,0.283845905453166
"Mood","ghEqual",2884208,1000,10,100,1.5,3,3,3,0,0,0.005,-0.000745692786775151,0.0107456927867752,0.05,0.0364916322229516,0.0635083677770484,0.227,0.205209430645919,0.248790569354081
"Mood","ghEqual",28834783,1000,10,100,1.5,3,1,3,0,0,0.009,0.00130685460010016,0.0166931453998998,0.079,0.062281418289819,0.095718581710181,0.272,0.248851863003689,0.295148136996311
"Mood","ghEqual",144728,1000,10,100,1.5,3,-1,1,0,0,0.052,0.0339136180042552,0.0700863819957448,0.204,0.179023723768344,0.228976276231656,0.473,0.447028216122588,0.498971783877412
"Mood","ghEqual",52696958,1000,10,100,1.5,3,-3,3,0,0,0.737,0.701136103141795,0.772863896858205,0.95,0.936491632222952,0.963508367777048,0.994,0.989982695791952,0.998017304208048
"Mood","ghEqual",14763756,1000,10,100,1.5,3,-1,3,0,0,0.046,0.0289352880486074,0.0630647119513926,0.197,0.172348295280042,0.221651704719958,0.448,0.422131309302556,0.473868690697444
"Mood","ghEqual",304571700,1000,10,100,1.5,3,1,-3,0,0,0.014,0.00442919794876103,0.023570802051239,0.075,0.0586748353760215,0.0913251646239785,0.271,0.247878590160308,0.294121409839692
"Mood","ghEqual",157258298,1000,10,100,2,3,1,1,0,0,0.025,0.0122820190281633,0.0377179809718367,0.137,0.115688120458298,0.158311879541702,0.391,0.365615832356073,0.416384167643927
"Mood","ghEqual",817243,1000,10,100,2,3,3,3,0,0,0.007,0.000208440607931048,0.013791559392069,0.107,0.087840962404129,0.126159037595871,0.313,0.288877826346388,0.337122173653612
"Mood","ghEqual",58346,1000,10,100,2,3,1,3,0,0,0.023,0.0107888361530934,0.0352111638469066,0.13,0.109155697181244,0.150844302818756,0.376,0.350802809489945,0.401197190510055
"Mood","ghEqual",239484,1000,10,100,2,3,-1,1,0,0,0.169,0.138472606634958,0.199527393365042,0.448,0.417177730232833,0.478822269767167,0.736,0.713069856485403,0.758930143514597
"Mood","ghEqual",5458828,1000,10,100,2,3,-3,3,0,0,0.964,0.948824757982029,0.979175242017971,1,1,1,1,1,1
"Mood","ghEqual",6221681,1000,10,100,2,3,-1,3,0,0,0.169,0.138472606634958,0.199527393365042,0.47,0.439065511803167,0.500934488196833,0.747,0.724385527404447,0.769614472595553
"Mood","ghEqual",304332,1000,10,100,2,3,1,-3,0,0,0.019,0.00787865885497617,0.0301213411450238,0.125,0.104501829349915,0.145498170650085,0.353,0.328139755516588,0.377860244483412
"Mood","ghEqual",7776032,1000,10,100,2.5,3,1,1,0,0,0.045,0.0281129495292991,0.0618870504707009,0.2,0.17520774314428,0.22479225685572,0.474,0.448025455208994,0.499974544791006
"Mood","ghEqual",1226091,1000,10,100,2.5,3,3,3,0,0,0.031,0.0168814988308249,0.0451185011691751,0.158,0.135393118357456,0.180606881642544,0.395,0.369570247260836,0.420429752739164
"Mood","ghEqual",37598,1000,10,100,2.5,3,1,3,0,0,0.056,0.0372705135557859,0.0747294864442141,0.218,0.192408974197973,0.243591025802027,0.489,0.462996561362485,0.515003438637515
"Mood","ghEqual",657210,1000,10,100,2.5,3,-1,1,0,0,0.534,0.493364140922776,0.574635859077224,0.823,0.799343928610185,0.846656071389814,0.949,0.937555835374524,0.960444164625476
"Mood","ghEqual",4216457,1000,10,100,2.5,3,-3,3,0,0,0.998,0.994360630700794,1.00163936929921,1,1,1,1,1,1
"Mood","ghEqual",48726222,1000,10,100,2.5,3,-1,3,0,0,0.577,0.536755739737249,0.61724426026275,0.872,0.851292899150291,0.892707100849709,0.962,0.952054073703269,0.971945926296731
"Mood","ghEqual",33712,1000,10,100,2.5,3,1,-3,0,0,0.047,0.0297598421464303,0.0642401578535697,0.174,0.150502550810779,0.19749744918922,0.458,0.432082191028175,0.483917808971825
