"method","distribution","seed","N","n1","n2","delta","scale1","scale2","null","power0.01","l_CI","u_CI","power0.05","l_CI","u_CI","power0.10","l_CI","u_CI","ct_0.10","ct_0.05","ct_0.01"
"WMW_Asymp","Cauchy",157278550,10000,10,10,0,1,1,1,0.0075,0.00527750011023622,0.00972249988976378,0.0465,0.0423729199135466,0.0506270800864534,0.0879,0.0832421921585391,0.0925578078414609,879,465,75
"WMW_Asymp","Cauchy",82332,10000,10,10,0,0.5,0.5,1,0.007,0.00485232034567536,0.00914767965432464,0.0404,0.0365408480964854,0.0442591519035146,0.0873,0.0826565898175183,0.0919434101824817,873,404,70
"WMW_Asymp","Cauchy",248755,10000,10,10,0,2,2,1,0.0071,0.00493714308998861,0.00926285691001139,0.0425,0.0385461523802756,0.0464538476197244,0.0894,0.0847064820333677,0.0940935179666323,894,425,71
"WMW_Asymp","Cauchy",22263759,10000,10,10,0.5,1,1,0,0.019,0.015483123134598,0.022516876865402,0.0794,0.0741009037504118,0.0846990962495882,0.1455,0.139699660253539,0.151300339746461,1455,794,190
"WMW_Asymp","Cauchy",148944,10000,10,10,0.5,0.5,0.5,0,0.0583,0.0522641780335122,0.0643358219664877,0.1926,0.18487090606873,0.20032909393127,0.2971,0.289582663348434,0.304617336651566,2971,1926,583
"WMW_Asymp","Cauchy",124406840,10000,10,10,0.5,2,2,0,0.0093,0.00682737409756834,0.0117726259024317,0.053,0.0486089437990388,0.0573910562009612,0.1012,0.0962387890860799,0.10616121091392,1012,530,93
"WMW_Asymp","Cauchy",38911167,10000,10,10,0.5,0.5,2,0,0.0173,0.0139412367841576,0.0206587632158424,0.0806,0.0752644911824269,0.0859355088175731,0.1417,0.135963191094452,0.147436808905548,1417,806,173
"WMW_Asymp","Cauchy",946225,10000,10,10,0.5,1,2,0,0.0125,0.00963800139762438,0.0153619986023756,0.0613,0.0565983562651345,0.0660016437348655,0.1168,0.111516559099375,0.122083440900625,1168,613,125
"WMW_Asymp","Cauchy",155607642,10000,10,10,1,1,1,0,0.0555,0.0496021553176097,0.0613978446823903,0.1869,0.179259307838788,0.194540692161212,0.2892,0.281741718755343,0.296658281244657,2892,1869,555
"WMW_Asymp","Cauchy",244724,10000,10,10,1,0.5,0.5,0,0.2272,0.216405971040412,0.237994028959588,0.4769,0.467110464342861,0.486689535657139,0.5971,0.589031587908208,0.605168412091792,5971,4769,2272
"WMW_Asymp","Cauchy",340741,10000,10,10,1,2,2,0,0.0175,0.0141222215347954,0.0208777784652046,0.0795,0.0741978558337216,0.0848021441662784,0.1377,0.132031579428732,0.143368420571268,1377,795,175
"WMW_Asymp","Cauchy",159843,10000,10,10,1,0.5,2,0,0.0452,0.0398485523509899,0.0505514476490101,0.1502,0.143197559922884,0.157202440077116,0.2337,0.226738630738369,0.240661369261631,2337,1502,452
"WMW_Asymp","Cauchy",4556155,10000,10,10,1,1,2,0,0.0295,0.0251413235043651,0.0338586764956349,0.1155,0.109235361976938,0.121764638023062,0.1929,0.186409237927795,0.199390762072205,1929,1155,295
"WMW_Asymp","Cauchy",98616077,10000,10,10,1.5,1,1,0,0.1283,0.119685249382603,0.136914750617397,0.3279,0.318698815749351,0.337101184250649,0.4526,0.444412042615701,0.460787957384299,4526,3279,1283
"WMW_Asymp","Cauchy",2898879,10000,10,10,1.5,0.5,0.5,0,0.4005,0.38787760657143,0.41312239342857,0.6797,0.670554800674365,0.688845199325635,0.786,0.779253413981131,0.792746586018869,7860,6797,4005
"WMW_Asymp","Cauchy",14506996,10000,10,10,1.5,2,2,0,0.0328,0.0282118149607044,0.0373881850392956,0.1254,0.118909030385651,0.131890969614349,0.1993,0.192728652013873,0.205871347986127,1993,1254,328
"WMW_Asymp","Cauchy",115397,10000,10,10,1.5,0.5,2,0,0.0935,0.0860004437246994,0.100999556275301,0.2513,0.242798291067697,0.259801708932303,0.353,0.345138500424378,0.360861499575622,3530,2513,935
"WMW_Asymp","Cauchy",235063,10000,10,10,1.5,1,2,0,0.0608,0.0546443107144093,0.0669556892855907,0.1883,0.180637349731483,0.195962650268517,0.2865,0.279062530390356,0.293937469609644,2865,1883,608
"WMW_Asymp","Cauchy",4210341,10000,10,10,2,1,1,0,0.2279,0.217094252937238,0.238705747062762,0.4802,0.470407686998793,0.489992313001207,0.607,0.598965543143591,0.615034456856409,6070,4802,2279
"WMW_Asymp","Cauchy",301024,10000,10,10,2,0.5,0.5,0,0.5534,0.540593666853508,0.566206333146492,0.8107,0.803021763853488,0.818378236146512,0.8873,0.882098086801688,0.892501913198312,8873,8107,5534
"WMW_Asymp","Cauchy",20398422,10000,10,10,2,2,2,0,0.0548,0.0489372956407392,0.0606627043592608,0.1819,0.174339063038062,0.189460936961938,0.2865,0.279062530390356,0.293937469609644,2865,1819,548
"WMW_Asymp","Cauchy",96637261,10000,10,10,2,0.5,2,0,0.1518,0.142556618487557,0.161043381512443,0.3656,0.356160679069848,0.375039320930152,0.4828,0.474579868008578,0.491020131991422,4828,3656,1518
"WMW_Asymp","Cauchy",8567700,10000,10,10,2,1,2,0,0.1055,0.0975866156280893,0.113413384371911,0.2789,0.27011021856208,0.28768978143792,0.3989,0.390844893543784,0.406955106456216,3989,2789,1055
"WMW_Asymp","Cauchy",3135188,10000,10,10,2.5,1,1,0,0.3293,0.317193854835738,0.341406145164262,0.594,0.584374743523417,0.603625256476583,0.7123,0.704853240889637,0.719746759110363,7123,5940,3293
"WMW_Asymp","Cauchy",1964368,10000,10,10,2.5,0.5,0.5,0,0.6695,0.657382671513176,0.681617328486824,0.8862,0.879975663330956,0.892424336669044,0.9362,0.932179680577379,0.940220319422621,9362,8862,6695
"WMW_Asymp","Cauchy",1138604,10000,10,10,2.5,2,2,0,0.094,0.086482492252987,0.101517507747013,0.2599,0.251303841527845,0.268496158472155,0.3741,0.366140015314903,0.382059984685097,3741,2599,940
"WMW_Asymp","Cauchy",266903,10000,10,10,2.5,0.5,2,0,0.2399,0.228899907201799,0.250900092798201,0.484,0.474205018885164,0.493794981114836,0.5953,0.587225782468823,0.603374217531178,5953,4840,2399
"WMW_Asymp","Cauchy",258744,10000,10,10,2.5,1,2,0,0.1619,0.152411070862101,0.171388929137899,0.3783,0.368794725227664,0.387805274772336,0.5099,0.501676612422549,0.518123387577451,5099,3783,1619
"WMW_Asymp","Cauchy",247479,10000,10,10,5,1,1,0,0.656,0.643762942529905,0.668237057470095,0.8765,0.870051398939305,0.882948601060695,0.9286,0.924364259476892,0.932835740523108,9286,8765,6560
"WMW_Asymp","Cauchy",13240093,10000,10,10,5,0.5,0.5,0,0.8762,0.867715860408488,0.884684139591512,0.9761,0.973106342042517,0.979093657957483,0.9869,0.985029584363043,0.988770415636957,9869,9761,8762
"WMW_Asymp","Cauchy",25302273,10000,10,10,5,2,2,0,0.3239,0.311845289066298,0.335954710933702,0.5995,0.589896005000001,0.609103994999999,0.7204,0.713017196016174,0.727782803983826,7204,5995,3239
"WMW_Asymp","Cauchy",173189043,10000,10,10,5,0.5,2,0,0.5609,0.548115895934351,0.573684104065649,0.8148,0.807186189338209,0.822413810661791,0.8779,0.872514249148635,0.883285750851365,8779,8148,5609
"WMW_Asymp","Cauchy",5914577,10000,10,10,5,1,2,0,0.4617,0.448857842679116,0.474542157320884,0.7303,0.721601443375732,0.738998556624268,0.8254,0.81915517526338,0.83164482473662,8254,7303,4617
"WMW_Asymp","Cauchy",28756,10000,10,10,5,0.5,1,0,0.7617,0.750725118046087,0.772674881953914,0.934,0.929133670886592,0.938866329113408,0.9644,0.961351968140652,0.967448031859348,9644,9340,7617
"WMW_Asymp","Cauchy",8215749,10000,10,10,0.5,0.5,1,0,0.0273,0.023102249324877,0.031497750675123,0.112,0.105818817511188,0.118181182488812,0.1857,0.179303180865088,0.192096819134912,1857,1120,273
"WMW_Asymp","Cauchy",64608624,10000,10,10,1,0.5,1,0,0.106,0.0980701029208192,0.113929897079181,0.2827,0.27387388887711,0.29152611112289,0.4001,0.392040843136905,0.408159156863095,4001,2827,1060
"WMW_Asymp","Cauchy",5545243,10000,10,10,1.5,0.5,1,0,0.2202,0.20952553465938,0.23087446534062,0.4721,0.462315268730599,0.481884731269401,0.6011,0.593044893543784,0.609155106456216,6011,4721,2202
"WMW_Asymp","Cauchy",105228046,10000,10,10,2,0.5,1,0,0.3554,0.343070379170908,0.367729620829092,0.631,0.621542334842045,0.640457665157955,0.7413,0.73409620879524,0.74850379120476,7413,6310,3554
"WMW_Asymp","Cauchy",32299062,10000,10,10,2.5,0.5,1,0,0.4707,0.457842133720318,0.483557866279682,0.7375,0.728876139205669,0.746123860794331,0.8313,0.825139693312279,0.837460306687721,8313,7375,4707
"WMW_Asymp","Cauchy",3303252,10000,20,20,0,1,1,1,0.0093,0.00682737409756834,0.0117726259024317,0.0498,0.0455363823068197,0.0540636176931803,0.0952,0.090372073248443,0.100027926751557,952,498,93
"WMW_Asymp","Cauchy",370648,10000,20,20,0,0.5,0.5,1,0.0069,0.00476760873419909,0.00903239126580091,0.0455,0.0414153980903887,0.0495846019096113,0.0942,0.0893948437765355,0.0990051562234645,942,455,69
"WMW_Asymp","Cauchy",279190094,10000,20,20,0,2,2,1,0.0096,0.00708818996570521,0.0121118100342948,0.0477,0.0435226376032717,0.0518773623967283,0.0944,0.0895902765458293,0.0992097234541707,944,477,96
"WMW_Asymp","Cauchy",25664702,10000,20,20,0.5,1,1,0,0.0405,0.0354219630129744,0.0455780369870256,0.135,0.128302217979062,0.141697782020938,0.2146,0.207846541902766,0.221353458097234,2146,1350,405
"WMW_Asymp","Cauchy",235851880,10000,20,20,0.5,0.5,0.5,0,0.1543,0.144994558418529,0.163605441581471,0.3587,0.349299469135756,0.368100530864244,0.4751,0.466885205495938,0.483314794504063,4751,3587,1543
"WMW_Asymp","Cauchy",50148893,10000,20,20,0.5,2,2,0,0.016,0.0127677614979089,0.0192322385020911,0.0709,0.0658695085060801,0.0759304914939199,0.1308,0.125253364421165,0.136346635578835,1308,709,160
"WMW_Asymp","Cauchy",14997932,10000,20,20,0.5,0.5,2,0,0.0312,0.0267214211918226,0.0356785788081774,0.1118,0.105623643471949,0.117976356528051,0.1862,0.179796541734352,0.192603458265648,1862,1118,312
"WMW_Asymp","Cauchy",62412,10000,20,20,0.5,1,2,0,0.0243,0.0203335028371401,0.0282664971628599,0.0953,0.0895448742580548,0.101055125741945,0.167,0.160864546929729,0.173135453070271,1670,953,243
"WMW_Asymp","Cauchy",66051534,10000,20,20,1,1,1,0,0.1527,0.143434177414644,0.161965822585356,0.3538,0.344428298173245,0.363171701826755,0.4783,0.470082749791519,0.486517250208481,4783,3538,1527
"WMW_Asymp","Cauchy",297132,10000,20,20,1,0.5,0.5,0,0.5747,0.561964554296374,0.587435445703626,0.8012,0.793377695249506,0.809022304750494,0.8784,0.873023757455471,0.883776242544529,8784,8012,5747
"WMW_Asymp","Cauchy",31000,10000,20,20,1,2,2,0,0.0392,0.0342007438516579,0.0441992561483421,0.1364,0.129673028722642,0.143126971277358,0.215,0.208241972407758,0.221758027592242,2150,1364,392
"WMW_Asymp","Cauchy",103315,10000,20,20,1,0.5,2,0,0.1156,0.107363377864484,0.123836622135515,0.2828,0.273972943338485,0.291627056661515,0.3822,0.374206532829623,0.390193467170377,3822,2828,1156
"WMW_Asymp","Cauchy",263553584,10000,20,20,1,1,2,0,0.0728,0.0661073477475357,0.0794926522524643,0.2098,0.201819551010526,0.217780448989474,0.2989,0.291369586168677,0.306430413831323,2989,2098,728
"WMW_Asymp","Cauchy",425004,10000,20,20,1.5,1,1,0,0.3543,0.341978975304214,0.366621024695786,0.6135,0.603955831369889,0.623044168630111,0.7206,0.713218812593959,0.727981187406041,7206,6135,3543
"WMW_Asymp","Cauchy",14727117,10000,20,20,1.5,0.5,0.5,0,0.8353,0.825745369446158,0.844854630553842,0.9502,0.94593638230682,0.95446361769318,0.9758,0.973272134328747,0.978327865671253,9758,9502,8353
"WMW_Asymp","Cauchy",2828185,10000,20,20,1.5,2,2,0,0.0796,0.0726274650869297,0.0865725349130703,0.2288,0.220566820351189,0.237033179648811,0.3309,0.323159664223887,0.338640335776113,3309,2288,796
"WMW_Asymp","Cauchy",696136,10000,20,20,1.5,0.5,2,0,0.2401,0.229096770763116,0.251103229236884,0.4758,0.46601148527418,0.48558851472582,0.5909,0.582812065284822,0.598987934715178,5909,4758,2401
"WMW_Asymp","Cauchy",166891781,10000,20,20,1.5,1,2,0,0.1569,0.147530921556606,0.166269078443394,0.3608,0.351387440838029,0.370212559161971,0.4803,0.472081386560023,0.488518613439977,4803,3608,1569
"WMW_Asymp","Cauchy",101662,10000,20,20,2,1,1,0,0.5657,0.552931676933701,0.578468323066299,0.7959,0.788000368624398,0.803799631375602,0.8726,0.86711523252388,0.87808476747612,8726,7959,5657
"WMW_Asymp","Cauchy",180180269,10000,20,20,2,0.5,0.5,0,0.9383,0.932101889724252,0.944498110275748,0.9885,0.986410254838503,0.990589745161497,0.9951,0.993951324639432,0.996248675360567,9951,9885,9383
"WMW_Asymp","Cauchy",379243,10000,20,20,2,2,2,0,0.1537,0.144409374315653,0.162990625684347,0.3623,0.352878968695859,0.371721031304141,0.4811,0.472880878205004,0.489319121794996,4811,3623,1537
"WMW_Asymp","Cauchy",3753166,10000,20,20,2,0.5,2,0,0.3972,0.384595166875535,0.409804833124465,0.6499,0.6405507796604,0.659249220339601,0.7538,0.746713398804794,0.760886601195206,7538,6499,3972
"WMW_Asymp","Cauchy",39265,10000,20,20,2,1,2,0,0.2933,0.281572122100161,0.305027877899839,0.5376,0.527827748982021,0.547372251017979,0.657,0.649190995967635,0.664809004032366,6570,5376,2933
"WMW_Asymp","Cauchy",5842177,10000,20,20,2.5,1,1,0,0.7209,0.709345177200297,0.732454822799703,0.8978,0.891862941615109,0.903737058384891,0.9436,0.939805108002643,0.947394891997356,9436,8978,7209
"WMW_Asymp","Cauchy",16701230,10000,20,20,2.5,0.5,0.5,0,0.9741,0.970008359088319,0.978191640911681,0.9948,0.993390303467551,0.99620969653245,0.9979,0.997146958239554,0.998653041760446,9979,9948,9741
"WMW_Asymp","Cauchy",31034,10000,20,20,2.5,2,2,0,0.2435,0.232443954746547,0.254556045253453,0.4854,0.475604178826949,0.495195821173051,0.6056,0.597560532411559,0.613639467588441,6056,4854,2435
"WMW_Asymp","Cauchy",304023,10000,20,20,2.5,0.5,2,0,0.5661,0.553333046952608,0.578866953047392,0.7902,0.782219551010526,0.798180448989474,0.8645,0.85886987485047,0.87013012514953,8645,7902,5661
"WMW_Asymp","Cauchy",4579831,10000,20,20,2.5,1,2,0,0.4314,0.418641801445443,0.444158198554557,0.6846,0.675492370329531,0.693707629670469,0.7853,0.778545398638278,0.792054601361722,7853,6846,4314
"WMW_Asymp","Cauchy",3649689,10000,20,20,5,1,1,0,0.9738,0.969685364303823,0.977914635696177,0.996,0.994762868867096,0.997237131132904,0.9987,0.998107272464133,0.999292727535867,9987,9960,9738
"WMW_Asymp","Cauchy",126177029,10000,20,20,5,0.5,0.5,0,0.9992,0.998471688672108,0.999928311327892,0.9999,0.999704009800245,1.00009599019976,0.9999,0.999735508225206,1.00006449177479,9999,9999,9992
"WMW_Asymp","Cauchy",28093680,10000,20,20,5,2,2,0,0.7248,0.713295197548811,0.736304802451189,0.898,0.892068093109294,0.903931906890706,0.9424,0.93856738863833,0.94623261136167,9424,8980,7248
"WMW_Asymp","Cauchy",14406053,10000,20,20,5,0.5,2,0,0.9315,0.924992973520386,0.938007026479614,0.9846,0.982186505310882,0.987013494689118,0.9932,0.991848118222477,0.994551881777523,9932,9846,9315
"WMW_Asymp","Cauchy",109545,10000,20,20,5,1,2,0,0.8727,0.864113967095655,0.881286032904345,0.9639,0.960243836047659,0.967556163952341,0.9841,0.982042290416027,0.986157709583973,9841,9639,8727
"WMW_Asymp","Cauchy",135692680,10000,20,20,5,0.5,1,0,0.9925,0.990277500110236,0.994722499889764,0.9984,0.997616627451081,0.999183372548919,0.9994,0.998997179837769,0.999802820162231,9994,9984,9925
"WMW_Asymp","Cauchy",212505400,10000,20,20,0.5,0.5,1,0,0.0695,0.0629491681827725,0.0760508318172275,0.1978,0.189992526050918,0.205607473949082,0.2933,0.285810730145483,0.300789269854517,2933,1978,695
"WMW_Asymp","Cauchy",67673070,10000,20,20,1,0.5,1,0,0.2867,0.275050807627722,0.298349192372278,0.5381,0.528328492976905,0.547871507023095,0.6571,0.649291540206099,0.664908459793901,6571,5381,2867
"WMW_Asymp","Cauchy",1319890,10000,20,20,1.5,0.5,1,0,0.5653,0.552530315376188,0.578069684623812,0.7964,0.788507572813994,0.804292427186006,0.8699,0.864365999220367,0.875434000779633,8699,7964,5653
"WMW_Asymp","Cauchy",277995,10000,20,20,2,0.5,1,0,0.775,0.764243079251012,0.785756920748988,0.919,0.913652431745176,0.924347568254824,0.9555,0.952107957746523,0.958892042253477,9555,9190,7750
"WMW_Asymp","Cauchy",140809831,10000,20,20,2.5,0.5,1,0,0.877,0.868539457506188,0.885460542493812,0.967,0.963498724552395,0.970501275447605,0.9832,0.981085822346538,0.985314177653462,9832,9670,8770
"WMW_Asymp","Cauchy",118738578,10000,100,100,0,1,1,1,0.0098,0.00726241640782102,0.012337583592179,0.0457,0.041606859679708,0.049793140320292,0.094,0.0891994176072064,0.0988005823927936,940,457,98
"WMW_Asymp","Cauchy",19289,10000,100,100,0,0.5,0.5,1,0.0095,0.00700118041435561,0.0119988195856444,0.0525,0.0481285518417806,0.0568714481582194,0.1062,0.101131863119459,0.111268136880541,1062,525,95
"WMW_Asymp","Cauchy",260469,10000,100,100,0,2,2,1,0.0086,0.00622141025800917,0.0109785897419908,0.0474,0.043235138816431,0.051564861183569,0.096,0.0911539740652778,0.100846025934722,960,474,86
"WMW_Asymp","Cauchy",909523,10000,100,100,0.5,1,1,0,0.2496,0.238451548165436,0.260748451834564,0.4769,0.467110464342861,0.486689535657139,0.5974,0.589332566453506,0.605467433546494,5974,4769,2496
"WMW_Asymp","Cauchy",56841,10000,100,100,0.5,0.5,0.5,0,0.8542,0.845109151835657,0.863290848164343,0.9551,0.951041143806637,0.959158856193363,0.9764,0.973902900836651,0.978897099163349,9764,9551,8542
"WMW_Asymp","Cauchy",2836761,10000,100,100,0.5,2,2,0,0.05,0.0443857381607196,0.0556142618392804,0.1544,0.147317897525282,0.161482102474718,0.2438,0.236736806739165,0.250863193260835,2438,1544,500
"WMW_Asymp","Cauchy",680381,10000,100,100,0.5,0.5,2,0,0.159,0.149580184020141,0.168419815979859,0.3475,0.338166946962542,0.356833053037458,0.462,0.453798788199906,0.470201211800094,4620,3475,1590
"WMW_Asymp","Cauchy",284301,10000,100,100,0.5,1,2,0,0.1049,0.0970065042158861,0.112793495784114,0.2604,0.251798483781658,0.269001516218342,0.3703,0.362356541975262,0.378243458024738,3703,2604,1049
"WMW_Asymp","Cauchy",16961,10000,100,100,1,1,1,0,0.8563,0.847263771285041,0.865336228714959,0.956,0.951980136042103,0.960019863957897,0.9802,0.977908310122224,0.982491689877776,9802,9560,8563
"WMW_Asymp","Cauchy",245020063,10000,100,100,1,0.5,0.5,0,1,1,1,1,1,1,1,1,1,10000,10000,10000
"WMW_Asymp","Cauchy",362884567,10000,100,100,1,2,2,0,0.2476,0.236481516080282,0.258718483919718,0.4732,0.463414087629577,0.482985912370423,0.6001,0.592041514705357,0.608158485294643,6001,4732,2476
"WMW_Asymp","Cauchy",441638,10000,100,100,1,0.5,2,0,0.6434,0.631061082616058,0.655738917383942,0.8288,0.821417000776812,0.836182999223188,0.8945,0.889446615958155,0.899553384041845,8945,8288,6434
"WMW_Asymp","Cauchy",53918,10000,100,100,1,1,2,0,0.4737,0.460837830275966,0.486562169724034,0.7049,0.695960681081962,0.713839318918038,0.8075,0.801014364536965,0.813985635463035,8075,7049,4737
"WMW_Asymp","Cauchy",176109618,10000,100,100,1.5,1,1,0,0.9962,0.994615066935339,0.997784933064661,0.9998,0.999522841861747,1.00007715813825,1,1,1,10000,9998,9962
"WMW_Asymp","Cauchy",60885685,10000,100,100,1.5,0.5,0.5,0,1,1,1,1,1,1,1,1,1,10000,10000,10000
"WMW_Asymp","Cauchy",144332,10000,100,100,1.5,2,2,0,0.5934,0.580746714221526,0.606053285778475,0.799,0.7911453382097,0.8068546617903,0.8752,0.869763406651367,0.880636593348633,8752,7990,5934
"WMW_Asymp","Cauchy",25167999,10000,100,100,1.5,0.5,2,0,0.9484,0.942701422196254,0.954098577803746,0.9852,0.98283326773935,0.98756673226065,0.9929,0.991518827788444,0.994281172211556,9929,9852,9484
"WMW_Asymp","Cauchy",1865783,10000,100,100,1.5,1,2,0,0.8547,0.845622097419182,0.863777902580818,0.9495,0.945208103454182,0.953791896545818,0.9753,0.972746807905626,0.977853192094374,9753,9495,8547
"WMW_Asymp","Cauchy",2553174,10000,100,100,2,1,1,0,1,1,1,1,1,1,1,1,1,10000,10000,10000
"WMW_Asymp","Cauchy",62194,10000,100,100,2,0.5,0.5,0,1,1,1,1,1,1,1,1,1,10000,10000,10000
"WMW_Asymp","Cauchy",2602191,10000,100,100,2,2,2,0,0.8528,0.843673098584097,0.861926901415903,0.9466,0.942193335875018,0.951006664124982,0.9725,0.969809846545385,0.975190153454615,9725,9466,8528
"WMW_Asymp","Cauchy",70599424,10000,100,100,2,0.5,2,0,0.9959,0.994253940031304,0.997546059968696,0.9992,0.998645850076604,0.999754149923396,0.9995,0.999132258787495,0.999867741212506,9995,9992,9959
"WMW_Asymp","Cauchy",35406,10000,100,100,2,1,2,0,0.9808,0.977265022111309,0.984334977888691,0.9969,0.995810410984637,0.997989589015363,0.9988,0.998230497293773,0.999369502706227,9988,9969,9808
"WMW_Asymp","Cauchy",126504,10000,100,100,2.5,1,1,0,1,1,1,1,1,1,1,1,1,10000,10000,10000
"WMW_Asymp","Cauchy",20864024,10000,100,100,2.5,0.5,0.5,0,1,1,1,1,1,1,1,1,1,10000,10000,10000
"WMW_Asymp","Cauchy",5927018,10000,100,100,2.5,2,2,0,0.968,0.96346624,0.97253376,0.9946,0.993163594105275,0.996036405894725,0.9978,0.997029275805557,0.998570724194443,9978,9946,9680
"WMW_Asymp","Cauchy",31676,10000,100,100,2.5,0.5,2,0,1,1,1,1,1,1,1,1,1,10000,10000,10000
"WMW_Asymp","Cauchy",92862,10000,100,100,2.5,1,2,0,0.9979,0.996720768647472,0.999079231352528,0.9995,0.99906184025744,0.99993815974256,0.9999,0.999735508225206,1.00006449177479,9999,9995,9979
"WMW_Asymp","Cauchy",96883,10000,100,100,5,1,1,0,1,1,1,1,1,1,1,1,1,10000,10000,10000
"WMW_Asymp","Cauchy",607549,10000,100,100,5,0.5,0.5,0,1,1,1,1,1,1,1,1,1,10000,10000,10000
"WMW_Asymp","Cauchy",1313134,10000,100,100,5,2,2,0,1,1,1,1,1,1,1,1,1,10000,10000,10000
"WMW_Asymp","Cauchy",189930,10000,100,100,5,0.5,2,0,1,1,1,1,1,1,1,1,1,10000,10000,10000
"WMW_Asymp","Cauchy",28240119,10000,100,100,5,1,2,0,1,1,1,1,1,1,1,1,1,10000,10000,10000
"WMW_Asymp","Cauchy",79898,10000,100,100,5,0.5,1,0,1,1,1,1,1,1,1,1,1,10000,10000,10000
"WMW_Asymp","Cauchy",202966,10000,100,100,0.5,0.5,1,0,0.468,0.455146405306779,0.480853594693221,0.7034,0.694447530982438,0.712352469017562,0.7978,0.791193012366903,0.804406987633097,7978,7034,4680
"WMW_Asymp","Cauchy",36912,10000,100,100,1,0.5,1,0,0.9809,0.977374060066345,0.984425939933655,0.997,0.995928075301152,0.998071924698848,0.9992,0.998734909885721,0.999665090114279,9992,9970,9809
"WMW_Asymp","Cauchy",25393529,10000,100,100,1.5,0.5,1,0,0.9997,0.999253890643434,1.00014610935657,1,1,1,1,1,1,10000,10000,9997
"WMW_Asymp","Cauchy",5770866,10000,100,100,2,0.5,1,0,1,1,1,1,1,1,1,1,1,10000,10000,10000
"WMW_Asymp","Cauchy",24091364,10000,100,100,2.5,0.5,1,0,1,1,1,1,1,1,1,1,1,10000,10000,10000
"WMW_Asymp","Cauchy",2289387,10000,10,100,0,1,1,1,0.0101,0.00752425890101043,0.0126757410989896,0.0485,0.0442895226351398,0.0527104773648602,0.0992,0.0942825955815695,0.104117404418431,992,485,101
"WMW_Asymp","Cauchy",47789923,10000,10,100,0,0.5,0.5,1,0.0089,0.00648064499126234,0.0113193550087377,0.0454,0.0413196754082059,0.0494803245917941,0.0985,0.0935980725072299,0.10340192749277,985,454,89
"WMW_Asymp","Cauchy",297635,10000,10,100,0,2,2,1,0.0066,0.00451416522232848,0.00868583477767152,0.0453,0.0412239581570352,0.0493760418429648,0.0988,0.0938914302559299,0.10370856974407,988,453,66
"WMW_Asymp","Cauchy",748073,10000,10,100,0.5,1,1,0,0.0331,0.0284915950367113,0.0377084049632887,0.1279,0.121354022822038,0.134445977177962,0.2162,0.209428320785809,0.222971679214191,2162,1279,331
"WMW_Asymp","Cauchy",187826,10000,10,100,0.5,0.5,0.5,0,0.1387,0.129796488728583,0.147603511271417,0.3369,0.3276360523802,0.3461639476198,0.4689,0.460690926023237,0.477109073976763,4689,3369,1387
"WMW_Asymp","Cauchy",4251654,10000,10,100,0.5,2,2,0,0.0124,0.00954932805320851,0.0152506719467915,0.0638,0.0590098321773032,0.0685901678226968,0.1253,0.119854083213473,0.130745916786527,1253,638,124
"WMW_Asymp","Cauchy",719413,10000,10,100,0.5,0.5,2,0,0.0018,0.000708079815840004,0.00289192018416,0.0269,0.0237288926252175,0.0300711073747825,0.0781,0.0736859898578532,0.0825140101421468,781,269,18
"WMW_Asymp","Cauchy",1965596,10000,10,100,0.5,1,2,0,0.0043,0.0026144395204633,0.0059855604795367,0.0412,0.0373044508154048,0.0450955491845952,0.0966,0.0917404673028058,0.101459532697194,966,412,43
"WMW_Asymp","Cauchy",15337213,10000,10,100,1,1,1,0,0.1424,0.133397912301814,0.151402087698186,0.3423,0.333000203574615,0.351599796425385,0.4704,0.462189425482124,0.478610574517876,4704,3423,1424
"WMW_Asymp","Cauchy",20209,10000,10,100,1,0.5,0.5,0,0.5331,0.520248253902848,0.545951746097152,0.7655,0.757195756171691,0.773804243828308,0.8482,0.842297297132,0.854102702868,8482,7655,5331
"WMW_Asymp","Cauchy",224005,10000,10,100,1,2,2,0,0.0331,0.0284915950367113,0.0377084049632887,0.1239,0.117442438295579,0.130357561704421,0.2136,0.206858007285557,0.220341992714443,2136,1239,331
"WMW_Asymp","Cauchy",42224,10000,10,100,1,0.5,2,0,0.021,0.0173064255959301,0.0246935744040699,0.1541,0.147023526197999,0.161176473802001,0.296,0.288490723646049,0.30350927635395,2960,1541,210
"WMW_Asymp","Cauchy",203244,10000,10,100,1,1,2,0,0.0286,0.0243063372947676,0.0328936627052324,0.1408,0.133982823583213,0.147617176416787,0.2512,0.244065580571455,0.258334419428545,2512,1408,286
"WMW_Asymp","Cauchy",5307061,10000,10,100,1.5,1,1,0,0.334,0.321850561508679,0.346149438491321,0.5846,0.574941298978931,0.594258701021069,0.7088,0.701326510270135,0.716273489729865,7088,5846,3340
"WMW_Asymp","Cauchy",172880,10000,10,100,1.5,0.5,0.5,0,0.8012,0.790919256613637,0.811480743386363,0.9288,0.923759690889479,0.933840309110521,0.9588,0.955530521220072,0.962069478779928,9588,9288,8012
"WMW_Asymp","Cauchy",48427593,10000,10,100,1.5,2,2,0,0.071,0.064384192043416,0.077615807956584,0.2156,0.207539736454532,0.223660263545468,0.3325,0.324750255900394,0.340249744099606,3325,2156,710
"WMW_Asymp","Cauchy",95502044,10000,10,100,1.5,0.5,2,0,0.1156,0.107363377864484,0.123836622135515,0.4111,0.401456146887971,0.420743853112029,0.5992,0.591138503661577,0.607261496338423,5992,4111,1156
"WMW_Asymp","Cauchy",28979886,10000,10,100,1.5,1,2,0,0.0898,0.0824353443956628,0.0971646556043372,0.3056,0.296571042632596,0.314628957367404,0.4618,0.453599039628928,0.470000960371072,4618,3056,898
"WMW_Asymp","Cauchy",46401,10000,10,100,2,1,1,0,0.5409,0.528063163911814,0.553736836088186,0.7749,0.766714095959614,0.783085904040386,0.8508,0.844939103467523,0.856660896532477,8508,7749,5409
"WMW_Asymp","Cauchy",216593,10000,10,100,2,0.5,0.5,0,0.9075,0.900036542881479,0.914963457118521,0.9713,0.968027544767365,0.974572455232635,0.9864,0.984494706489383,0.988305293510617,9864,9713,9075
"WMW_Asymp","Cauchy",108809,10000,10,100,2,2,2,0,0.1406,0.13164560612463,0.14955439387537,0.3383,0.329026628944251,0.347573371055749,0.4665,0.458293481777003,0.474706518222997,4665,3383,1406
"WMW_Asymp","Cauchy",3198385,10000,10,100,2,0.5,2,0,0.3151,0.303133045400963,0.327066954599037,0.674,0.66481255357349,0.683187446426511,0.8185,0.812159645235133,0.824840354764867,8185,6740,3151
"WMW_Asymp","Cauchy",56146159,10000,10,100,2,1,2,0,0.2217,0.210999545603296,0.232400454396704,0.517,0.507205666037958,0.526794333962042,0.6729,0.665182414696424,0.680617585303576,6729,5170,2217
"WMW_Asymp","Cauchy",31543118,10000,10,100,2.5,1,1,0,0.6843,0.672326905241944,0.696273094758056,0.8653,0.858608504024839,0.871991495975161,0.9226,0.918204147538065,0.926995852461935,9226,8653,6843
"WMW_Asymp","Cauchy",1103571,10000,10,100,2.5,0.5,0.5,0,0.9523,0.946809752278586,0.957790247721414,0.9864,0.98412986305118,0.988670136948821,0.9946,0.993394445052642,0.995805554947358,9946,9864,9523
"WMW_Asymp","Cauchy",162122,10000,10,100,2.5,2,2,0,0.2348,0.223881012076603,0.245718987923397,0.4726,0.462814725959974,0.482385274040026,0.597,0.588931262423557,0.605068737576443,5970,4726,2348
"WMW_Asymp","Cauchy",10012829,10000,10,100,2.5,0.5,2,0,0.5406,0.527762531977556,0.553437468022444,0.8382,0.830981962097523,0.845418037902477,0.92,0.915537226871104,0.924462773128896,9200,8382,5406
"WMW_Asymp","Cauchy",4144931,10000,10,100,2.5,1,2,0,0.3846,0.372067744379866,0.397132255620134,0.6865,0.677407252844162,0.695592747155838,0.8079,0.801419501882727,0.814380498117273,8079,6865,3846
"WMW_Asymp","Cauchy",66929603,10000,10,100,5,1,1,0,0.952,0.94649338198078,0.95750661801922,0.9879,0.985757083498034,0.990042916501966,0.9946,0.993394445052642,0.995805554947358,9946,9879,9520
"WMW_Asymp","Cauchy",44153711,10000,10,100,5,0.5,0.5,0,0.9962,0.994615066935339,0.997784933064661,0.9984,0.997616627451081,0.999183372548919,0.9995,0.999132258787495,0.999867741212506,9995,9984,9962
"WMW_Asymp","Cauchy",43803,10000,10,100,5,2,2,0,0.689,0.677075623934545,0.700924376065455,0.868,0.861365580947815,0.874634419052185,0.9209,0.916460230938216,0.925339769061784,9209,8680,6890
"WMW_Asymp","Cauchy",51781980,10000,10,100,5,0.5,2,0,0.9602,0.955164202643226,0.965235797356774,0.9927,0.991031498842194,0.994368501157806,0.9978,0.997029275805557,0.998570724194443,9978,9927,9602
"WMW_Asymp","Cauchy",30369,10000,10,100,5,1,2,0,0.8845,0.876266475741118,0.892733524258882,0.9707,0.967394536268298,0.974005463731702,0.9858,0.983853723757557,0.987746276242443,9858,9707,8845
"WMW_Asymp","Cauchy",30307303,10000,10,100,5,0.5,1,0,0.9899,0.98732425890101,0.99247574109899,0.998,0.997124338330175,0.998875661669825,0.9998,0.999567385133966,1.00003261486603,9998,9980,9899
"WMW_Asymp","Cauchy",7665569,10000,10,100,0.5,0.5,1,0,0.026,0.0219006782094595,0.0300993217905405,0.1343,0.127616902664064,0.140983097335936,0.2438,0.236736806739165,0.250863193260835,2438,1343,260
"WMW_Asymp","Cauchy",146697,10000,10,100,1,0.5,1,0,0.2219,0.211196095702443,0.232603904297557,0.5136,0.503803625886768,0.523396374113232,0.6647,0.656934033400099,0.672465966599901,6647,5136,2219
"WMW_Asymp","Cauchy",28809488,10000,10,100,1.5,0.5,1,0,0.5423,0.529466174879012,0.555133825120988,0.8045,0.796726931830995,0.812273068169005,0.8887,0.883526421125877,0.893873578874123,8887,8045,5423
"WMW_Asymp","Cauchy",19724,10000,10,100,2,0.5,1,0,0.7746,0.763836300594146,0.785363699405854,0.9266,0.921488477824522,0.931711522175478,0.9641,0.961039628365382,0.967160371634618,9641,9266,7746
"WMW_Asymp","Cauchy",42739,10000,10,100,2.5,0.5,1,0,0.8804,0.872041055042819,0.888758944957181,0.9681,0.964655616318933,0.971544383681067,0.9846,0.982574388385919,0.986625611614081,9846,9681,8804
