"method","distribution","seed","N","n1","n2","delta","sd","null","power0.01","l_CI","u_CI","power0.05","l_CI","u_CI","power0.10","l_CI","u_CI","ct_0.10","ct_0.05","ct_0.01"
"WMW_Asymp","Normal",64127,10000,10,10,0,1,1,0.0057,0.0037607133569851,0.0076392866430149,0.0439,0.0398844966683615,0.0479155033316385,0.091,0.0862688301449324,0.0957311698550676,910,439,57
"WMW_Asymp","Normal",162037,10000,10,10,0,3,1,0.0068,0.00468301066328241,0.00891698933671759,0.0427,0.0387372740551989,0.0466627259448011,0.0893,0.0846088502134578,0.0939911497865422,893,427,68
"WMW_Asymp","Normal",54862,10000,10,10,0,5,1,0.0069,0.00476760873419909,0.00903239126580091,0.0429,0.0389284194463161,0.0468715805536839,0.085,0.0804123961115306,0.0895876038884695,850,429,69
"WMW_Asymp","Normal",833478,10000,10,10,0.5,1,0,0.0413,0.0361741930192938,0.0464258069807062,0.1584,0.151243733202961,0.165556266797039,0.2536,0.246443077040962,0.260756922959038,2536,1584,413
"WMW_Asymp","Normal",6173105,10000,10,10,1.5,1,0,0.5965,0.583862160014686,0.609137839985314,0.8568,0.849934576863616,0.863665423136384,0.9251,0.920769867840472,0.929430132159528,9251,8568,5965
"WMW_Asymp","Normal",126957244,10000,10,10,2,1,0,0.8836,0.875338665587164,0.891861334412836,0.9779,0.975018627338507,0.980781372661493,0.9921,0.990643678796427,0.993556321203573,9921,9779,8836
"WMW_Asymp","Normal",3957192,10000,10,10,2.5,1,0,0.9852,0.982089437600289,0.988310562399711,0.9987,0.997993771446627,0.999406228553373,1,1,1,10000,9987,9852
"WMW_Asymp","Normal",205001,10000,10,10,0.5,3,0,0.0096,0.00708818996570521,0.0121118100342948,0.0557,0.0512049071820929,0.0601950928179071,0.1083,0.103188015669647,0.113411984330353,1083,557,96
"WMW_Asymp","Normal",3338127,10000,10,10,1.5,3,0,0.0415,0.0363623328369385,0.0466376671630615,0.1573,0.15016396568719,0.16443603431281,0.2477,0.24059891949153,0.25480108050847,2477,1573,415
"WMW_Asymp","Normal",134461389,10000,10,10,2,3,0,0.0881,0.0807985784929191,0.0954014215070809,0.2599,0.251303841527845,0.268496158472155,0.387,0.378987802943168,0.395012197056832,3870,2599,881
"WMW_Asymp","Normal",133157046,10000,10,10,2.5,3,0,0.138,0.129115376373442,0.146884623626558,0.377,0.367501155682926,0.386498844317074,0.5117,0.503477252148839,0.519922747851161,5117,3770,1380
"WMW_Asymp","Normal",348630718,10000,10,10,0.5,5,0,0.0081,0.00579100861117587,0.0104089913888241,0.0506,0.0463040823911066,0.0548959176088934,0.0941,0.0892971298656975,0.0989028701343025,941,506,81
"WMW_Asymp","Normal",10685187,10000,10,10,1.5,5,0,0.0182,0.0147565556668103,0.0216434443331897,0.084,0.0785631988228371,0.0894368011771629,0.152,0.146094106347046,0.157905893652954,1520,840,182
"WMW_Asymp","Normal",9958998,10000,10,10,2,5,0,0.0283,0.0240282563962784,0.0325717436037216,0.1202,0.113826172817404,0.126573827182596,0.1942,0.187692650291255,0.200707349708745,1942,1202,283
"WMW_Asymp","Normal",45640,10000,10,10,2.5,5,0,0.0438,0.0385282199335465,0.0490717800664535,0.1584,0.151243733202961,0.165556266797039,0.2548,0.247631933310271,0.261968066689729,2548,1584,438
"WMW_Asymp","Normal",860638,10000,10,10,1,1,0,0.2326,0.221716674675182,0.243483325324818,0.5166,0.506805402465114,0.526394597534886,0.6549,0.647079655640001,0.662720344359999,6549,5166,2326
"WMW_Asymp","Normal",349270483,10000,10,10,1,3,0,0.02,0.0163936,0.0236064,0.0948,0.089058405559986,0.100541594440014,0.1678,0.16165282274504,0.17394717725496,1678,948,200
"WMW_Asymp","Normal",198405,10000,10,10,1,5,0,0.0114,0.00866530694682127,0.0141346930531787,0.0612,0.0565019425536079,0.0658980574463921,0.1151,0.109850104465423,0.120349895534577,1151,612,114
"WMW_Asymp","Normal",94258032,10000,10,10,5,1,0,1,1,1,1,1,1,1,1,1,10000,10000,10000
"WMW_Asymp","Normal",52186,10000,10,10,5,3,0,0.7176,0.706003700594646,0.729196299405354,0.9164,0.910974974919284,0.921825025080716,0.9605,0.957295847818943,0.963704152181057,9605,9164,7176
"WMW_Asymp","Normal",1589770,10000,10,10,5,5,0,0.2309,0.220044515018861,0.241755484981139,0.5133,0.503503467657502,0.523096532342498,0.649,0.641148695719977,0.656851304280023,6490,5133,2309
"WMW_Asymp","Normal",29952,10000,20,20,0,1,1,0.0073,0.00510711276402639,0.00949288723597361,0.0459,0.0417983427897495,0.0500016572102505,0.0915,0.086757155181816,0.096242844818184,915,459,73
"WMW_Asymp","Normal",2876844,10000,20,20,0,3,1,0.0092,0.00674057959837363,0.0116594204016264,0.0502,0.0459201946967648,0.0544798053032352,0.0949,0.090078887220882,0.099721112779118,949,502,92
"WMW_Asymp","Normal",188116631,10000,20,20,0,5,1,0.0087,0.00630774187608109,0.0110922581239189,0.0495,0.0452485729501731,0.0537514270498269,0.0977,0.0928158537170991,0.102584146282901,977,495,87
"WMW_Asymp","Normal",2958864,10000,20,20,0.5,1,0,0.1242,0.115704105182482,0.132695894817518,0.3177,0.30857459045776,0.32682540954224,0.4336,0.425447850013549,0.441752149986451,4336,3177,1242
"WMW_Asymp","Normal",10675698,10000,20,20,1.5,1,0,0.9666,0.961971476346334,0.971228523653666,0.9938,0.992261486142539,0.995338513857461,0.9975,0.996678528768383,0.998321471231617,9975,9938,9666
"WMW_Asymp","Normal",10469991,10000,20,20,2,1,0,0.9991,0.998327547838281,0.999872452161719,0.9999,0.999704009800245,1.00009599019976,1,1,1,10000,9999,9991
"WMW_Asymp","Normal",117354350,10000,20,20,2.5,1,0,1,1,1,1,1,1,1,1,1,10000,10000,10000
"WMW_Asymp","Normal",1183142,10000,20,20,0.5,3,0,0.0171,0.013760368248746,0.020439631751254,0.0793,0.0740039541465731,0.0845960458534269,0.143,0.137241301624716,0.148758698375284,1430,793,171
"WMW_Asymp","Normal",1140883,10000,20,20,1.5,3,0,0.1233,0.114830595013772,0.131769404986228,0.3191,0.309963893773034,0.328236106226966,0.4397,0.431535032764562,0.447864967235438,4397,3191,1233
"WMW_Asymp","Normal",13247033,10000,20,20,2,3,0,0.2534,0.242195482564477,0.264604517435523,0.5078,0.498001192536558,0.517598807463442,0.6284,0.620450828933304,0.636349171066696,6284,5078,2534
"WMW_Asymp","Normal",35707398,10000,20,20,2.5,3,0,0.4379,0.425119727205275,0.450680272794725,0.7022,0.693237094228678,0.711162905771322,0.8037,0.797166091682479,0.810233908317521,8037,7022,4379
"WMW_Asymp","Normal",30001376,10000,20,20,0.5,5,0,0.0118,0.00901830642683706,0.0145816935731629,0.0617,0.056984046529322,0.066415953470678,0.1169,0.11161459708064,0.12218540291936,1169,617,118
"WMW_Asymp","Normal",8610985,10000,20,20,1.5,5,0,0.0398,0.0347642026432256,0.0448357973567744,0.144,0.137118641250451,0.150881358749549,0.2262,0.219317811473092,0.233082188526908,2262,1440,398
"WMW_Asymp","Normal",720300,10000,20,20,2,5,0,0.0725,0.065820071389603,0.079179928610397,0.2155,0.207441092284931,0.223558907715069,0.3191,0.311432196559511,0.326767803440489,3191,2155,725
"WMW_Asymp","Normal",496536,10000,20,20,2.5,5,0,0.127,0.118422616244472,0.135577383755528,0.3215,0.312345777037891,0.330654222962109,0.4407,0.432533051119618,0.448866948880382,4407,3215,1270
"WMW_Asymp","Normal",3649781,10000,20,20,1,1,0,0.6314,0.618972727744935,0.643827272255065,0.8527,0.845753667365178,0.859646332634822,0.9144,0.909797742720621,0.919002257279379,9144,8527,6314
"WMW_Asymp","Normal",320447924,10000,20,20,1,3,0,0.0525,0.0467546681349116,0.0582453318650884,0.166,0.158707219526134,0.173292780473866,0.2529,0.245749610737311,0.260050389262689,2529,1660,525
"WMW_Asymp","Normal",11521770,10000,20,20,1,5,0,0.0225,0.0186797173088893,0.0263202826911107,0.0905,0.0848768235346914,0.0961231764653085,0.156,0.150031029606373,0.161968970393627,1560,905,225
"WMW_Asymp","Normal",24505,10000,20,20,5,1,0,1,1,1,1,1,1,1,1,1,10000,10000,10000
"WMW_Asymp","Normal",172382781,10000,20,20,5,3,0,0.9888,0.98608912745673,0.99151087254327,0.9988,0.99812144358407,0.99947855641593,0.9999,0.999735508225206,1.00006449177479,9999,9988,9888
"WMW_Asymp","Normal",2470933,10000,20,20,5,5,0,0.6285,0.61605262112835,0.64094737887165,0.8456,0.838517897525282,0.852682102474718,0.912,0.907339798905627,0.916660201094374,9120,8456,6285
"WMW_Asymp","Normal",131516,10000,100,100,0,1,1,0.0094,0.00691424141894994,0.0118857585810501,0.052,0.0476482703025119,0.0563517296974881,0.105,0.0999571962225861,0.110042803777414,1050,520,94
"WMW_Asymp","Normal",2829724,10000,100,100,0,3,1,0.0093,0.00682737409756834,0.0117726259024317,0.0473,0.0431393160810271,0.0514606839189729,0.0969,0.0920337354870522,0.101766264512948,969,473,93
"WMW_Asymp","Normal",5145961,10000,100,100,0,5,1,0.0119,0.00910668580069051,0.0146933141993095,0.0495,0.0452485729501731,0.0537514270498269,0.1002,0.0952606163769252,0.105139383623075,1002,495,119
"WMW_Asymp","Normal",21289355,10000,100,100,0.5,1,0,0.8009,0.790613428822093,0.811186571177907,0.9321,0.927169145216659,0.937030854783341,0.9633,0.960207001463179,0.966392998536821,9633,9321,8009
"WMW_Asymp","Normal",1171246,10000,100,100,1.5,1,0,1,1,1,1,1,1,1,1,1,10000,10000,10000
"WMW_Asymp","Normal",8750136,10000,100,100,2,1,0,1,1,1,1,1,1,1,1,1,10000,10000,10000
"WMW_Asymp","Normal",170346621,10000,100,100,2.5,1,0,1,1,1,1,1,1,1,1,1,10000,10000,10000
"WMW_Asymp","Normal",13796255,10000,100,100,0.5,3,0,0.0759,0.0690777719646626,0.0827222280353374,0.2104,0.202411182336891,0.218388817663109,0.3143,0.30666330989271,0.32193669010729,3143,2104,759
"WMW_Asymp","Normal",5253439,10000,100,100,1.5,3,0,0.8006,0.790307610132916,0.810892389867084,0.9279,0.922830393031565,0.932969606968434,0.9638,0.96072734607222,0.96687265392778,9638,9279,8006
"WMW_Asymp","Normal",290164,10000,100,100,2,3,0,0.9785,0.974763667619925,0.982236332380075,0.9959,0.994647563067296,0.997152436932704,0.9982,0.997502714012833,0.998897285987167,9982,9959,9785
"WMW_Asymp","Normal",507187,10000,100,100,2.5,3,0,0.9993,0.998618693044967,0.999981306955033,1,1,1,1,1,1,10000,10000,9993
"WMW_Asymp","Normal",1818143,10000,100,100,0.5,5,0,0.0307,0.0262563059209959,0.0351436940790041,0.1079,0.101819020163296,0.113980979836704,0.1783,0.17200351435809,0.18459648564191,1783,1079,307
"WMW_Asymp","Normal",204972483,10000,100,100,1.5,5,0,0.3005,0.288689672077982,0.312310327922018,0.5348,0.525023765199546,0.544576234800454,0.6602,0.652408602717362,0.667991397282638,6602,5348,3005
"WMW_Asymp","Normal",210435862,10000,100,100,2,5,0,0.564,0.551225948718187,0.576774051281813,0.7887,0.780698678146106,0.796701321853894,0.8677,0.862126466406509,0.873273533593491,8677,7887,5640
"WMW_Asymp","Normal",3971600,10000,100,100,2.5,5,0,0.7927,0.782257609285336,0.803142390714664,0.9246,0.91942490068362,0.92977509931638,0.9618,0.958646883841673,0.964953116158327,9618,9246,7927
"WMW_Asymp","Normal",108869,10000,100,100,1,1,0,1,1,1,1,1,1,1,1,1,10000,10000,10000
"WMW_Asymp","Normal",20281769,10000,100,100,1,3,0,0.3807,0.368192001021595,0.393207998978405,0.6169,0.607371609828392,0.626428390171608,0.7313,0.724007985522726,0.738592014477274,7313,6169,3807
"WMW_Asymp","Normal",78685188,10000,100,100,1,5,0,0.1156,0.107363377864484,0.123836622135515,0.2807,0.271892912567619,0.289507087432381,0.3938,0.385762671405255,0.401837328594745,3938,2807,1156
"WMW_Asymp","Normal",142770,10000,100,100,5,1,0,1,1,1,1,1,1,1,1,1,10000,10000,10000
"WMW_Asymp","Normal",13049616,10000,100,100,5,3,0,1,1,1,1,1,1,1,1,1,10000,10000,10000
"WMW_Asymp","Normal",17103955,10000,100,100,5,5,0,1,1,1,1,1,1,1,1,1,10000,10000,10000
"WMW_Asymp","Normal",3311989,10000,10,100,0,1,1,0.0081,0.00579100861117587,0.0104089913888241,0.0501,0.0458242345061498,0.0543757654938502,0.1023,0.0973149521453877,0.107285047854612,1023,501,81
"WMW_Asymp","Normal",22856,10000,10,100,0,3,1,0.01,0.00743691236201335,0.0125630876379867,0.0515,0.0471681006890741,0.0558318993109259,0.1018,0.09682576479769,0.10677423520231,1018,515,100
"WMW_Asymp","Normal",12149008,10000,10,100,0,5,1,0.0083,0.00596291202152422,0.0106370879784758,0.0455,0.0414153980903887,0.0495846019096113,0.0985,0.0935980725072299,0.10340192749277,985,455,83
"WMW_Asymp","Normal",442687,10000,10,100,0.5,1,0,0.1141,0.105910054123174,0.122289945876826,0.2914,0.282493615934264,0.300306384065736,0.4242,0.416070065163121,0.432329934836879,4242,2914,1141
"WMW_Asymp","Normal",615588,10000,10,100,1.5,1,0,0.9493,0.943648658147398,0.954951341852602,0.99,0.988049824623271,0.991950175376729,0.9953,0.994174898164265,0.996425101835735,9953,9900,9493
"WMW_Asymp","Normal",12747983,10000,10,100,2,1,0,0.9985,0.997503068031208,0.999496931968792,1,1,1,1,1,1,10000,10000,9985
"WMW_Asymp","Normal",17996378,10000,10,100,2.5,1,0,1,1,1,1,1,1,1,1,1,10000,10000,10000
"WMW_Asymp","Normal",51332069,10000,10,100,0.5,3,0,0.017,0.0136699781872186,0.0203300218127814,0.0754,0.0702249006836197,0.0805750993163803,0.1411,0.135373349080748,0.146826650919252,1411,754,170
"WMW_Asymp","Normal",51336,10000,10,100,1.5,3,0,0.1092,0.101165714099689,0.117234285900311,0.2909,0.281998121248276,0.299801878751724,0.4197,0.411581764001596,0.427818235998404,4197,2909,1092
"WMW_Asymp","Normal",78836300,10000,10,100,2,3,0,0.2318,0.220929745154976,0.242670254845024,0.4809,0.471107152886397,0.490692847113603,0.616,0.60799941266156,0.62400058733844,6160,4809,2318
"WMW_Asymp","Normal",310546,10000,10,100,2.5,3,0,0.3894,0.376839057363842,0.401960942636159,0.6569,0.647595006773651,0.666204993226349,0.7758,0.768939455367691,0.782660544632309,7758,6569,3894
"WMW_Asymp","Normal",277196,10000,10,100,0.5,5,0,0.0105,0.00787428002833509,0.0131257199716649,0.0549,0.0504354146980487,0.0593645853019513,0.1095,0.104363232327195,0.114636767672805,1095,549,105
"WMW_Asymp","Normal",179503384,10000,10,100,1.5,5,0,0.0359,0.0311075882487683,0.0406924117512317,0.136,0.129281344134427,0.142718655865573,0.2272,0.220307073898089,0.234092926101911,2272,1360,359
"WMW_Asymp","Normal",94800328,10000,10,100,2,5,0,0.0652,0.0588404116014245,0.0715595883985755,0.2063,0.198368891786793,0.214231108213207,0.3176,0.309941818442372,0.325258181557628,3176,2063,652
"WMW_Asymp","Normal",21370,10000,10,100,2.5,5,0,0.1179,0.109592665991235,0.126207334008765,0.3046,0.29557933896134,0.31362066103866,0.4351,0.426944581889077,0.443255418110923,4351,3046,1179
"WMW_Asymp","Normal",20285687,10000,10,100,1,1,0,0.5795,0.566783851853899,0.592216148146101,0.8143,0.80667825805202,0.82192174194798,0.8902,0.885057066990918,0.895342933009082,8902,8143,5795
"WMW_Asymp","Normal",25761,10000,10,100,1,3,0,0.0439,0.0386224813355608,0.0491775186644392,0.159,0.151832748710977,0.166167251289023,0.2629,0.255658568931974,0.270141431068026,2629,1590,439
"WMW_Asymp","Normal",1000029,10000,10,100,1,5,0,0.0213,0.0175807064704899,0.0250192935295101,0.0884,0.082836035349645,0.093963964650355,0.1575,0.151507733276599,0.163492266723401,1575,884,213
"WMW_Asymp","Normal",21962278,10000,10,100,5,1,0,1,1,1,1,1,1,1,1,1,10000,10000,10000
"WMW_Asymp","Normal",126400,10000,10,100,5,3,0,0.98,0.9763936,0.9836064,0.9968,0.995693031978059,0.997906968021941,0.9991,0.998606722124989,0.999593277875011,9991,9968,9800
"WMW_Asymp","Normal",253233056,10000,10,100,5,5,0,0.5803,0.567587187883351,0.593012812116649,0.8093,0.801600080441875,0.816999919558125,0.8927,0.887608819076798,0.897791180923202,8927,8093,5803
