"method","distribution","seed","N","n1","n2","delta","sd","null","power0.01","l_CI","u_CI","power0.05","l_CI","u_CI","power0.10","l_CI","u_CI","ct_0.10","ct_0.05","ct_0.01"
"BWS","Normal",1028677,10000,10,10,0,1,1,0.0125,0.00963800139762438,0.0153619986023756,0.0536,0.0491855578284001,0.0580144421715999,0.1008,0.0958475019016258,0.105752498098374,1008,536,125
"BWS","Normal",188826360,10000,10,10,0,3,1,0.0129,0.00999315891531993,0.0158068410846801,0.0551,0.0506277631549302,0.0595722368450698,0.1029,0.0979020257070514,0.107897974292949,1029,551,129
"BWS","Normal",8959827,10000,10,10,0,5,1,0.0148,0.011689437600289,0.017910562399711,0.0563,0.0517821974490246,0.0608178025509754,0.1003,0.0953584268450447,0.105241573154955,1003,563,148
"BWS","Normal",11897644,10000,10,10,0.5,1,0,0.0621,0.0558831566154853,0.0683168433845147,0.1825,0.174929381068895,0.190070618931105,0.2682,0.260912283133388,0.275487716866612,2682,1825,621
"BWS","Normal",316578956,10000,10,10,1.5,1,0,0.6741,0.662026026940309,0.686173973059691,0.8668,0.860140101120768,0.873459898879232,0.9242,0.919846049500523,0.928553950499478,9242,8668,6741
"BWS","Normal",41030897,10000,10,10,2,1,0,0.9204,0.91342746508693,0.92737253491307,0.9814,0.978751892750208,0.984048107249792,0.9909,0.98933792632793,0.99246207367207,9909,9814,9204
"BWS","Normal",1904884,10000,10,10,2.5,1,0,0.9921,0.98981946296632,0.99438053703368,0.9989,0.998250299171618,0.999549700828382,0.9997,0.999415120383714,0.999984879616286,9997,9989,9921
"BWS","Normal",31715061,10000,10,10,0.5,3,0,0.0203,0.0166672088434902,0.0239327911565098,0.074,0.0688692905129992,0.0791307094870008,0.1292,0.12368232178499,0.13471767821501,1292,740,203
"BWS","Normal",118084895,10000,10,10,1.5,3,0,0.0677,0.0612283050951319,0.0741716949048681,0.1892,0.181523318765404,0.196876681234596,0.2728,0.26547318846657,0.28012681153343,2728,1892,677
"BWS","Normal",722185,10000,10,10,2,3,0,0.1184,0.11007742915682,0.12672257084318,0.2816,0.272784325256091,0.290415674743909,0.3981,0.3900476218311,0.4061523781689,3981,2816,1184
"BWS","Normal",19290,10000,10,10,2.5,3,0,0.1966,0.186362273360802,0.206837726639198,0.4012,0.391593229199695,0.410806770800305,0.5226,0.514383406297796,0.530816593702204,5226,4012,1966
"BWS","Normal",344830155,10000,10,10,0.5,5,0,0.0149,0.0117791050358873,0.0180208949641127,0.0572,0.0526484022645229,0.0617515977354771,0.1099,0.104755014572521,0.115044985427479,1099,572,149
"BWS","Normal",142755,10000,10,10,1.5,5,0,0.0294,0.0250484931913573,0.0337515068086427,0.0978,0.0919779368720702,0.10362206312793,0.161,0.154954115854774,0.167045884145226,1610,978,294
"BWS","Normal",20348,10000,10,10,2,5,0,0.0463,0.0408869474217724,0.0517130525782276,0.1417,0.134864653218922,0.148535346781078,0.2162,0.209428320785809,0.222971679214191,2162,1417,463
"BWS","Normal",10445992,10000,10,10,2.5,5,0,0.0682,0.0617061926696447,0.0746938073303553,0.1875,0.179849877451962,0.195150122548038,0.276,0.268646573998468,0.283353426001532,2760,1875,682
"BWS","Normal",56966,10000,10,10,1,1,0,0.3026,0.290766279920523,0.314433720079477,0.5491,0.539347366343884,0.558852633656116,0.6693,0.66156084736229,0.67703915263771,6693,5491,3026
"BWS","Normal",3753365,10000,10,10,1,3,0,0.0371,0.0322311834994956,0.0419688165005044,0.1113,0.105135735809555,0.117464264190445,0.1804,0.174074641516594,0.186725358483406,1804,1113,371
"BWS","Normal",91126427,10000,10,10,1,5,0,0.0205,0.0168497298300537,0.0241502701699463,0.0734,0.0682884778245223,0.0785115221754777,0.1277,0.122209722611035,0.133190277388965,1277,734,205
"BWS","Normal",118272116,10000,10,10,5,1,0,1,1,1,1,1,1,1,1,1,10000,10000,10000
"BWS","Normal",207248383,10000,10,10,5,3,0,0.7771,0.766378899986718,0.787821100013282,0.9246,0.91942490068362,0.92977509931638,0.9622,0.959062783586697,0.965337216413303,9622,9246,7771
"BWS","Normal",350133826,10000,10,10,5,5,0,0.3055,0.29363445772425,0.31736554227575,0.5471,0.537343577724678,0.556856422275322,0.6659,0.658140948266252,0.673659051733748,6659,5471,3055
"BWS","Normal",300108039,10000,20,20,0,1,1,0.012,0.00919511568409676,0.0148048843159032,0.0546,0.0501469231340117,0.0590530768659883,0.1007,0.0957496838681984,0.105650316131802,1007,546,120
"BWS","Normal",204235657,10000,20,20,0,3,1,0.0135,0.0105272301497761,0.0164727698502239,0.053,0.0486089437990388,0.0573910562009612,0.1055,0.100446615958155,0.110553384041845,1055,530,135
"BWS","Normal",1443712,10000,20,20,0,5,1,0.0131,0.0101710087046794,0.0160289912953206,0.0565,0.0519746596547884,0.0610253403452116,0.1112,0.106028454870892,0.116371545129108,1112,565,131
"BWS","Normal",118026241,10000,20,20,0.5,1,0,0.1549,0.14557979170459,0.16422020829541,0.3316,0.322372553138034,0.340827446861966,0.445,0.43682491269542,0.45317508730458,4450,3316,1549
"BWS","Normal",1614942,10000,20,20,1.5,1,0,0.9748,0.970762580378398,0.978837419621602,0.9946,0.993163594105275,0.996036405894725,0.9982,0.997502714012833,0.998897285987167,9982,9946,9748
"BWS","Normal",8186446,10000,20,20,2,1,0,0.9989,0.998046107482698,0.999753892517302,1,1,1,1,1,1,10000,10000,9989
"BWS","Normal",29363,10000,20,20,2.5,1,0,1,1,1,1,1,1,1,1,1,10000,10000,10000
"BWS","Normal",458197,10000,20,20,0.5,3,0,0.0233,0.0194139855331283,0.0271860144668717,0.0853,0.0798251789741034,0.0907748210258967,0.1441,0.138322906375004,0.149877093624996,1441,853,233
"BWS","Normal",50300,10000,20,20,1.5,3,0,0.1452,0.136124690945423,0.154275309054577,0.3228,0.313636079579918,0.331963920420082,0.4424,0.434229759437471,0.450570240562529,4424,3228,1452
"BWS","Normal",34113569,10000,20,20,2,3,0,0.3017,0.289876269157802,0.313523730842198,0.5203,0.510508080295182,0.530091919704818,0.6365,0.628587434577245,0.644412565422755,6365,5203,3017
"BWS","Normal",98140762,10000,20,20,2.5,3,0,0.4716,0.458740793770573,0.484459206229427,0.7046,0.695658041781891,0.713541958218109,0.8003,0.79372370414323,0.80687629585677,8003,7046,4716
"BWS","Normal",60084,10000,20,20,0.5,5,0,0.0165,0.0132184803218021,0.0197815196781979,0.0677,0.0627758843115134,0.0726241156884866,0.1233,0.117891548446295,0.128708451553705,1233,677,165
"BWS","Normal",282937612,10000,20,20,1.5,5,0,0.0558,0.0498871759436344,0.0617128240563656,0.1601,0.152912704052399,0.167287295947601,0.2385,0.231489563694436,0.245510436305564,2385,1601,558
"BWS","Normal",14931710,10000,20,20,2,5,0,0.0948,0.0872539044502673,0.102346095549733,0.2336,0.225306836289666,0.241893163710334,0.3318,0.32405435963087,0.33954564036913,3318,2336,948
"BWS","Normal",104799480,10000,20,20,2.5,5,0,0.1533,0.144019279020683,0.162580720979317,0.326,0.31681255357349,0.33518744642651,0.4436,0.435427494308867,0.451772505691133,4436,3260,1533
"BWS","Normal",143050,10000,20,20,1,1,0,0.667,0.654859658805717,0.679140341194283,0.852,0.845040040275979,0.858959959724021,0.9116,0.906930243954166,0.916269756045834,9116,8520,6670
"BWS","Normal",158801568,10000,20,20,1,3,0,0.0664,0.0599862752206924,0.0728137247793076,0.1786,0.171092866346841,0.18610713365316,0.2687,0.261407985522726,0.275992014477274,2687,1786,664
"BWS","Normal",627016,10000,20,20,1,5,0,0.0303,0.025884439183839,0.034715560816161,0.0961,0.0903233246822761,0.101876675317724,0.1656,0.159485186492983,0.171714813507017,1656,961,303
"BWS","Normal",192543,10000,20,20,5,1,0,1,1,1,1,1,1,1,1,1,10000,10000,10000
"BWS","Normal",241710203,10000,20,20,5,3,0,0.9926,0.990392255284091,0.994807744715909,0.9992,0.998645850076604,0.999754149923396,0.9997,0.999415120383714,0.999984879616286,9997,9992,9926
"BWS","Normal",126074118,10000,20,20,5,5,0,0.6727,0.660612692374127,0.684787307625873,0.8535,0.846569307246747,0.860430692753253,0.9094,0.90467820121531,0.91412179878469,9094,8535,6727
"BWS","Normal",148200371,10000,100,100,0,1,1,0.0121,0.00928359545455842,0.0149164045454416,0.0562,0.0516859723428406,0.0607140276571594,0.1058,0.100740284836881,0.110859715163119,1058,562,121
"BWS","Normal",4625706,10000,100,100,0,3,1,0.011,0.00831316902087236,0.0136868309791276,0.0495,0.0452485729501731,0.0537514270498269,0.1026,0.0976084823022351,0.107591517697765,1026,495,110
"BWS","Normal",171829,10000,100,100,0,5,1,0.0116,0.00884170176410454,0.0143582982358955,0.0539,0.0494739228964692,0.0583260771035308,0.1059,0.100838177292025,0.110961822707975,1059,539,116
"BWS","Normal",8117893,10000,100,100,0.5,1,0,0.8164,0.806426819134062,0.826373180865938,0.9298,0.924792517982698,0.934807482017302,0.9626,0.959478778196427,0.965721221803573,9626,9298,8164
"BWS","Normal",2043632,10000,100,100,1.5,1,0,1,1,1,1,1,1,1,1,1,10000,10000,10000
"BWS","Normal",127363083,10000,100,100,2,1,0,1,1,1,1,1,1,1,1,1,10000,10000,10000
"BWS","Normal",44096793,10000,100,100,2.5,1,0,1,1,1,1,1,1,1,1,1,10000,10000,10000
"BWS","Normal",32881,10000,100,100,0.5,3,0,0.0805,0.0734915873368073,0.0875084126631927,0.2078,0.199847635791439,0.215752364208561,0.3047,0.297128389861412,0.312271610138588,3047,2078,805
"BWS","Normal",683826,10000,100,100,1.5,3,0,0.8057,0.795507776446144,0.815892223553856,0.9296,0.924585929241185,0.934614070758815,0.9592,0.955945752582485,0.962454247417515,9592,9296,8057
"BWS","Normal",336158,10000,100,100,2,3,0,0.9781,0.974329842047438,0.981870157952562,0.9961,0.994878369562265,0.997321630437735,0.9981,0.997383642634591,0.998816357365409,9981,9961,9781
"BWS","Normal",154951113,10000,100,100,2.5,3,0,0.999,0.99818580467798,0.99981419532202,0.9999,0.999704009800245,1.00009599019976,0.9999,0.999735508225206,1.00006449177479,9999,9999,9990
"BWS","Normal",82599,10000,100,100,0.5,5,0,0.0278,0.0235650716691287,0.0320349283308713,0.1042,0.0982118115412422,0.110188188458758,0.174,0.167763649006831,0.180236350993169,1740,1042,278
"BWS","Normal",18558,10000,100,100,1.5,5,0,0.3162,0.304221806081773,0.328178193918227,0.5454,0.535640482349296,0.555159517650704,0.6619,0.65411811733544,0.66968188266456,6619,5454,3162
"BWS","Normal",667087,10000,100,100,2,5,0,0.5682,0.555440378480387,0.580959621519613,0.7759,0.767727030550014,0.784072969449986,0.8542,0.848394702938531,0.860005297061469,8542,7759,5682
"BWS","Normal",79786326,10000,100,100,2.5,5,0,0.8071,0.796935742797568,0.817264257202432,0.9267,0.921591685348611,0.931808314651389,0.9598,0.956568759365832,0.963031240634168,9598,9267,8071
"BWS","Normal",44539,10000,100,100,1,1,0,1,1,1,1,1,1,1,1,1,10000,10000,10000
"BWS","Normal",38736627,10000,100,100,1,3,0,0.3912,0.378628630147249,0.403771369852751,0.6253,0.615812710954883,0.634787289045117,0.7352,0.727941821545429,0.742458178454571,7352,6253,3912
"BWS","Normal",2316051,10000,100,100,1,5,0,0.1219,0.113472093670474,0.130327906329526,0.2816,0.272784325256091,0.290415674743909,0.3927,0.384666625868119,0.400733374131881,3927,2816,1219
"BWS","Normal",20150,10000,100,100,5,1,0,1,1,1,1,1,1,1,1,1,10000,10000,10000
"BWS","Normal",8616418,10000,100,100,5,3,0,1,1,1,1,1,1,1,1,1,10000,10000,10000
"BWS","Normal",98667373,10000,100,100,5,5,0,1,1,1,1,1,1,1,1,1,10000,10000,10000
"BWS","Normal",186283,10000,10,100,0,1,1,0.013,0.0100820616549351,0.0159179383450649,0.0544,0.0499546162975059,0.0588453837024941,0.1036,0.0985870115508212,0.108612988449179,1036,544,130
"BWS","Normal",5743691,10000,10,100,0,3,1,0.0121,0.00928359545455842,0.0149164045454416,0.0574,0.0528409355128053,0.0619590644871947,0.1072,0.102110907019281,0.112289092980719,1072,574,121
"BWS","Normal",100773188,10000,10,100,0,5,1,0.0137,0.0107055941757577,0.0166944058242423,0.0601,0.055441628370514,0.064758371629486,0.1135,0.108282010473911,0.118717989526089,1135,601,137
"BWS","Normal",388373,10000,10,100,0.5,1,0,0.1778,0.167950810958073,0.187649189041927,0.3753,0.365809674535318,0.384790325464682,0.4953,0.487075363388527,0.503524636611473,4953,3753,1778
"BWS","Normal",67849,10000,10,100,1.5,1,0,0.9736,0.969470113609807,0.977729886390193,0.9955,0.994188153682781,0.996811846317219,0.9982,0.997502714012833,0.998897285987167,9982,9955,9736
"BWS","Normal",35340219,10000,10,100,2,1,0,0.9997,0.999253890643434,1.00014610935657,1,1,1,1,1,1,10000,10000,9997
"BWS","Normal",40268541,10000,10,100,2.5,1,0,1,1,1,1,1,1,1,1,1,10000,10000,10000
"BWS","Normal",10264000,10000,10,100,0.5,3,0,0.0339,0.0292381666024724,0.0385618333975276,0.1107,0.10455029861525,0.11684970138475,0.1843,0.177921863623301,0.190678136376699,1843,1107,339
"BWS","Normal",311848402,10000,10,100,1.5,3,0,0.1866,0.176564159222958,0.196635840777042,0.3809,0.371382081982366,0.390417918017634,0.4987,0.490475027800547,0.506924972199453,4987,3809,1866
"BWS","Normal",448062,10000,10,100,2,3,0,0.3351,0.32294062537525,0.34725937462475,0.5711,0.56139958812594,0.58080041187406,0.6827,0.675043753812881,0.690356246187119,6827,5711,3351
"BWS","Normal",10970806,10000,10,100,2.5,3,0,0.5157,0.502826351148281,0.528573648851719,0.7439,0.735345036913791,0.752454963086209,0.8261,0.819865063936096,0.832334936063904,8261,7439,5157
"BWS","Normal",95792439,10000,10,100,0.5,5,0,0.0229,0.0190466974799811,0.0267533025200189,0.0813,0.0759434125145201,0.0866565874854799,0.1442,0.138421239792836,0.149978760207164,1442,813,229
"BWS","Normal",328149,10000,10,100,1.5,5,0,0.0707,0.0640971180290591,0.0773028819709409,0.1975,0.189696990388318,0.205303009611682,0.2951,0.287597357336646,0.302602642663354,2951,1975,707
"BWS","Normal",21045,10000,10,100,2,5,0,0.1202,0.111822969988588,0.128577030011412,0.2769,0.268129653941696,0.285670346058303,0.3873,0.379286659612073,0.395313340387927,3873,2769,1202
"BWS","Normal",119556171,10000,10,100,2.5,5,0,0.1881,0.178033197989825,0.198166802010175,0.3863,0.376756745910875,0.395843254089125,0.5052,0.496975444820028,0.513424555179972,5052,3863,1881
"BWS","Normal",106331,10000,10,100,1,1,0,0.7031,0.691330459533386,0.714869540466614,0.8711,0.864532251152305,0.877667748847695,0.924,0.919640781037846,0.928359218962154,9240,8711,7031
"BWS","Normal",34807,10000,10,100,1,3,0,0.0806,0.0735876169826183,0.0876123830173818,0.2133,0.205271099531218,0.221328900468782,0.3142,0.306563968117412,0.321836031882588,3142,2133,806
"BWS","Normal",226038,10000,10,100,1,5,0,0.0378,0.0328872525953377,0.0427127474046623,0.1209,0.114510183862551,0.127289816137449,0.2041,0.197469952238334,0.210730047761666,2041,1209,378
"BWS","Normal",402978,10000,10,100,5,1,0,1,1,1,1,1,1,1,1,1,10000,10000,10000
"BWS","Normal",117098416,10000,10,100,5,3,0,0.9914,0.989021410258009,0.993778589741991,0.9984,0.997616627451081,0.999183372548919,0.9994,0.998997179837769,0.999802820162231,9994,9984,9914
"BWS","Normal",151164901,10000,10,100,5,5,0,0.6988,0.686981842034553,0.710618157965447,0.866,0.859323214617797,0.872676785382203,0.9227,0.918306750082482,0.927093249917518,9227,8660,6988
