"method","distribution","seed","N","n1","n2","delta","scale","lambda3","lambda4","null","power0.01","l_CI","u_CI","power0.05","l_CI","u_CI","power0.10","l_CI","u_CI","ct_0.10","ct_0.05","ct_0.01"
"Gastwirth","GLDLS",18704540,10000,10,10,0,2,-0.002,-0.002,1,0.1143,0.106103804738748,0.122496195261252,0.2075,0.199551873742825,0.215448126257175,0.3509,0.343049209451464,0.358750790548536,3509,2075,1143
"Gastwirth","GLDLS",53035753,10000,10,10,0,2,-0.02,-0.02,1,0.1216,0.113181032951547,0.130018967048453,0.2098,0.201819551010526,0.217780448989474,0.3511,0.34324818236674,0.35895181763326,3511,2098,1216
"Gastwirth","GLDLS",8980817,10000,10,10,0,2,-0.05,-0.05,1,0.1168,0.108526356376893,0.125073643623107,0.2058,0.197876014029694,0.213723985970306,0.3529,0.345039006604889,0.360760993395111,3529,2058,1168
"Gastwirth","GLDLS",20892290,10000,10,10,0,2,-0.1,-0.1,1,0.1213,0.112889988835759,0.129710011164241,0.2103,0.202312575304543,0.218287424695457,0.3507,0.342850238049484,0.358549761950516,3507,2103,1213
"Gastwirth","GLDLS",289456,10000,10,10,0,2,-0.2,-0.2,1,0.1229,0.114442415303245,0.131357584696755,0.2142,0.206158782357279,0.222241217642721,0.3558,0.34792448007863,0.36367551992137,3558,2142,1229
"Gastwirth","GLDLS",4693738,10000,10,10,0.5,2,-0.002,-0.002,0,0.2823,0.270704946124933,0.293895053875067,0.4124,0.402751577934273,0.422048422065727,0.5545,0.546324006609324,0.562675993390676,5545,4124,2823
"Gastwirth","GLDLS",3765039,10000,10,10,0.5,2,-0.002,-0.02,0,0.2818,0.270211184373381,0.293388815626619,0.4162,0.406538620209846,0.425861379790154,0.5554,0.547225643595298,0.563574356404702,5554,4162,2818
"Gastwirth","GLDLS",4500983,10000,10,10,0.5,2,-0.002,-0.05,0,0.2837,0.272087572858551,0.295312427141449,0.4027,0.393087349695656,0.412312650304344,0.5439,0.535706763938713,0.552093236061287,5439,4027,2837
"Gastwirth","GLDLS",59235,10000,10,10,0.5,2,-0.002,-0.1,0,0.2635,0.252151915942222,0.274848084057778,0.3891,0.379544096633473,0.398655903366527,0.5349,0.526695060728502,0.543104939271498,5349,3891,2635
"Gastwirth","GLDLS",2045417,10000,10,10,0.5,2,-0.002,-0.2,0,0.2426,0.231557843264533,0.253642156735467,0.366,0.356558494662396,0.375441505337604,0.5114,0.503177138119906,0.519622861880094,5114,3660,2426
"Gastwirth","GLDLS",917998,10000,10,10,1,2,-0.002,-0.002,0,0.619,0.606490104812334,0.631509895187666,0.7514,0.742928852790419,0.759871147209581,0.8449,0.83894510022721,0.85085489977279,8449,7514,6190
"Gastwirth","GLDLS",74408,10000,10,10,1,2,-0.002,-0.02,0,0.6091,0.596530355537767,0.621669644462233,0.7473,0.738782616864694,0.755817383135306,0.8373,0.831228440933518,0.843371559066482,8373,7473,6091
"Gastwirth","GLDLS",31453321,10000,10,10,1,2,-0.002,-0.05,0,0.6001,0.587480754942857,0.612719245057143,0.7405,0.731908138178485,0.749091861821515,0.8344,0.828285186492983,0.840514813507017,8344,7405,6001
"Gastwirth","GLDLS",15556012,10000,10,10,1,2,-0.002,-0.1,0,0.567,0.554236160446261,0.579763839553739,0.7104,0.701509896308006,0.719290103691994,0.8034,0.796862321303773,0.809937678696227,8034,7104,5670
"Gastwirth","GLDLS",203797457,10000,10,10,1,2,-0.002,-0.2,0,0.5149,0.502025720247834,0.527774279752166,0.6623,0.653030656439985,0.671569343560015,0.7696,0.762673088018922,0.776526911981078,7696,6623,5149
"Gastwirth","GLDLS",121682762,10000,10,10,1.5,2,-0.002,-0.002,0,0.8566,0.847571627497287,0.865628372502713,0.9381,0.933376912799619,0.942823087200381,0.9656,0.962601916307773,0.968598083692227,9656,9381,8566
"Gastwirth","GLDLS",22447,10000,10,10,1.5,2,-0.002,-0.02,0,0.8511,0.84192970085989,0.86027029914011,0.9342,0.929340529504401,0.939059470495599,0.9634,0.960311057913282,0.966488942086718,9634,9342,8511
"Gastwirth","GLDLS",122835,10000,10,10,1.5,2,-0.002,-0.05,0,0.8221,0.812248640749197,0.831951359250803,0.9163,0.910872027438389,0.921727972561611,0.9508,0.947242105712026,0.954357894287974,9508,9163,8221
"Gastwirth","GLDLS",128155733,10000,10,10,1.5,2,-0.002,-0.1,0,0.7909,0.780424285282858,0.801375714717142,0.9023,0.896480591662926,0.908119408337073,0.9427,0.938876774036527,0.946523225963473,9427,9023,7909
"Gastwirth","GLDLS",1169232,10000,10,10,1.5,2,-0.002,-0.2,0,0.7272,0.715726524917863,0.738673475082137,0.8597,0.852892958940509,0.866507041059491,0.9131,0.908466224789119,0.917733775210881,9131,8597,7272
"Gastwirth","GLDLS",89440,10000,10,10,2,2,-0.002,-0.002,0,0.9501,0.944491060048438,0.955708939951562,0.9887,0.986628296688809,0.990771703311191,0.9941,0.992840184506773,0.995359815493227,9941,9887,9501
"Gastwirth","GLDLS",153932435,10000,10,10,2,2,-0.002,-0.02,0,0.9406,0.934511061769137,0.946688938230863,0.9863,0.984021647742424,0.988578352257576,0.9926,0.991190163021091,0.994009836978909,9926,9863,9406
"Gastwirth","GLDLS",105778833,10000,10,10,2,2,-0.002,-0.05,0,0.9342,0.927813267348641,0.940586732651359,0.9825,0.979929951167779,0.985070048832221,0.9901,0.988471367752077,0.991728632247923,9901,9825,9342
"Gastwirth","GLDLS",70680,10000,10,10,2,2,-0.002,-0.1,0,0.9069,0.89941485185728,0.91438514814272,0.9706,0.967289070906468,0.973910929093532,0.9845,0.982467925567462,0.986532074432538,9845,9706,9069
"Gastwirth","GLDLS",125423,10000,10,10,2,2,-0.002,-0.2,0,0.8562,0.847161155533308,0.865238844466692,0.9533,0.949164487782922,0.957435512217078,0.9724,0.969705098361795,0.975094901638205,9724,9533,8562
"Gastwirth","GLDLS",903686,10000,10,10,2.5,2,-0.002,-0.002,0,0.9829,0.979560368248746,0.986239631751254,0.9981,0.997246467819939,0.998953532180061,0.999,0.998480065487297,0.999519934512703,9990,9981,9829
"Gastwirth","GLDLS",287918,10000,10,10,2.5,2,-0.002,-0.02,0,0.9801,0.976502443763522,0.983697556236478,0.9974,0.996401892251107,0.998398107748893,0.9991,0.998606722124989,0.999593277875011,9991,9974,9801
"Gastwirth","GLDLS",229960,10000,10,10,2.5,2,-0.002,-0.05,0,0.9739,0.969793013311063,0.978006986688937,0.9969,0.995810410984637,0.997989589015363,0.9987,0.998107272464133,0.999292727535867,9987,9969,9739
"Gastwirth","GLDLS",52504,10000,10,10,2.5,2,-0.002,-0.1,0,0.9575,0.952303514556934,0.962696485443066,0.9931,0.991477528384717,0.994722471615283,0.9956,0.994511233663452,0.996688766336548,9956,9931,9575
"Gastwirth","GLDLS",2704017,10000,10,10,2.5,2,-0.002,-0.2,0,0.9192,0.912179685846236,0.926220314153764,0.9847,0.982294231934371,0.987105768065629,0.9905,0.988904286405906,0.992095713594094,9905,9847,9192
"Gastwirth","GLDLS",49612,10000,20,20,0,2,-0.002,-0.002,1,0.0441,0.0388110265828099,0.0493889734171901,0.1255,0.119006814036238,0.131993185963762,0.2066,0.19993995507109,0.21326004492891,2066,1255,441
"Gastwirth","GLDLS",192639,10000,20,20,0,2,-0.02,-0.02,1,0.0439,0.0386224813355608,0.0491775186644392,0.127,0.120473729751228,0.133526270248772,0.2121,0.205375317461919,0.218824682538081,2121,1270,439
"Gastwirth","GLDLS",3470811,10000,20,20,0,2,-0.05,-0.05,1,0.0414,0.0362682588552516,0.0465317411447484,0.1246,0.118126809864186,0.131073190135814,0.2076,0.200928064943392,0.214271935056608,2076,1246,414
"Gastwirth","GLDLS",1456705,10000,20,20,0,2,-0.1,-0.1,1,0.0432,0.0379628101753158,0.0484371898246842,0.1261,0.119593544193157,0.132606455806843,0.2054,0.19875430505281,0.21204569494719,2054,1261,432
"Gastwirth","GLDLS",73792,10000,20,20,0,2,-0.2,-0.2,1,0.0396,0.0345763482295462,0.0446236517704538,0.1214,0.114998805635946,0.127801194364054,0.2049,0.198260310686186,0.211539689313814,2049,1214,396
"Gastwirth","GLDLS",17433207,10000,20,20,0.5,2,-0.002,-0.002,0,0.2491,0.237959010251232,0.260240989748768,0.4407,0.43096916729146,0.45043083270854,0.5553,0.547125460367655,0.563474539632345,5553,4407,2491
"Gastwirth","GLDLS",3825204,10000,20,20,0.5,2,-0.002,-0.02,0,0.2401,0.229096770763116,0.251103229236884,0.4277,0.418002996118718,0.437397003881282,0.5435,0.535306186637507,0.551693813362493,5435,4277,2401
"Gastwirth","GLDLS",20276,10000,20,20,0.5,2,-0.002,-0.05,0,0.2282,0.217389243988445,0.239010756011555,0.417,0.407335967624226,0.426664032375774,0.5289,0.520688750698829,0.537111249301171,5289,4170,2282
"Gastwirth","GLDLS",10023237,10000,20,20,0.5,2,-0.002,-0.1,0,0.2122,0.201667619588051,0.222732380411949,0.393,0.383427030128534,0.402572969871466,0.5033,0.495075179142451,0.511524820857549,5033,3930,2122
"Gastwirth","GLDLS",22486416,10000,20,20,0.5,2,-0.002,-0.2,0,0.183,0.173039470367817,0.192960529632183,0.3535,0.344130098077354,0.362869901922646,0.4597,0.451501759811656,0.467898240188344,4597,3535,1830
"Gastwirth","GLDLS",2237709,10000,20,20,1,2,-0.002,-0.002,0,0.6986,0.686779610884412,0.710420389115588,0.8617,0.854933794125391,0.86846620587461,0.9152,0.91061729571122,0.91978270428878,9152,8617,6986
"Gastwirth","GLDLS",4591222,10000,20,20,1,2,-0.002,-0.02,0,0.6768,0.664752090134775,0.688847909865225,0.8453,0.838212278200606,0.852387721799394,0.902,0.897109174038059,0.906890825961941,9020,8453,6768
"Gastwirth","GLDLS",22571,10000,20,20,1,2,-0.002,-0.05,0,0.646,0.633681332057467,0.658318667942533,0.8267,0.819281274167514,0.834118725832486,0.8907,0.885567349301796,0.895832650698204,8907,8267,6460
"Gastwirth","GLDLS",146920178,10000,20,20,1,2,-0.002,-0.1,0,0.6112,0.598642573073999,0.623757426926001,0.8006,0.792768833796784,0.808431166203216,0.8693,0.86375516616572,0.87484483383428,8693,8006,6112
"Gastwirth","GLDLS",16847342,10000,20,20,1,2,-0.002,-0.2,0,0.5338,0.520949462952598,0.546650537047402,0.7375,0.728876139205669,0.746123860794331,0.8192,0.81286917822914,0.82553082177086,8192,7375,5338
"Gastwirth","GLDLS",723438,10000,20,20,1.5,2,-0.002,-0.002,0,0.9345,0.928126820338198,0.940873179661802,0.9809,0.978217219615697,0.983582780384303,0.9913,0.989772335165432,0.992827664834568,9913,9809,9345
"Gastwirth","GLDLS",116383,10000,20,20,1.5,2,-0.002,-0.02,0,0.9316,0.92509737589709,0.93810262410291,0.982,0.979394158070796,0.984605841929204,0.9923,0.990862086501984,0.993737913498015,9923,9820,9316
"Gastwirth","GLDLS",109558050,10000,20,20,1.5,2,-0.002,-0.05,0,0.9133,0.906051266448935,0.920548733551065,0.9786,0.975763612493611,0.981436387506389,0.9902,0.988579532216951,0.991820467783049,9902,9786,9133
"Gastwirth","GLDLS",29264096,10000,20,20,1.5,2,-0.002,-0.1,0,0.8789,0.870495968675409,0.887304031324591,0.9635,0.959824398982479,0.967175601017521,0.9814,0.979177481415353,0.983622518584647,9814,9635,8789
"Gastwirth","GLDLS",2586367,10000,20,20,1.5,2,-0.002,-0.2,0,0.8169,0.80693735904804,0.82686264095196,0.9318,0.926859059639947,0.936740940360053,0.9624,0.959270768942759,0.965529231057241,9624,9318,8169
"Gastwirth","GLDLS",4160051,10000,20,20,2,2,-0.002,-0.002,0,0.9923,0.990048288649916,0.994551711350084,0.9987,0.997993771446627,0.999406228553373,0.9999,0.999735508225206,1.00006449177479,9999,9987,9923
"Gastwirth","GLDLS",21470018,10000,20,20,2,2,-0.002,-0.02,0,0.9871,0.98419315891532,0.99000684108468,0.9978,0.996881690321515,0.998718309678485,0.9993,0.998864926265128,0.999735073734871,9993,9978,9871
"Gastwirth","GLDLS",5921976,10000,20,20,2,2,-0.002,-0.05,0,0.9817,0.978247284463276,0.985152715536724,0.9974,0.996401892251107,0.998398107748893,0.9989,0.99835471537618,0.99944528462382,9989,9974,9817
"Gastwirth","GLDLS",110417595,10000,20,20,2,2,-0.002,-0.1,0,0.971,0.966677306205802,0.975322693794198,0.9943,0.992824455815097,0.995775544184903,0.9978,0.997029275805557,0.998570724194443,9978,9943,9710
"Gastwirth","GLDLS",21048,10000,20,20,2,2,-0.002,-0.2,0,0.9325,0.926037178436627,0.938962821563373,0.9852,0.98283326773935,0.98756673226065,0.9933,0.991958027793218,0.994641972206782,9933,9852,9325
"Gastwirth","GLDLS",37954968,10000,20,20,2.5,2,-0.002,-0.002,0,0.998,0.996849130376802,0.999150869623198,1,1,1,1,1,1,10000,10000,9980
"Gastwirth","GLDLS",48613,10000,20,20,2.5,2,-0.002,-0.02,0,0.9979,0.996720768647472,0.999079231352528,0.9998,0.999522841861747,1.00007715813825,1,1,1,10000,9998,9979
"Gastwirth","GLDLS",3058601,10000,20,20,2.5,2,-0.002,-0.05,0,0.9966,0.995100502456506,0.998099497543494,0.9998,0.999522841861747,1.00007715813825,1,1,1,10000,9998,9966
"Gastwirth","GLDLS",220137484,10000,20,20,2.5,2,-0.002,-0.1,0,0.9932,0.991083010663282,0.995316989336718,0.9988,0.99812144358407,0.99947855641593,0.9996,0.999271065806581,0.999928934193419,9996,9988,9932
"Gastwirth","GLDLS",20899,10000,20,20,2.5,2,-0.002,-0.2,0,0.9752,0.971193929891665,0.979206070108335,0.9956,0.994302746492624,0.996897253507376,0.9981,0.997383642634591,0.998816357365409,9981,9956,9752
"Gastwirth","GLDLS",370001,10000,100,100,0,2,-0.002,-0.002,1,0.0133,0.0103490337449683,0.0162509662550317,0.0611,0.0564055324001118,0.0657944675998882,0.1178,0.112496994540461,0.123103005459539,1178,611,133
"Gastwirth","GLDLS",8188984,10000,100,100,0,2,-0.02,-0.02,1,0.0124,0.00954932805320851,0.0152506719467915,0.0614,0.0566947735265558,0.0661052264734442,0.1188,0.113477552738411,0.124122447261589,1188,614,124
"Gastwirth","GLDLS",734971,10000,100,100,0,2,-0.05,-0.05,1,0.0137,0.0107055941757577,0.0166944058242423,0.0616,0.0568876186667036,0.0663123813332964,0.1142,0.108968011361643,0.119431988638357,1142,616,137
"Gastwirth","GLDLS",298546,10000,100,100,0,2,-0.1,-0.1,1,0.0144,0.011331137346041,0.017468862653959,0.0633,0.0585273653882159,0.0680726346117841,0.1184,0.113085314814817,0.123714685185183,1184,633,144
"Gastwirth","GLDLS",406164,10000,100,100,0,2,-0.2,-0.2,1,0.0111,0.00840112023907993,0.0137988797609201,0.0606,0.0559235352901577,0.0652764647098423,0.1192,0.113869810088336,0.124530189911664,1192,606,111
"Gastwirth","GLDLS",89627,10000,100,100,0.5,2,-0.002,-0.002,0,0.6855,0.67353920868464,0.69746079131536,0.8618,0.855035848319146,0.868564151680854,0.9198,0.915332137603294,0.924267862396706,9198,8618,6855
"Gastwirth","GLDLS",564655,10000,100,100,0.5,2,-0.002,-0.02,0,0.6561,0.643863788769823,0.668336211230177,0.8476,0.840555599667935,0.854644400332065,0.9081,0.903347846112553,0.912852153887447,9081,8476,6561
"Gastwirth","GLDLS",337020,10000,100,100,0.5,2,-0.002,-0.05,0,0.635,0.622598359050513,0.647401640949487,0.8353,0.828030172404685,0.842569827595315,0.9006,0.89567818749005,0.90552181250995,9006,8353,6350
"Gastwirth","GLDLS",827964,10000,100,100,0.5,2,-0.002,-0.1,0,0.5819,0.569193962842237,0.594606037157763,0.7954,0.78749318314526,0.80330681685474,0.8713,0.86579142796845,0.87680857203155,8713,7954,5819
"Gastwirth","GLDLS",288845,10000,100,100,0.5,2,-0.002,-0.2,0,0.497,0.484120231842087,0.509879768157913,0.7302,0.721500426567147,0.738899573432853,0.8178,0.811450147434475,0.824149852565525,8178,7302,4970
"Gastwirth","GLDLS",11121685,10000,100,100,1,2,-0.002,-0.002,0,0.9991,0.998327547838281,0.999872452161719,0.9998,0.999522841861747,1.00007715813825,0.9999,0.999735508225206,1.00006449177479,9999,9998,9991
"Gastwirth","GLDLS",396665,10000,100,100,1,2,-0.002,-0.02,0,0.9986,0.997636823989136,0.999563176010864,0.9998,0.999522841861747,1.00007715813825,1,1,1,10000,9998,9986
"Gastwirth","GLDLS",68868936,10000,100,100,1,2,-0.002,-0.05,0,0.9983,0.997238791170063,0.999361208829937,0.9999,0.999704009800245,1.00009599019976,1,1,1,10000,9999,9983
"Gastwirth","GLDLS",455230,10000,100,100,1,2,-0.002,-0.1,0,0.9962,0.994615066935339,0.997784933064661,0.9995,0.99906184025744,0.99993815974256,0.9999,0.999735508225206,1.00006449177479,9999,9995,9962
"Gastwirth","GLDLS",117431,10000,100,100,1,2,-0.002,-0.2,0,0.9823,0.978903320548875,0.985696679451125,0.9971,0.996046039272838,0.998153960727162,0.9993,0.998864926265128,0.999735073734871,9993,9971,9823
"Gastwirth","GLDLS",2370665,10000,100,100,1.5,2,-0.002,-0.002,0,1,1,1,1,1,1,1,1,1,10000,10000,10000
"Gastwirth","GLDLS",84203042,10000,100,100,1.5,2,-0.002,-0.02,0,1,1,1,1,1,1,1,1,1,10000,10000,10000
"Gastwirth","GLDLS",330351509,10000,100,100,1.5,2,-0.002,-0.05,0,1,1,1,1,1,1,1,1,1,10000,10000,10000
"Gastwirth","GLDLS",92730985,10000,100,100,1.5,2,-0.002,-0.1,0,1,1,1,1,1,1,1,1,1,10000,10000,10000
"Gastwirth","GLDLS",797761,10000,100,100,1.5,2,-0.002,-0.2,0,0.9998,0.999435735018296,1.0001642649817,1,1,1,1,1,1,10000,10000,9998
"Gastwirth","GLDLS",1246182,10000,100,100,2,2,-0.002,-0.002,0,1,1,1,1,1,1,1,1,1,10000,10000,10000
"Gastwirth","GLDLS",77225575,10000,100,100,2,2,-0.002,-0.02,0,1,1,1,1,1,1,1,1,1,10000,10000,10000
"Gastwirth","GLDLS",354245,10000,100,100,2,2,-0.002,-0.05,0,1,1,1,1,1,1,1,1,1,10000,10000,10000
"Gastwirth","GLDLS",18202860,10000,100,100,2,2,-0.002,-0.1,0,1,1,1,1,1,1,1,1,1,10000,10000,10000
"Gastwirth","GLDLS",86736,10000,100,100,2,2,-0.002,-0.2,0,1,1,1,1,1,1,1,1,1,10000,10000,10000
"Gastwirth","GLDLS",267121,10000,100,100,2.5,2,-0.002,-0.002,0,1,1,1,1,1,1,1,1,1,10000,10000,10000
"Gastwirth","GLDLS",314735,10000,100,100,2.5,2,-0.002,-0.02,0,1,1,1,1,1,1,1,1,1,10000,10000,10000
"Gastwirth","GLDLS",86152,10000,100,100,2.5,2,-0.002,-0.05,0,1,1,1,1,1,1,1,1,1,10000,10000,10000
"Gastwirth","GLDLS",98301,10000,100,100,2.5,2,-0.002,-0.1,0,1,1,1,1,1,1,1,1,1,10000,10000,10000
"Gastwirth","GLDLS",70836,10000,100,100,2.5,2,-0.002,-0.2,0,1,1,1,1,1,1,1,1,1,10000,10000,10000
"Gastwirth","GLDLS",17323490,10000,10,100,0,2,-0.002,-0.002,1,0.0149,0.0117791050358873,0.0180208949641127,0.0639,0.0591063356347779,0.0686936643652221,0.1199,0.114556306941452,0.125243693058548,1199,639,149
"Gastwirth","GLDLS",1301386,10000,10,100,0,2,-0.02,-0.02,1,0.0146,0.0115102128295328,0.0176897871704672,0.0592,0.0545744265763475,0.0638255734236525,0.1141,0.10887000738844,0.11932999261156,1141,592,146
"Gastwirth","GLDLS",62572646,10000,10,100,0,2,-0.05,-0.05,1,0.0151,0.0119585481968644,0.0182414518031356,0.0622,0.0574662384485908,0.0669337615514092,0.1184,0.113085314814817,0.123714685185183,1184,622,151
"Gastwirth","GLDLS",768868,10000,10,100,0,2,-0.1,-0.1,1,0.0143,0.0112416565437191,0.0173583434562809,0.0614,0.0566947735265558,0.0661052264734442,0.1217,0.116321853442981,0.127078146557019,1217,614,143
"Gastwirth","GLDLS",16161905,10000,10,100,0,2,-0.2,-0.2,1,0.0189,0.015392211510723,0.022407788489277,0.0679,0.0629691452166587,0.0728308547833413,0.1269,0.121424437916983,0.132375562083017,1269,679,189
"Gastwirth","GLDLS",267263,10000,10,100,0.5,2,-0.002,-0.002,0,0.139,0.130088417447479,0.147911582552521,0.305,0.29597601440604,0.31402398559396,0.4168,0.408689670194721,0.424910329805279,4168,3050,1390
"Gastwirth","GLDLS",51734,10000,10,100,0.5,2,-0.002,-0.02,0,0.1327,0.123960914400002,0.141439085599998,0.2924,0.283484644453618,0.301315355546382,0.4022,0.394133876061955,0.410266123938045,4022,2924,1327
"Gastwirth","GLDLS",23000,10000,10,100,0.5,2,-0.002,-0.05,0,0.1253,0.116771926053439,0.133828073946561,0.2842,0.275359762045194,0.293040237954806,0.395,0.386958406100934,0.403041593899066,3950,2842,1253
"Gastwirth","GLDLS",146062821,10000,10,100,0.5,2,-0.002,-0.1,0,0.1271,0.118519731452758,0.135680268547242,0.2798,0.271001543626658,0.288598456373342,0.3862,0.378190867490177,0.394209132509823,3862,2798,1271
"Gastwirth","GLDLS",32563239,10000,10,100,0.5,2,-0.002,-0.2,0,0.1251,0.116577760758801,0.133622239241199,0.274,0.265258224217014,0.282741775782986,0.3723,0.364347778199913,0.380252221800087,3723,2740,1251
"Gastwirth","GLDLS",167563,10000,10,100,1,2,-0.002,-0.002,0,0.6189,0.606389473867279,0.631410526132721,0.8151,0.807490958136638,0.822709041863362,0.8806,0.87526594602173,0.88593405397827,8806,8151,6189
"Gastwirth","GLDLS",31095,10000,10,100,1,2,-0.002,-0.02,0,0.6217,0.609207353156359,0.634192646843641,0.8044,0.796625427326058,0.812174572673942,0.8741,0.868642932478247,0.879557067521753,8741,8044,6217
"Gastwirth","GLDLS",4674786,10000,10,100,1,2,-0.002,-0.05,0,0.6009,0.588284983450897,0.613515016549103,0.7894,0.781408398572101,0.797391601427899,0.8629,0.857241974972398,0.868558025027602,8629,7894,6009
"Gastwirth","GLDLS",41150353,10000,10,100,1,2,-0.002,-0.1,0,0.5877,0.575019675388978,0.600380324611022,0.7802,0.77208342346099,0.78831657653901,0.8511,0.845243966581723,0.856956033418277,8511,7802,5877
"Gastwirth","GLDLS",23648,10000,10,100,1,2,-0.002,-0.2,0,0.5569,0.544103672615689,0.569696327384311,0.7452,0.736659324795217,0.753740675204783,0.8208,0.814491100941178,0.827108899058822,8208,7452,5569
"Gastwirth","GLDLS",2986091,10000,10,100,1.5,2,-0.002,-0.002,0,0.963,0.958137497201481,0.967862502798518,0.9907,0.988818654204672,0.992581345795328,0.9966,0.995642440427388,0.997557559572612,9966,9907,9630
"Gastwirth","GLDLS",57993,10000,10,100,1.5,2,-0.002,-0.02,0,0.9527,0.947231672563636,0.958168327436364,0.9867,0.984454699588563,0.988945300411437,0.9935,0.992178075912023,0.994821924087978,9935,9867,9527
"Gastwirth","GLDLS",47892,10000,10,100,1.5,2,-0.002,-0.05,0,0.9534,0.947970293047784,0.958829706952216,0.9875,0.985322392367758,0.989677607632242,0.9934,0.992068013117519,0.99473198688248,9934,9875,9534
"Gastwirth","GLDLS",269766761,10000,10,100,1.5,2,-0.002,-0.1,0,0.9438,0.937867277936305,0.949732722063695,0.9834,0.980895764214296,0.985904235785704,0.9925,0.991080740559526,0.993919259440474,9925,9834,9438
"Gastwirth","GLDLS",46470575,10000,10,100,1.5,2,-0.002,-0.2,0,0.918,0.910932364793115,0.925067635206885,0.9717,0.968449760301516,0.974950239698484,0.984,0.981935934652197,0.986064065347803,9840,9717,9180
"Gastwirth","GLDLS",42562390,10000,10,100,2,2,-0.002,-0.002,0,0.9991,0.998327547838281,0.999872452161719,0.9999,0.999704009800245,1.00009599019976,1,1,1,10000,9999,9991
"Gastwirth","GLDLS",153923,10000,10,100,2,2,-0.002,-0.02,0,0.9985,0.997503068031208,0.999496931968792,0.9998,0.999522841861747,1.00007715813825,1,1,1,10000,9998,9985
"Gastwirth","GLDLS",149606779,10000,10,100,2,2,-0.002,-0.05,0,0.9985,0.997503068031208,0.999496931968792,0.9997,0.99936056896783,1.00003943103217,0.9999,0.999735508225206,1.00006449177479,9999,9997,9985
"Gastwirth","GLDLS",91111859,10000,10,100,2,2,-0.002,-0.1,0,0.9966,0.995100502456506,0.998099497543494,0.9995,0.99906184025744,0.99993815974256,0.9998,0.999567385133966,1.00003261486603,9998,9995,9966
"Gastwirth","GLDLS",835786,10000,10,100,2,2,-0.002,-0.2,0,0.9935,0.991429923130316,0.995570076869684,0.9986,0.997867148687386,0.999332851312614,0.9993,0.998864926265128,0.999735073734871,9993,9986,9935
"Gastwirth","GLDLS",30666,10000,10,100,2.5,2,-0.002,-0.002,0,1,1,1,1,1,1,1,1,1,10000,10000,10000
"Gastwirth","GLDLS",606293,10000,10,100,2.5,2,-0.002,-0.02,0,1,1,1,1,1,1,1,1,1,10000,10000,10000
"Gastwirth","GLDLS",31344956,10000,10,100,2.5,2,-0.002,-0.05,0,0.9999,0.999642412880322,1.00015758711968,1,1,1,1,1,1,10000,10000,9999
"Gastwirth","GLDLS",69102,10000,10,100,2.5,2,-0.002,-0.1,0,1,1,1,1,1,1,1,1,1,10000,10000,10000
"Gastwirth","GLDLS",169093443,10000,10,100,2.5,2,-0.002,-0.2,0,0.9998,0.999435735018296,1.0001642649817,0.9999,0.999704009800245,1.00009599019976,1,1,1,10000,9999,9998
