"method","distribution","seed","N","n1","n2","delta","sd","null","power0.01","l_CI","u_CI","power0.05","l_CI","u_CI","power0.10","l_CI","u_CI","ct_0.10","ct_0.05","ct_0.01"
"VW","Logistic",310438293,10000,10,10,0,1,1,0.0075,0.00527750011023622,0.00972249988976378,0.0474,0.043235138816431,0.051564861183569,0.1005,0.0955540523305058,0.105445947669494,1005,474,75
"VW","Logistic",364241515,10000,10,10,0,3,1,0.0073,0.00510711276402639,0.00949288723597361,0.0491,0.0448648944251176,0.0533351055748824,0.1007,0.0957496838681984,0.105650316131802,1007,491,73
"VW","Logistic",94354227,10000,10,10,0,5,1,0.0076,0.00536284521817913,0.00983715478182087,0.0496,0.0453445046193892,0.0538554953806108,0.1069,0.101817179187206,0.111982820812794,1069,496,76
"VW","Logistic",243494,10000,10,10,0,2,1,0.0083,0.00596291202152422,0.0106370879784758,0.0469,0.042756076518274,0.051043923481726,0.1016,0.0966301002567859,0.106569899743214,1016,469,83
"VW","Logistic",111804243,10000,10,10,0.5,1,0,0.017,0.0136699781872186,0.0203300218127814,0.0866,0.0810875391130276,0.0921124608869723,0.1661,0.159977797287661,0.172222202712339,1661,866,170
"VW","Logistic",18989,10000,10,10,1.5,1,0,0.165,0.155438389056231,0.174561610943769,0.4198,0.410126889460282,0.429473110539718,0.5731,0.564963377188601,0.581236622811399,5731,4198,1650
"VW","Logistic",3352714,10000,10,10,2,1,0,0.3363,0.324129870453267,0.348470129546733,0.6414,0.632000046791265,0.650799953208735,0.7658,0.758833461706708,0.772766538293292,7658,6414,3363
"VW","Logistic",20125209,10000,10,10,2.5,1,0,0.5359,0.523053242644412,0.548746757355588,0.8191,0.811555267997444,0.826644732002557,0.9002,0.895269389715674,0.905130610284326,9002,8191,5359
"VW","Logistic",18582,10000,10,10,0.5,3,0,0.0066,0.00451416522232848,0.00868583477767152,0.051,0.0466880445456846,0.0553119554543154,0.1049,0.0998593165509055,0.109940683449094,1049,510,66
"VW","Logistic",18269,10000,10,10,1.5,3,0,0.0156,0.0124077715753311,0.0187922284246689,0.0885,0.0829331945570193,0.0940668054429807,0.1684,0.162244062722249,0.174555937277751,1684,885,156
"VW","Logistic",99537152,10000,10,10,2,3,0,0.0261,0.0219930133110632,0.0302069866889368,0.122,0.11558519816674,0.12841480183326,0.2122,0.205474159247804,0.218925840752196,2122,1220,261
"VW","Logistic",77648,10000,10,10,2.5,3,0,0.0418,0.0366446033756678,0.0469553966243322,0.1623,0.155072974468455,0.169527025531545,0.2692,0.261903699715308,0.276496300284692,2692,1623,418
"VW","Logistic",361878956,10000,10,10,1,1,0,0.0671,0.0606549741243356,0.0735450258756644,0.2214,0.213262292430518,0.229537707569482,0.339,0.331213066226203,0.346786933773797,3390,2214,671
"VW","Logistic",50249004,10000,10,10,1,3,0,0.0138,0.0107948379142123,0.0168051620857877,0.0675,0.0625826357669988,0.0724173642330013,0.1306,0.125056968984112,0.136143031015888,1306,675,138
"VW","Logistic",6651539,10000,10,10,5,1,0,0.989,0.986313169020872,0.991686830979128,0.9997,0.99936056896783,1.00003943103217,1,1,1,10000,9997,9890
"VW","Logistic",390903,10000,10,10,5,3,0,0.2154,0.20481007559232,0.22598992440768,0.5022,0.492400094864459,0.511999905135541,0.642,0.634113670296646,0.649886329703354,6420,5022,2154
"VW","Logistic",499450,10000,10,10,0.5,5,0,0.0079,0.00561946296632043,0.0101805370336796,0.047,0.0428518786710126,0.0511481213289874,0.1021,0.0971192727596289,0.107080727240371,1021,470,79
"VW","Logistic",16971,10000,10,10,1,5,0,0.0102,0.00761166986137858,0.0127883301386214,0.0541,0.0496661875693259,0.0585338124306741,0.1146,0.109360040021994,0.119839959978006,1146,541,102
"VW","Logistic",1712589,10000,10,10,1.5,5,0,0.0111,0.00840112023907993,0.0137988797609201,0.0617,0.056984046529322,0.066415953470678,0.1284,0.122896904812053,0.133903095187946,1284,617,111
"VW","Logistic",17083482,10000,10,10,2,5,0,0.014,0.0109734466483473,0.0170265533516527,0.0744,0.0692565536745874,0.0795434463254126,0.1489,0.143043966581723,0.154756033418277,1489,744,140
"VW","Logistic",31649308,10000,10,10,2.5,5,0,0.0197,0.0161202023954955,0.0232797976045045,0.09,0.0843908374956684,0.0956091625043316,0.1676,0.161455749051381,0.173744250948619,1676,900,197
"VW","Logistic",403821,10000,10,10,5,5,0,0.0661,0.0596997523896099,0.0725002476103901,0.2311,0.222837889966455,0.239362110033545,0.3479,0.340064797653029,0.355735202346971,3479,2311,661
"VW","Logistic",292112144,10000,10,10,3,1,0,0.7237,0.71218097853766,0.73521902146234,0.9218,0.916537673385127,0.927062326614873,0.9661,0.963123013998861,0.969076986001139,9661,9218,7237
"VW","Logistic",223049846,10000,10,10,3,3,0,0.0653,0.058935876912597,0.071664123087403,0.2123,0.204284853012352,0.220315146987648,0.3348,0.327036907745724,0.342563092254276,3348,2123,653
"VW","Logistic",1321894,10000,10,10,3,5,0,0.022,0.0182214373577245,0.0257785626422755,0.1127,0.106501975763713,0.118898024236287,0.1963,0.189766091682479,0.202833908317521,1963,1127,220
"VW","Logistic",153672247,10000,10,10,0.5,2,0,0.0105,0.00787428002833509,0.0131257199716649,0.0544,0.0499546162975059,0.0588453837024941,0.1127,0.107498086801688,0.117901913198312,1127,544,105
"VW","Logistic",455067,10000,10,10,1,2,0,0.0189,0.015392211510723,0.022407788489277,0.092,0.0863350913723168,0.0976649086276832,0.1716,0.165397816816024,0.177802183183976,1716,920,189
"VW","Logistic",2519693,10000,10,10,1.5,2,0,0.0347,0.0299854336819156,0.0394145663180844,0.1438,0.13692261834056,0.15067738165944,0.2401,0.233073481329707,0.247126518670293,2401,1438,347
"VW","Logistic",3990476,10000,10,10,2,2,0,0.0599,0.0537871140060178,0.0660128859939822,0.2169,0.208822174645215,0.224977825354785,0.3368,0.329025468948522,0.344574531051478,3368,2169,599
"VW","Logistic",296756425,10000,10,10,2.5,2,0,0.1037,0.0958465237430386,0.111553476256961,0.3117,0.302621515482329,0.320778484517671,0.4511,0.44291442991625,0.45928557008375,4511,3117,1037
"VW","Logistic",6354348,10000,10,10,3,2,0,0.1645,0.154950029348234,0.174049970651766,0.4203,0.41062530201476,0.42997469798524,0.5638,0.555642233531174,0.571957766468826,5638,4203,1645
"VW","Logistic",237849,10000,10,10,5,2,0,0.5285,0.515640940582826,0.541359059417174,0.8198,0.812266662551458,0.827333337448542,0.9013,0.896393642789016,0.906206357210984,9013,8198,5285
"VW","Logistic",59688608,10000,20,20,0,1,1,0.0087,0.00630774187608109,0.0110922581239189,0.0476,0.0434267995928305,0.0517732004071695,0.0963,0.0914472134755612,0.101152786524439,963,476,87
"VW","Logistic",297441564,10000,20,20,0,3,1,0.0086,0.00622141025800917,0.0109785897419908,0.0497,0.0454404410761676,0.0539595589238324,0.1012,0.0962387890860799,0.10616121091392,1012,497,86
"VW","Logistic",206159693,10000,20,20,0,5,1,0.0075,0.00527750011023622,0.00972249988976378,0.0466,0.0424687012320095,0.0507312987679905,0.0989,0.0939892192707295,0.103810780729271,989,466,75
"VW","Logistic",5184440,10000,20,20,0,2,1,0.0084,0.00604899387398841,0.0107510061260116,0.0483,0.0440977714272543,0.0525022285727457,0.0978,0.0929136255890589,0.102686374410941,978,483,84
"VW","Logistic",201004,10000,20,20,0.5,1,0,0.0361,0.0312947559483514,0.0409052440516486,0.139,0.132219448057864,0.145780551942136,0.2302,0.223275195526522,0.237124804473478,2302,1390,361
"VW","Logistic",1627235,10000,20,20,1.5,1,0,0.4781,0.465232360684754,0.490967639315246,0.7379,0.729280375696447,0.746519624303553,0.8363,0.830213448649541,0.842386551350459,8363,7379,4781
"VW","Logistic",157081834,10000,20,20,2,1,0,0.7651,0.754179400804378,0.776020599195622,0.9243,0.919115456918725,0.929484543081275,0.9631,0.959998907099106,0.966201092900894,9631,9243,7651
"VW","Logistic",2410642,10000,20,20,2.5,1,0,0.9274,0.920715826491703,0.934084173508297,0.987,0.984779829520059,0.989220170479941,0.995,0.993839720965673,0.996160279034327,9950,9870,9274
"VW","Logistic",6819037,10000,20,20,0.5,3,0,0.0114,0.00866530694682127,0.0141346930531787,0.0601,0.055441628370514,0.064758371629486,0.1158,0.110536247783957,0.121063752216043,1158,601,114
"VW","Logistic",186874666,10000,20,20,1.5,3,0,0.0392,0.0342007438516579,0.0441992561483421,0.1398,0.133003123541391,0.146596876458609,0.2294,0.222483647628764,0.236316352371236,2294,1398,392
"VW","Logistic",11691761,10000,20,20,2,3,0,0.0734,0.0666819994265151,0.0801180005734849,0.2101,0.202115363412252,0.218084636587748,0.3159,0.308252834127471,0.323547165872529,3159,2101,734
"VW","Logistic",9591115,10000,20,20,2.5,3,0,0.1183,0.109980472696028,0.126619527303972,0.3051,0.296075184522751,0.314124815477249,0.433,0.424849178545846,0.441150821454154,4330,3051,1183
"VW","Logistic",45280062,10000,20,20,1,1,0,0.1801,0.170201186127085,0.189998813872916,0.4087,0.399064764593971,0.418335235406029,0.5411,0.532902834602683,0.549297165397317,5411,4087,1801
"VW","Logistic",1761230,10000,20,20,1,3,0,0.0214,0.0176721764201744,0.0251278235798256,0.0885,0.0829331945570193,0.0940668054429807,0.1625,0.156431449185813,0.168568550814187,1625,885,214
"VW","Logistic",20058,10000,20,20,5,1,0,1,1,1,1,1,1,1,1,1,10000,10000,10000
"VW","Logistic",359590751,10000,20,20,5,3,0,0.5769,0.564173246255668,0.589626753744332,0.8166,0.809014915473747,0.824185084526253,0.8993,0.894349683868198,0.904250316131802,8993,8166,5769
"VW","Logistic",336217387,10000,20,20,0.5,5,0,0.008,0.00570519024021598,0.010294809759784,0.0513,0.046976064527586,0.055623935472414,0.1072,0.102110907019281,0.112289092980719,1072,513,80
"VW","Logistic",212306,10000,20,20,1,5,0,0.0135,0.0105272301497761,0.0164727698502239,0.0642,0.0593958660741399,0.0690041339258601,0.1196,0.114262086780061,0.124937913219939,1196,642,135
"VW","Logistic",1726283,10000,20,20,1.5,5,0,0.0177,0.0143033205488748,0.0210966794511252,0.0809,0.0755554429752879,0.0862445570247121,0.1485,0.142650463499612,0.154349536500388,1485,809,177
"VW","Logistic",126753,10000,20,20,2,5,0,0.0286,0.0243063372947676,0.0328936627052324,0.1104,0.1042576014087,0.1165423985913,0.1848,0.178415175397993,0.191184824602007,1848,1104,286
"VW","Logistic",1196806,10000,20,20,2.5,5,0,0.0405,0.0354219630129744,0.0455780369870256,0.1412,0.134374736265198,0.148025263734802,0.2319,0.224957351799207,0.238842648200793,2319,1412,405
"VW","Logistic",24276,10000,20,20,5,5,0,0.1815,0.171571274240548,0.191428725759452,0.4086,0.398965128816305,0.418234871183695,0.5423,0.534104486675456,0.550495513324544,5423,4086,1815
"VW","Logistic",23495538,10000,20,20,3,1,0,0.9869,0.983971008704679,0.989828991295321,0.999,0.998380503559332,0.999619496440668,0.9999,0.999735508225206,1.00006449177479,9999,9990,9869
"VW","Logistic",1284975,10000,20,20,3,3,0,0.1862,0.17617245684358,0.19622754315642,0.4214,0.411721845481374,0.431078154518626,0.5557,0.547526195289232,0.563873804710768,5557,4214,1862
"VW","Logistic",12339593,10000,20,20,3,5,0,0.058,0.0519787687510277,0.0640212312489723,0.1835,0.175913312419771,0.191086687580229,0.283,0.275589991641199,0.290410008358801,2830,1835,580
"VW","Logistic",63552,10000,20,20,0.5,2,0,0.0146,0.0115102128295328,0.0176897871704672,0.0681,0.0631624184318231,0.0730375815681769,0.1279,0.122406054868496,0.133393945131504,1279,681,146
"VW","Logistic",46793206,10000,20,20,1,2,0,0.0372,0.0323248793354404,0.0420751206645596,0.1299,0.123310609715732,0.136489390284268,0.2215,0.214669034750171,0.228330965249829,2215,1299,372
"VW","Logistic",2847452,10000,20,20,1.5,2,0,0.0919,0.0844583292315728,0.0993416707684272,0.2572,0.248633024971111,0.265766975028889,0.3749,0.366936602912766,0.382863397087234,3749,2572,919
"VW","Logistic",313005006,10000,20,20,2,2,0,0.1817,0.171767019155886,0.191632980844114,0.4117,0.402054029507737,0.421345970492263,0.5484,0.540213625808235,0.556586374191765,5484,4117,1817
"VW","Logistic",19100779,10000,20,20,2.5,2,0,0.315,0.303034071008066,0.326965928991934,0.5835,0.573837622423026,0.593162377576974,0.7074,0.699915968772974,0.714884031227026,7074,5835,3150
"VW","Logistic",320048,10000,20,20,3,2,0,0.472,0.459140211698414,0.484859788301586,0.7308,0.722106535831005,0.739493464168995,0.8299,0.823719395676071,0.836080604323929,8299,7308,4720
"VW","Logistic",155481,10000,20,20,5,2,0,0.9366,0.930322776898808,0.942877223101192,0.987,0.984779829520059,0.989220170479941,0.9959,0.994848847574338,0.996951152425662,9959,9870,9366
"VW","Logistic",468275,10000,100,100,0,1,1,0.0097,0.00717526898390819,0.0122247310160918,0.0496,0.0453445046193892,0.0538554953806108,0.1001,0.0951628074279025,0.105037192572098,1001,496,97
"VW","Logistic",2278860,10000,100,100,0,3,1,0.0096,0.00708818996570521,0.0121118100342948,0.0495,0.0452485729501731,0.0537514270498269,0.1044,0.0993699396687912,0.109430060331209,1044,495,96
"VW","Logistic",14679609,10000,100,100,0,5,1,0.0111,0.00840112023907993,0.0137988797609201,0.0524,0.0480324866527508,0.0567675133472492,0.0992,0.0942825955815695,0.104117404418431,992,524,111
"VW","Logistic",103211,10000,100,100,0,2,1,0.0086,0.00622141025800917,0.0109785897419908,0.0472,0.0430434984679902,0.0513565015320098,0.0993,0.0943803907670654,0.104219609232935,993,472,86
"VW","Logistic",1504416,10000,100,100,0.5,1,0,0.2756,0.264090016895579,0.287109983104421,0.5081,0.498301286040383,0.517898713959617,0.632,0.624066800957999,0.639933199042001,6320,5081,2756
"VW","Logistic",1156832,10000,100,100,1.5,1,0,0.999,0.99818580467798,0.99981419532202,0.9999,0.999704009800245,1.00009599019976,1,1,1,10000,9999,9990
"VW","Logistic",738608,10000,100,100,2,1,0,1,1,1,1,1,1,1,1,1,10000,10000,10000
"VW","Logistic",20304,10000,100,100,2.5,1,0,1,1,1,1,1,1,1,1,1,10000,10000,10000
"VW","Logistic",31882,10000,100,100,0.5,3,0,0.0271,0.0229172240157063,0.0312827759842937,0.1015,0.0955810028180443,0.107418997181956,0.1763,0.170031312918021,0.182568687081979,1763,1015,271
"VW","Logistic",293332,10000,100,100,1.5,3,0,0.2798,0.268236314480751,0.291363685519249,0.5094,0.499601732009054,0.519198267990946,0.6356,0.627683248177718,0.643516751822282,6356,5094,2798
"VW","Logistic",3537758,10000,100,100,2,3,0,0.5103,0.497422733168393,0.523177266831607,0.7509,0.742423159973764,0.759376840026236,0.8414,0.835390771094466,0.847409228905534,8414,7509,5103
"VW","Logistic",1504818,10000,100,100,2.5,3,0,0.7673,0.756415044712076,0.778184955287924,0.9122,0.906653125201918,0.917746874798082,0.9526,0.949104491506647,0.956095508493353,9526,9122,7673
"VW","Logistic",1681250,10000,100,100,1,1,0,0.9121,0.904806071124861,0.919393928875139,0.9769,0.973955665714903,0.979844334285097,0.9897,0.988039127479072,0.991360872520928,9897,9769,9121
"VW","Logistic",109919844,10000,100,100,1,3,0,0.1053,0.0973932362417222,0.113206763758278,0.263,0.254370856533815,0.271629143466185,0.3798,0.371816207088363,0.387783792911637,3798,2630,1053
"VW","Logistic",520819,10000,100,100,5,1,0,1,1,1,1,1,1,1,1,1,10000,10000,10000
"VW","Logistic",10527858,10000,100,100,5,3,0,0.9999,0.999642412880322,1.00015758711968,1,1,1,1,1,1,10000,10000,9999
"VW","Logistic",2236019,10000,100,100,0.5,5,0,0.0164,0.0131282731152029,0.0196717268847971,0.0713,0.0662564241207651,0.0763435758792349,0.1324,0.126824681702396,0.137975318297604,1324,713,164
"VW","Logistic",1040797,10000,100,100,1,5,0,0.0407,0.0356099706620319,0.0457900293379681,0.1313,0.124680528065654,0.137919471934346,0.2128,0.20606722258749,0.21953277741251,2128,1313,407
"VW","Logistic",26536,10000,100,100,1.5,5,0,0.0803,0.0732995376443255,0.0873004623556745,0.2165,0.2084275656435,0.2245724343565,0.3217,0.314015734863451,0.329384265136549,3217,2165,803
"VW","Logistic",8846856,10000,100,100,2,5,0,0.1609,0.151434779377461,0.170365220622539,0.366,0.356558494662396,0.375441505337604,0.4883,0.480077252148839,0.496522747851161,4883,3660,1609
"VW","Logistic",391250,10000,100,100,2.5,5,0,0.2716,0.260142345819718,0.283057654180282,0.5136,0.503803625886768,0.523396374113232,0.6391,0.631199696927207,0.647000303072793,6391,5136,2716
"VW","Logistic",329992546,10000,100,100,5,5,0,0.9088,0.901383868242361,0.916216131757639,0.9746,0.971516200503535,0.977683799496465,0.988,0.986208837461312,0.989791162538688,9880,9746,9088
"VW","Logistic",53567135,10000,100,100,3,1,0,1,1,1,1,1,1,1,1,1,10000,10000,10000
"VW","Logistic",312865894,10000,100,100,3,3,0,0.9094,0.902005864030783,0.916794135969217,0.9762,0.973212458467301,0.979187541532699,0.9898,0.988147126134304,0.991452873865696,9898,9762,9094
"VW","Logistic",45526,10000,100,100,3,5,0,0.4166,0.403900439134027,0.429299560865973,0.6624,0.653131329310068,0.671668670689932,0.7745,0.767625361174987,0.781374638825013,7745,6624,4166
"VW","Logistic",920646,10000,100,100,0.5,2,0,0.0548,0.0489372956407392,0.0606627043592608,0.1649,0.157626630668088,0.172173369331912,0.2634,0.256154144901042,0.270645855098958,2634,1649,548
"VW","Logistic",866704,10000,100,100,1,2,0,0.2814,0.26981618770225,0.29298381229775,0.5105,0.500702161138292,0.520297838861708,0.6414,0.633510753556955,0.649289246443045,6414,5105,2814
"VW","Logistic",314713,10000,100,100,1.5,2,0,0.6491,0.636805996077187,0.661394003922813,0.8409,0.833730921474108,0.848069078525892,0.9088,0.904064154991725,0.913535845008275,9088,8409,6491
"VW","Logistic",19473679,10000,100,100,2,2,0,0.9167,0.909581606774901,0.923818393225099,0.9803,0.977576240953094,0.983023759046906,0.9917,0.990207566100702,0.993192433899298,9917,9803,9167
"VW","Logistic",919515,10000,100,100,2.5,2,0,0.9916,0.989248993873988,0.993951006126012,0.999,0.998380503559332,0.999619496440668,0.9998,0.999567385133966,1.00003261486603,9998,9990,9916
"VW","Logistic",34408253,10000,100,100,3,2,0,0.9996,0.999084903050306,1.00011509694969,1,1,1,1,1,1,10000,10000,9996
"VW","Logistic",142010939,10000,100,100,5,2,0,1,1,1,1,1,1,1,1,1,10000,10000,10000
"VW","Logistic",17950874,10000,10,100,0,1,1,0.0088,0.00639415390545114,0.0112058460945489,0.0491,0.0448648944251176,0.0533351055748824,0.0997,0.0947715868633225,0.104628413136677,997,491,88
"VW","Logistic",113370021,10000,10,100,0,3,1,0.0093,0.00682737409756834,0.0117726259024317,0.0514,0.0470720803327234,0.0557279196672767,0.1014,0.0964344416810292,0.106365558318971,1014,514,93
"VW","Logistic",123604,10000,10,100,0,5,1,0.0092,0.00674057959837363,0.0116594204016264,0.0496,0.0453445046193892,0.0538554953806108,0.1003,0.0953584268450447,0.105241573154955,1003,496,92
"VW","Logistic",1093134,10000,10,100,0,2,1,0.0101,0.00752425890101043,0.0126757410989896,0.051,0.0466880445456846,0.0553119554543154,0.1009,0.095945321442114,0.105854678557886,1009,510,101
"VW","Logistic",69797596,10000,10,100,0.5,1,0,0.0413,0.0361741930192938,0.0464258069807062,0.136,0.129281344134427,0.142718655865573,0.2237,0.216844901690583,0.230555098309417,2237,1360,413
"VW","Logistic",4894068,10000,10,100,1.5,1,0,0.4629,0.450055505258844,0.475744494741156,0.7159,0.707060700089351,0.724739299910649,0.814,0.807599195291996,0.820400804708003,8140,7159,4629
"VW","Logistic",772886,10000,10,100,2,1,0,0.7609,0.749912486067115,0.771887513932885,0.9144,0.908916459411803,0.919883540588197,0.9545,0.951071851968719,0.957928148031281,9545,9144,7609
"VW","Logistic",238535212,10000,10,100,2.5,1,0,0.9314,0.924888575139226,0.937911424860774,0.9848,0.982401985055593,0.987198014944407,0.9934,0.992068013117519,0.99473198688248,9934,9848,9314
"VW","Logistic",722503,10000,10,100,0.5,3,0,0.0117,0.00892997819822009,0.0144700218017799,0.0591,0.0544780893441781,0.0637219106558219,0.115,0.109752089040628,0.120247910959372,1150,591,117
"VW","Logistic",152821,10000,10,100,1.5,3,0,0.0394,0.0343885285477353,0.0444114714522647,0.1337,0.127029537727443,0.140370462272557,0.2172,0.210417009305889,0.223982990694111,2172,1337,394
"VW","Logistic",14464078,10000,10,100,2,3,0,0.0655,0.0591268203381985,0.0718731796618015,0.2018,0.193933663615024,0.209666336384976,0.3119,0.304279220979455,0.319520779020545,3119,2018,655
"VW","Logistic",24042,10000,10,100,2.5,3,0,0.115,0.106781994752983,0.123218005247017,0.2968,0.287845786388431,0.305754213611569,0.4166,0.408490226077436,0.424709773922564,4166,2968,1150
"VW","Logistic",84810542,10000,10,100,1,1,0,0.169,0.159346390593856,0.178653609406144,0.3816,0.372078727501515,0.391121272498485,0.5191,0.510881003315369,0.527318996684631,5191,3816,1690
"VW","Logistic",177380088,10000,10,100,1,3,0,0.0212,0.0174892579174165,0.0249107420825835,0.0915,0.0858489508549297,0.0971510491450703,0.1599,0.153870856418696,0.165929143581304,1599,915,212
"VW","Logistic",2619476,10000,10,100,5,1,0,1,1,1,1,1,1,1,1,1,10000,10000,10000
"VW","Logistic",375910,10000,10,100,5,3,0,0.5753,0.562566899227367,0.588033100772633,0.8022,0.794392526050918,0.810007473949082,0.8763,0.870884018677859,0.88171598132214,8763,8022,5753
"VW","Logistic",55696482,10000,10,100,0.5,5,0,0.0101,0.00752425890101043,0.0126757410989896,0.0533,0.0488972313599736,0.0577027686400264,0.1049,0.0998593165509055,0.109940683449094,1049,533,101
"VW","Logistic",24332,10000,10,100,1,5,0,0.0114,0.00866530694682127,0.0141346930531787,0.0624,0.0576591396183393,0.0671408603816607,0.122,0.116616148461371,0.127383851538629,1220,624,114
"VW","Logistic",395230,10000,10,100,1.5,5,0,0.0168,0.0134892877596843,0.0201107122403157,0.0782,0.0729376733851271,0.0834623266148729,0.146,0.140191402741625,0.151808597258375,1460,782,168
"VW","Logistic",1574705,10000,10,100,2,5,0,0.0291,0.0247700826783247,0.0334299173216753,0.1055,0.0994789466735462,0.111521053326454,0.1802,0.173877377498545,0.186522622501455,1802,1055,291
"VW","Logistic",29739332,10000,10,100,2.5,5,0,0.038,0.0330747850051394,0.0429252149948606,0.131,0.124386953029049,0.137613046970951,0.2164,0.209626053782942,0.223173946217058,2164,1310,380
"VW","Logistic",2437325,10000,10,100,5,5,0,0.1785,0.168635643649259,0.188364356350741,0.3972,0.38760936610095,0.40679063389905,0.531,0.52279082367119,0.53920917632881,5310,3972,1785
"VW","Logistic",57724,10000,10,100,3,1,0,0.9891,0.986425274558886,0.991774725441114,0.9981,0.997246467819939,0.998953532180061,0.9997,0.999415120383714,0.999984879616286,9997,9981,9891
"VW","Logistic",4594037,10000,10,100,3,3,0,0.1698,0.160128227640515,0.179471772359485,0.3901,0.380539659437112,0.399660340562888,0.5187,0.510480754413465,0.526919245586535,5187,3901,1698
"VW","Logistic",24477,10000,10,100,3,5,0,0.0552,0.0493171829851936,0.0610828170148064,0.176,0.16853592471635,0.18346407528365,0.2743,0.26696065390823,0.28163934609177,2743,1760,552
"VW","Logistic",11212268,10000,10,100,0.5,2,0,0.0153,0.0121381333994591,0.0184618666005409,0.0683,0.0633557039067629,0.0732442960932371,0.1288,0.123289604545734,0.134310395454266,1288,683,153
"VW","Logistic",23330,10000,10,100,1,2,0,0.0366,0.0317628481365432,0.0414371518634568,0.1333,0.126637985948859,0.139962014051141,0.221,0.214174558197633,0.227825441802367,2210,1333,366
"VW","Logistic",22765,10000,10,100,1.5,2,0,0.0865,0.0792588392572461,0.0937411607427539,0.239,0.230641134249194,0.247358865750806,0.3542,0.346332455626315,0.362067544373685,3542,2390,865
"VW","Logistic",9668496,10000,10,100,2,2,0,0.1673,0.157685247450085,0.176914752549915,0.3902,0.380639218040683,0.399760781959317,0.5203,0.512081781676314,0.528518218323686,5203,3902,1673
"VW","Logistic",84727020,10000,10,100,2.5,2,0,0.3018,0.289975156581139,0.313624843418861,0.5515,0.541752122711072,0.561247877288928,0.679,0.671320139955865,0.686679860044135,6790,5515,3018
"VW","Logistic",417868,10000,10,100,3,2,0,0.4655,0.452650697421198,0.478349302578802,0.7226,0.71382477464458,0.73137522535542,0.8188,0.812463726485354,0.825136273514646,8188,7226,4655
"VW","Logistic",8983002,10000,10,100,5,2,0,0.9267,0.919986215029602,0.933413784970398,0.9833,0.980788360372665,0.985811639627335,0.9935,0.992178075912023,0.994821924087978,9935,9833,9267
