"method","distribution","seed","N","n1","n2","delta","sd1","sd2","null","power0.01","l_CI","u_CI","power0.05","l_CI","u_CI","power0.10","l_CI","u_CI","ct_0.10","ct_0.05","ct_0.01"
"Gastwirth","Normal2Var",876670,10000,10,10,0.5,1,3,0,0.0459,0.0405092505236708,0.0512907494763292,0.1119,0.10572122970953,0.11807877029047,0.1855,0.179105841409976,0.191894158590024,1855,1119,459
"Gastwirth","Normal2Var",1767240,10000,10,10,1.5,1,3,0,0.1532,0.143921758637038,0.162478241362962,0.314,0.304903319251507,0.323096680748493,0.4081,0.400015123883449,0.416184876116551,4081,3140,1532
"Gastwirth","Normal2Var",145488515,10000,10,10,2,1,3,0,0.2302,0.219356050867064,0.241043949132936,0.4318,0.422091592322033,0.441508407677967,0.5324,0.524192286717995,0.540607713282005,5324,4318,2302
"Gastwirth","Normal2Var",29597,10000,10,10,2.5,1,3,0,0.3518,0.33949877705622,0.36410122294378,0.5793,0.569624039392308,0.588975960607692,0.67,0.662265000791855,0.677734999208145,6700,5793,3518
"Gastwirth","Normal2Var",57958,10000,10,10,0.5,3,5,0,0.0927,0.0852293019893924,0.100170698010608,0.1719,0.164505047273823,0.179294952726177,0.3064,0.298816584969712,0.313983415030288,3064,1719,927
"Gastwirth","Normal2Var",1403328,10000,10,10,1.5,3,5,0,0.1519,0.142654119474444,0.161145880525556,0.2559,0.247347228555,0.264452771445,0.4013,0.393236843091458,0.409363156908542,4013,2559,1519
"Gastwirth","Normal2Var",162487,10000,10,10,2,3,5,0,0.2071,0.196661331232902,0.217538668767098,0.327,0.31780530177983,0.33619469822017,0.474,0.465786127727436,0.482213872272564,4740,3270,2071
"Gastwirth","Normal2Var",61639403,10000,10,10,2.5,3,5,0,0.2668,0.255406687764387,0.278193312235613,0.4036,0.39398386686415,0.41321613313585,0.5584,0.5502312963735,0.5665687036265,5584,4036,2668
"Gastwirth","Normal2Var",120031,10000,10,10,0.5,1,5,0,0.0154,0.012227978408588,0.018572021591412,0.0624,0.0576591396183393,0.0671408603816607,0.0923,0.0875385643364868,0.0970614356635131,923,624,154
"Gastwirth","Normal2Var",24574204,10000,10,10,1.5,1,5,0,0.0366,0.0317628481365432,0.0414371518634568,0.1185,0.112165294857691,0.124834705142309,0.1563,0.150326354918329,0.162273645081671,1563,1185,366
"Gastwirth","Normal2Var",17787,10000,10,10,2,1,5,0,0.0583,0.0522641780335122,0.0643358219664877,0.1642,0.156939043563166,0.171460956436834,0.2121,0.205375317461919,0.218824682538081,2121,1642,583
"Gastwirth","Normal2Var",8543450,10000,10,10,2.5,1,5,0,0.0897,0.0823390417995742,0.0970609582004258,0.231,0.222739140587082,0.239260859412918,0.283,0.275589991641199,0.290410008358801,2830,2310,897
"Gastwirth","Normal2Var",273027,10000,10,10,1,1,3,0,0.0833,0.0761816067749009,0.0904183932250991,0.1907,0.183000080441875,0.198399919558125,0.2801,0.272713162530286,0.287486837469714,2801,1907,833
"Gastwirth","Normal2Var",149072,10000,10,10,1,3,5,0,0.1161,0.107847917987665,0.124352082012335,0.2077,0.199749047707752,0.215650952292248,0.3464,0.338572720073895,0.354227279926105,3464,2077,1161
"Gastwirth","Normal2Var",228003,10000,10,10,1,1,5,0,0.0265,0.0223625117486088,0.0306374882513912,0.0875,0.0819616992678259,0.0930383007321741,0.1191,0.113771743934271,0.124428256065729,1191,875,265
"Gastwirth","Normal2Var",257003,10000,10,10,5,1,3,0,0.848,0.838751621854098,0.857248378145902,0.9678,0.964339994285323,0.971260005714677,0.9796,0.977274558737874,0.981925441262126,9796,9678,8480
"Gastwirth","Normal2Var",53186758,10000,10,10,5,3,5,0,0.6322,0.619778359188206,0.644621640811794,0.7923,0.784349047707752,0.800250952292248,0.8772,0.871800986701591,0.882599013298409,8772,7923,6322
"Gastwirth","Normal2Var",16551168,10000,10,10,5,1,5,0,0.3543,0.341978975304214,0.366621024695786,0.6432,0.633810520629896,0.652589479370104,0.6932,0.685613824999356,0.700786175000644,6932,6432,3543
"Gastwirth","Normal2Var",534064,10000,20,20,0.5,1,3,0,0.0107,0.00804965901805522,0.0133503409819448,0.0437,0.039693235034395,0.047706764965605,0.0748,0.0704725255415658,0.0791274744584342,748,437,107
"Gastwirth","Normal2Var",20156286,10000,20,20,1.5,1,3,0,0.0845,0.0773352112912103,0.0916647887087897,0.221,0.212867558703563,0.229132441296437,0.317,0.30934569285451,0.32465430714549,3170,2210,845
"Gastwirth","Normal2Var",2864147,10000,20,20,2,1,3,0,0.1898,0.179698401984117,0.199901598015883,0.3985,0.38890404837236,0.40809595162764,0.5058,0.497575553396617,0.514024446603383,5058,3985,1898
"Gastwirth","Normal2Var",354776563,10000,20,20,2.5,1,3,0,0.3177,0.305706604601628,0.329693395398372,0.5709,0.561199025787561,0.580600974212439,0.6748,0.667094005269376,0.682505994730624,6748,5709,3177
"Gastwirth","Normal2Var",369004,10000,20,20,0.5,3,5,0,0.0279,0.0236576799271644,0.0321423200728356,0.0909,0.0852656497348496,0.0965343502651504,0.1574,0.15140928038487,0.16339071961513,1574,909,279
"Gastwirth","Normal2Var",4524250,10000,20,20,1.5,3,5,0,0.0853,0.078104520937393,0.092495479062607,0.2065,0.198566048069215,0.214433951930785,0.3094,0.301796048398162,0.317003951601838,3094,2065,853
"Gastwirth","Normal2Var",327100,10000,20,20,2,3,5,0,0.1521,0.142849125625392,0.161350874374608,0.3256,0.316415467605675,0.334784532394325,0.436,0.427842657469494,0.444157342530506,4360,3256,1521
"Gastwirth","Normal2Var",206798,10000,20,20,2.5,3,5,0,0.2187,0.208051727359752,0.229348272640248,0.4187,0.40903041771897,0.42836958228103,0.5434,0.535206043144176,0.551593956855824,5434,4187,2187
"Gastwirth","Normal2Var",242303,10000,20,20,0.5,1,5,0,0.0018,0.000708079815840004,0.00289192018416,0.0082,0.00643243639956012,0.00996756360043988,0.0132,0.0113225540699131,0.0150774459300869,132,82,18
"Gastwirth","Normal2Var",270336073,10000,20,20,1.5,1,5,0,0.0093,0.00682737409756834,0.0117726259024317,0.0334,0.0298782972200369,0.0369217027799631,0.053,0.0493146492599075,0.0566853507400925,530,334,93
"Gastwirth","Normal2Var",105820,10000,20,20,2,1,5,0,0.0187,0.0152104649781015,0.0221895350218985,0.0643,0.0594923828852955,0.0691076171147045,0.0943,0.0894925593373631,0.0991074406626369,943,643,187
"Gastwirth","Normal2Var",14514366,10000,20,20,2.5,1,5,0,0.0354,0.0306398447362734,0.0401601552637266,0.1135,0.107282820990192,0.119717179009808,0.1578,0.151803097053987,0.163796902946013,1578,1135,354
"Gastwirth","Normal2Var",65951,10000,20,20,1,1,3,0,0.034,0.0293315374378282,0.0386684625621718,0.1016,0.0956784173272342,0.107521582672766,0.1566,0.150621687959373,0.162578312040627,1566,1016,340
"Gastwirth","Normal2Var",8738787,10000,20,20,1,3,5,0,0.0499,0.0442910600484384,0.0555089399515616,0.1441,0.13721665440426,0.150983345595741,0.2242,0.217339455367691,0.231060544632309,2242,1441,499
"Gastwirth","Normal2Var",127567,10000,20,20,1,1,5,0,0.0038,0.00221506693533891,0.00538493306466109,0.0155,0.013078804931444,0.017921195068556,0.0263,0.023667572848724,0.028932427151276,263,155,38
"Gastwirth","Normal2Var",221562021,10000,20,20,5,1,3,0,0.9359,0.929590577690363,0.942209422309637,0.9898,0.987830618372788,0.991769381627212,0.9954,0.994286875770141,0.996513124229859,9954,9898,9359
"Gastwirth","Normal2Var",6010631,10000,20,20,5,3,5,0,0.7111,0.699424245118199,0.722775754881801,0.8916,0.885506655362578,0.897693344637422,0.9438,0.940011441073455,0.947588558926544,9438,8916,7111
"Gastwirth","Normal2Var",66225,10000,20,20,5,1,5,0,0.3352,0.323039725767134,0.347360274232866,0.5961,0.586482713390649,0.605717286609351,0.674,0.666289107463464,0.681710892536536,6740,5961,3352
"Gastwirth","Normal2Var",300473,10000,100,100,0.5,1,3,0,4e-04,-0.000115096949693939,0.000915096949693939,0.0067,0.00510105439191948,0.00829894560808053,0.0222,0.0197763639374073,0.0246236360625927,222,67,4
"Gastwirth","Normal2Var",75104,10000,100,100,1.5,1,3,0,0.1495,0.140314482815562,0.158685517184438,0.422,0.412319980859523,0.431680019140477,0.606,0.597961956997502,0.614038043002498,6060,4220,1495
"Gastwirth","Normal2Var",27872085,10000,100,100,2,1,3,0,0.4967,0.483820280529455,0.509579719470545,0.8032,0.795407434376176,0.810992565623824,0.9091,0.904371170313177,0.913828829686823,9091,8032,4967
"Gastwirth","Normal2Var",13378854,10000,100,100,2.5,1,3,0,0.8511,0.84192970085989,0.86027029914011,0.9723,0.969083407101668,0.975516592898332,0.991,0.989446454475241,0.992553545524759,9910,9723,8511
"Gastwirth","Normal2Var",9554792,10000,100,100,0.5,3,5,0,0.0145,0.011420656237183,0.017579343762817,0.0697,0.0647090413600592,0.0746909586399408,0.1334,0.127806892592208,0.138993107407792,1334,697,145
"Gastwirth","Normal2Var",46250904,10000,100,100,1.5,3,5,0,0.2069,0.196465057051691,0.217334942948309,0.4642,0.454425152421772,0.473974847578228,0.6106,0.602578745870931,0.618621254129069,6106,4642,2069
"Gastwirth","Normal2Var",1811925,10000,100,100,2,3,5,0,0.4421,0.429306649546816,0.454893350453184,0.7268,0.718066187217395,0.735533812782605,0.8321,0.825951360774287,0.838248639225713,8321,7268,4421
"Gastwirth","Normal2Var",355205,10000,100,100,2.5,3,5,0,0.7054,0.693656975753189,0.717143024246811,0.9031,0.897301897601594,0.908898102398406,0.9563,0.952937179403867,0.959662820596133,9563,9031,7054
"Gastwirth","Normal2Var",82477078,10000,100,100,0.5,1,5,0,0,0,0,0,0,0,0,0,0,0,0,0
"Gastwirth","Normal2Var",225239938,10000,100,100,1.5,1,5,0,2e-04,-0.000164264981704253,0.000564264981704253,9e-04,0.000312264659561806,0.00148773534043819,0.0057,0.00446159684481386,0.00693840315518615,57,9,2
"Gastwirth","Normal2Var",924438,10000,100,100,2,1,5,0,6e-04,-3.07992327706179e-05,0.00123079923277062,0.0113,0.00922829668880894,0.0133717033111911,0.0362,0.0331273460722203,0.0392726539277797,362,113,6
"Gastwirth","Normal2Var",39828559,10000,100,100,2.5,1,5,0,0.0096,0.00708818996570521,0.0121118100342948,0.0566,0.0520708967344076,0.0611291032655924,0.1257,0.120246644871753,0.131153355128247,1257,566,96
"Gastwirth","Normal2Var",164245870,10000,100,100,1,1,3,0,0.0186,0.0151196304717022,0.0220803695282978,0.0998,0.0939252302995266,0.105674769700473,0.1992,0.192629890593422,0.205770109406578,1992,998,186
"Gastwirth","Normal2Var",17252540,10000,100,100,1,3,5,0,0.0671,0.0606549741243356,0.0735450258756644,0.2183,0.21020339420142,0.22639660579858,0.3344,0.326639214264934,0.342160785735066,3344,2183,671
"Gastwirth","Normal2Var",9594172,10000,100,100,1,1,5,0,0,0,0,1e-04,-9.59901997549877e-05,0.000295990199754988,7e-04,0.000264926265128542,0.00113507373487146,7,1,0
"Gastwirth","Normal2Var",1278956,10000,100,100,5,1,3,0,1,1,1,1,1,1,1,1,1,10000,10000,10000
"Gastwirth","Normal2Var",470068,10000,100,100,5,3,5,0,0.9997,0.999253890643434,1.00014610935657,1,1,1,1,1,1,10000,10000,9997
"Gastwirth","Normal2Var",53586377,10000,100,100,5,1,5,0,0.8102,0.800098401984117,0.820301598015883,0.9534,0.949268701232009,0.957531298767991,0.9832,0.981085822346538,0.985314177653462,9832,9534,8102
"Gastwirth","Normal2Var",113776,10000,10,100,0.5,1,3,0,0,0,0,0,0,0,0,0,0,0,0,0
"Gastwirth","Normal2Var",772481,10000,10,100,1.5,1,3,0,1e-04,-0.000157587119677984,0.000357587119677984,9e-04,0.000312264659561806,0.00148773534043819,0.003,0.002100348913467,0.003899651086533,30,9,1
"Gastwirth","Normal2Var",1951390,10000,10,100,2,1,3,0,0.0025,0.00121361100750978,0.00378638899249022,0.0115,0.00941025483850303,0.013589745161497,0.0257,0.0230969721467539,0.0283030278532461,257,115,25
"Gastwirth","Normal2Var",488211,10000,10,100,2.5,1,3,0,0.0165,0.0132184803218021,0.0197815196781979,0.0723,0.0672239136853674,0.0773760863146326,0.1329,0.127315774006366,0.138484225993634,1329,723,165
"Gastwirth","Normal2Var",68037764,10000,10,100,0.5,3,5,0,0,0,0,0.0018,0.00096919116422609,0.00263080883577391,0.0064,0.00508821795956798,0.00771178204043202,64,18,0
"Gastwirth","Normal2Var",15841371,10000,10,100,1.5,3,5,0,0.0012,0.00030818299620606,0.00209181700379394,0.014,0.0116971876672208,0.0163028123327792,0.029,0.0262395841259875,0.0317604158740125,290,140,12
"Gastwirth","Normal2Var",246450166,10000,10,100,2,3,5,0,0.0045,0.00277585912594127,0.00622414087405873,0.0234,0.0204370633907557,0.0263629366092443,0.0568,0.0529924819907977,0.0606075180092023,568,234,45
"Gastwirth","Normal2Var",188208842,10000,10,100,2.5,3,5,0,0.0115,0.00875347778774684,0.0142465222122532,0.0522,0.0478403695723605,0.0565596304276395,0.1102,0.105048865375871,0.115351134624129,1102,522,115
"Gastwirth","Normal2Var",3186429,10000,10,100,0.5,1,5,0,0,0,0,0,0,0,0,0,0,0,0,0
"Gastwirth","Normal2Var",177982,10000,10,100,1.5,1,5,0,0,0,0,0,0,0,0,0,0,0,0,0
"Gastwirth","Normal2Var",7524287,10000,10,100,2,1,5,0,0,0,0,0,0,0,0,0,0,0,0,0
"Gastwirth","Normal2Var",33957,10000,10,100,2.5,1,5,0,0,0,0,0,0,0,0,0,0,0,0,0
"Gastwirth","Normal2Var",315318401,10000,10,100,1,1,3,0,0,0,0,0,0,0,2e-04,-3.26148660339661e-05,0.000432614866033966,2,0,0
"Gastwirth","Normal2Var",1303655,10000,10,100,1,3,5,0,5e-04,-7.58670902213462e-05,0.00107586709022135,0.0043,0.00301750833078729,0.00558249166921271,0.014,0.0120672825064175,0.0159327174935825,140,43,5
"Gastwirth","Normal2Var",5154341,10000,10,100,1,1,5,0,0,0,0,0,0,0,0,0,0,0,0,0
"Gastwirth","Normal2Var",49284498,10000,10,100,5,1,3,0,0.9667,0.962078171410022,0.971321828589978,0.9927,0.991031498842194,0.994368501157806,0.9967,0.995756579951042,0.997643420048958,9967,9927,9667
"Gastwirth","Normal2Var",95912,10000,10,100,5,3,5,0,0.3157,0.303726905241944,0.327673094758056,0.5676,0.557889980381153,0.577310019618847,0.6962,0.688634688816718,0.703765311183283,6962,5676,3157
"Gastwirth","Normal2Var",290350491,10000,10,100,5,1,5,0,0.0343,0.0296117146770513,0.0389882853229487,0.1037,0.0977245289349207,0.109675471065079,0.1711,0.164904990497507,0.177295009502493,1711,1037,343
