"method","distribution","seed","N","n1","n2","delta","sd","g1","g2","h","null","power0.01","l_CI","u_CI","power0.05","l_CI","u_CI","power0.10","l_CI","u_CI","ct_0.10","ct_0.05","ct_0.01"
"BM","ghEqualK",86739,10000,10,10,0,3,1,1,0.2,1,0.0174,0.01403171475587,0.02076828524413,0.0584,0.0538038338508709,0.0629961661491291,0.1045,0.099467812175666,0.109532187824334,1045,584,174
"BM","ghEqualK",485659,10000,10,10,0,3,3,3,0.2,1,0.0142,0.0111522142245991,0.0172477857754009,0.0565,0.0519746596547884,0.0610253403452116,0.1033,0.0982934374328513,0.108306562567149,1033,565,142
"BM","ghEqualK",19864238,10000,10,10,0,3,-3,-3,0.2,1,0.0156,0.0124077715753311,0.0187922284246689,0.0543,0.0498584691736294,0.0587415308263706,0.0993,0.0943803907670654,0.104219609232935,993,543,156
"BM","ghEqualK",67042703,10000,10,10,0,3,-1,-1,0.2,1,0.0152015201520152,0.0120496882048886,0.0183533520991418,0.0564056405640564,0.0518838545397841,0.0609274265883287,0.1002100210021,0.0952704178975361,0.105149624106664,1002,564,152
"BM","ghEqualK",25391660,10000,10,10,0.5,3,1,1,0.2,0,0.0217,0.0179467131918895,0.0254532868081105,0.0723,0.0672239136853674,0.0773760863146326,0.1233,0.117891548446295,0.128708451553705,1233,723,217
"BM","ghEqualK",143429095,10000,10,10,0.5,3,3,3,0.2,0,0.0426042604260426,0.037401688185798,0.0478068326662872,0.114611461146115,0.108367832796352,0.120855089495878,0.181618161816182,0.175276201333291,0.187960122299072,1816,1146,426
"BM","ghEqualK",12404203,10000,10,10,0.5,3,1,3,0.2,0,0.0676270508203281,0.0611585905447732,0.0740955110958831,0.159263705482193,0.152091637830382,0.166435773134004,0.238195278111244,0.231187920102023,0.245202636120466,2381,1592,676
"BM","ghEqualK",37029,10000,10,10,0.5,3,-1,1,0.2,0,0.0808080808080808,0.0737874464721443,0.0878287151440173,0.185618561856186,0.177998110304705,0.193239013407666,0.268926892689269,0.261632931913703,0.276220853464835,2689,1856,808
"BM","ghEqualK",21985079,10000,10,10,0.5,3,-3,3,0.2,0,0.215121512151215,0.204536557720284,0.225706466582147,0.404340434043404,0.394721460766753,0.413959407320056,0.503950395039504,0.495725651755975,0.512175138323033,5039,4043,2151
"BM","ghEqualK",1962161,10000,10,10,0.5,3,-1,3,0.2,0,0.149014901490149,0.139841684086305,0.158188118893993,0.301730173017302,0.292733600596425,0.310726745438179,0.404240424042404,0.396167678034212,0.412313170050596,4042,3017,1490
"BM","ghEqualK",324812772,10000,10,10,0.5,3,1,-3,0.2,0,0.0411041104110411,0.0359899515553756,0.0462182692667066,0.112311231123112,0.106122551111522,0.118499911134703,0.178317831783178,0.172021099617451,0.184614563948906,1783,1123,411
"BM","ghEqualK",80930462,10000,10,10,1,3,1,1,0.2,0,0.0497049704970497,0.0441064277609387,0.0553035132331607,0.126712671267127,0.120192715131469,0.133232627402785,0.199219921992199,0.192649565784425,0.205790278199974,1992,1267,497
"BM","ghEqualK",271051080,10000,10,10,1,3,3,3,0.2,0,0.0942565539323594,0.0867298603206032,0.101783247544116,0.202921753051831,0.195039128301441,0.210804377802222,0.296477886732039,0.288965102225781,0.303990671238298,2963,2028,942
"BM","ghEqualK",78470580,10000,10,10,1,3,1,3,0.2,0,0.117393915132106,0.109102052271298,0.125685777992913,0.248999199359488,0.24052350579273,0.257474892926245,0.349779823859087,0.341934813880279,0.357624833837896,3495,2488,1173
"BM","ghEqualK",17869,10000,10,10,1,3,-1,1,0.2,0,0.1444,0.135345492282047,0.153454507717953,0.2905,0.281601734912917,0.299398265087083,0.3965,0.388453145746978,0.404546854253022,3965,2905,1444
"BM","ghEqualK",235786,10000,10,10,1,3,-3,3,0.2,0,0.39585211902615,0.383254630426337,0.408449607625962,0.601342550846609,0.59174595995677,0.610939141736447,0.688708546237852,0.681091839452161,0.696325253023543,6874,6002,3951
"BM","ghEqualK",1425953,10000,10,10,1,3,-1,3,0.2,0,0.262062062062062,0.250733941698342,0.273390182425782,0.443743743743744,0.434005970725641,0.453481516761846,0.562262262262262,0.554101281301409,0.570423243223115,5617,4433,2618
"BM","ghEqualK",177441358,10000,10,10,1,3,1,-3,0.2,0,0.0248,0.0207939298916649,0.0288060701083351,0.0713,0.0662564241207651,0.0763435758792349,0.1203,0.114948617280013,0.125651382719987,1203,713,248
"BM","ghEqualK",5624425,10000,10,10,1.5,3,1,1,0.2,0,0.0904723779023219,0.0830829331280255,0.0978618226766182,0.208466773418735,0.200505013662544,0.216428533174926,0.302942353883106,0.2953830770923,0.310501630673913,3027,2083,904
"BM","ghEqualK",7194288,10000,10,10,1.5,3,3,3,0.2,0,0.147880973850316,0.138736638578932,0.1570253091217,0.290952810339645,0.282050455116351,0.29985516556294,0.398457068430017,0.390403469758279,0.406510667101755,3977,2904,1476
"BM","ghEqualK",91291,10000,10,10,1.5,3,1,3,0.2,0,0.18937343358396,0.179280537500221,0.199466329667698,0.365714285714286,0.35627433995173,0.375154231476842,0.482205513784461,0.473985724224355,0.490425303344568,4810,3648,1889
"BM","ghEqualK",111508,10000,10,10,1.5,3,-1,1,0.2,0,0.25755151030206,0.246287032248267,0.268815988355854,0.447189437887578,0.437444254725297,0.456934621049858,0.559811962392479,0.551646023839832,0.567977900945125,5597,4471,2575
"BM","ghEqualK",152979,10000,10,10,1.5,3,-3,3,0.2,0,0.70019128158663,0.688388718320538,0.711993844852723,0.854625994160878,0.847717434708821,0.861534553612934,0.90899023457163,0.904258836281796,0.913721632861464,9029,8489,6955
"BM","ghEqualK",33705,10000,10,10,1.5,3,-1,3,0.2,0,0.429444778512728,0.41669365759563,0.442195899429826,0.627480457005412,0.618004333678826,0.636956580331998,0.728202044497895,0.720883664734233,0.735520424261558,7266,6261,4285
"BM","ghEqualK",25418,10000,10,10,1.5,3,1,-3,0.2,0,0.016,0.0127677614979089,0.0192322385020911,0.0548,0.0503392466831711,0.0592607533168289,0.105,0.0999571962225861,0.110042803777414,1050,548,160
"BM","ghEqualK",4924695,10000,10,10,2,3,1,1,0.2,0,0.159395637382429,0.149966327818696,0.168824946946163,0.307784670802482,0.298737762870165,0.316831578734798,0.421452871723034,0.413329996498232,0.429575746947836,4212,3076,1593
"BM","ghEqualK",150257,10000,10,10,2,3,3,3,0.2,0,0.198111312035363,0.187843981598083,0.208378642472642,0.375426964034559,0.365935998035559,0.384917930033559,0.49507735583685,0.48685275446991,0.503301957203789,4928,3737,1972
"BM","ghEqualK",142973,10000,10,10,2,3,1,3,0.2,0,0.268824771287825,0.257404110407418,0.280245432168233,0.464763245199558,0.454987611417237,0.474538878981879,0.587413290439328,0.579314961676922,0.595511619201735,5843,4623,2674
"BM","ghEqualK",458836,10000,10,10,2,3,-1,1,0.2,0,0.403304957436154,0.390668106758209,0.4159418081141,0.603405107661492,0.593816973091835,0.612993242231149,0.7135703555333,0.706133432549613,0.721007278516987,7125,6025,4027
"BM","ghEqualK",1849905,10000,10,10,2,3,-3,3,0.2,0,0.963692453725676,0.958873935149831,0.968510972301522,0.99311817750356,0.991497829605094,0.994738525402025,0.997508305647841,0.996688196707343,0.998328414588338,8407,8370,8122
"BM","ghEqualK",24074526,10000,10,10,2,3,-1,3,0.2,0,0.613643254168772,0.60110035039149,0.626186157946055,0.788883274381,0.780884494118658,0.796882054643343,0.865083375442143,0.859463487980087,0.870703262904198,8560,7806,6072
"BM","ghEqualK",4993780,10000,10,10,2,3,1,-3,0.2,0,0.0206,0.016941024355142,0.024258975644858,0.0612,0.0565019425536079,0.0658980574463921,0.1089,0.103775599510579,0.114024400489421,1089,612,206
"BM","ghEqualK",99227018,10000,10,10,2.5,3,1,1,0.2,0,0.235170340681363,0.224245389791599,0.246095291571126,0.414629258517034,0.404973163078953,0.424285353955115,0.535470941883768,0.527266665178414,0.543675218589121,5344,4138,2347
"BM","ghEqualK",216147311,10000,10,10,2.5,3,3,3,0.2,0,0.25715149073328,0.245892732070111,0.268410249396448,0.447119258662369,0.437374221698691,0.456864295626047,0.568593875906527,0.560446642767841,0.576741109045213,5645,4439,2553
"BM","ghEqualK",20368,10000,10,10,2.5,3,1,3,0.2,0,0.348498635122839,0.336224127939189,0.360773142306489,0.557678697806086,0.54794412210144,0.567413273510733,0.680820948336872,0.673152640349856,0.688489256323888,6734,5516,3447
"BM","ghEqualK",79905,10000,10,10,2.5,3,-1,1,0.2,0,0.582873205501456,0.570171356417502,0.59557505458541,0.767392832044975,0.759111952119135,0.775673711970816,0.84740487902821,0.841489511863609,0.853320246192811,8441,7644,5806
"BM","ghEqualK",11444410,10000,10,10,2.5,3,-3,3,0.2,0,0.992084432717678,0.989801667752677,0.994367197682679,0.999296394019349,0.998776675739174,0.999816112299525,0.999824098504837,0.999605944862782,1.00004225214689,5684,5681,5640
"BM","ghEqualK",3617795,10000,10,10,2.5,3,-1,3,0.2,0,0.800391995048484,0.790095576129534,0.810688413967433,0.921291520528162,0.916013569337644,0.92656947171868,0.954507943057561,0.951080080007133,0.95793580610799,9253,8931,7759
"BM","ghEqualK",77441,10000,10,10,2.5,3,1,-3,0.2,0,0.0302211548083659,0.0258111634388583,0.0346311461778734,0.0786550585409787,0.0733787458106436,0.0839313712713138,0.132893025117582,0.127308923203166,0.138477127031999,1328,786,302
"BM","ghEqualK",4271760,10000,20,20,0,3,1,1,0.2,1,0.0126,0.00972672170157083,0.0154732782984292,0.054,0.0495700531109279,0.0584299468890721,0.1013,0.0963366146349719,0.106263385365028,1013,540,126
"BM","ghEqualK",160472,10000,20,20,0,3,3,3,0.2,1,0.0119,0.00910668580069051,0.0146933141993095,0.055,0.0505315868588502,0.0594684131411498,0.1015,0.0965322702222872,0.106467729777713,1015,550,119
"BM","ghEqualK",24198,10000,20,20,0,3,-3,-3,0.2,1,0.0125,0.00963800139762438,0.0153619986023756,0.0508,0.0464960542129808,0.0551039457870192,0.0994,0.09447818749005,0.10432181250995,994,508,125
"BM","ghEqualK",12795465,10000,20,20,0,3,-1,-1,0.2,1,0.0137,0.0107055941757577,0.0166944058242423,0.0559,0.0513973211317706,0.0604026788682294,0.1014,0.0964344416810292,0.106365558318971,1014,559,137
"BM","ghEqualK",40685,10000,20,20,0.5,3,1,1,0.2,0,0.0279,0.0236576799271644,0.0321423200728356,0.0921,0.0864323255761821,0.0977676744238179,0.1553,0.149341967371626,0.161258032628374,1553,921,279
"BM","ghEqualK",800635,10000,20,20,0.5,3,3,3,0.2,0,0.0699,0.0633317561364834,0.0764682438635166,0.1847,0.177094141522116,0.192305858477884,0.2703,0.262994312384123,0.277605687615877,2703,1847,699
"BM","ghEqualK",33132507,10000,20,20,0.5,3,1,3,0.2,0,0.1152,0.106975781213556,0.123424218786444,0.2681,0.259417788683613,0.276782211316387,0.3774,0.369426088552843,0.385373911447157,3774,2681,1152
"BM","ghEqualK",2263165,10000,20,20,0.5,3,-1,1,0.2,0,0.1496,0.140411951453133,0.158788048546867,0.3133,0.30420882971573,0.32239117028427,0.4252,0.417067559210889,0.433332440789111,4252,3133,1496
"BM","ghEqualK",138944,10000,20,20,0.5,3,-3,3,0.2,0,0.4535,0.440675820520033,0.466324179479967,0.6569,0.647595006773651,0.666204993226349,0.7561,0.749035825454735,0.763164174545265,7561,6569,4535
"BM","ghEqualK",178559,10000,20,20,0.5,3,-1,3,0.2,0,0.2967,0.284932751077336,0.308467248922664,0.5024,0.49260011289665,0.51219988710335,0.619,0.611011344105702,0.626988655894298,6190,5024,2967
"BM","ghEqualK",98002004,10000,20,20,0.5,3,1,-3,0.2,0,0.0666,0.0601773113184163,0.0730226886815838,0.1713,0.163915290388268,0.178684709611732,0.2565,0.2493162688024,0.2636837311976,2565,1713,666
"BM","ghEqualK",8487404,10000,20,20,1,3,1,1,0.2,0,0.0822,0.0751245218501351,0.0892754781498649,0.1994,0.191568833796784,0.207231166203216,0.2902,0.28273409251759,0.29766590748241,2902,1994,822
"BM","ghEqualK",408087,10000,20,20,1,3,3,3,0.2,0,0.1687,0.15905322186774,0.17834677813226,0.3504,0.341048933871777,0.359751066128223,0.4694,0.461190417571941,0.477609582428059,4694,3504,1687
"BM","ghEqualK",644044,10000,20,20,1,3,1,3,0.2,0,0.2418,0.230770244205687,0.252829755794313,0.4532,0.443443023142305,0.462956976857695,0.574,0.56586557895668,0.582134421043319,5740,4532,2418
"BM","ghEqualK",3476161,10000,20,20,1,3,-1,1,0.2,0,0.3,0.288195285009794,0.311804714990206,0.5173,0.507505867840712,0.527094132159288,0.6303,0.622359199574301,0.638240800425699,6303,5173,3000
"BM","ghEqualK",253054,10000,20,20,1,3,-3,3,0.2,0,0.7198,0.708231265737096,0.731368734262904,0.8722,0.865656207201813,0.878743792798187,0.9234,0.919025028560653,0.927774971439347,9234,8722,7198
"BM","ghEqualK",15591594,10000,20,20,1,3,-1,3,0.2,0,0.5173,0.504427712019221,0.530172287980779,0.7218,0.713016996151566,0.730583003848434,0.8119,0.805471471542415,0.818328528457585,8119,7218,5173
"BM","ghEqualK",17044631,10000,20,20,1,3,1,-3,0.2,0,0.0255,0.0214392442248271,0.0295607557751729,0.084,0.0785631988228371,0.0894368011771629,0.1471,0.141273318276414,0.152926681723586,1471,840,255
"BM","ghEqualK",98079,10000,20,20,1.5,3,1,1,0.2,0,0.1778,0.167950810958073,0.187649189041927,0.3713,0.361830211573134,0.380769788426866,0.4903,0.482076547926158,0.498523452073842,4903,3713,1778
"BM","ghEqualK",17623482,10000,20,20,1.5,3,3,3,0.2,0,0.2952,0.283450023907254,0.306949976092746,0.5059,0.496100682299752,0.515699317700248,0.6277,0.619747778199913,0.635652221800087,6277,5059,2952
"BM","ghEqualK",148902361,10000,20,20,1.5,3,1,3,0.2,0,0.3897,0.37713730700859,0.40226269299141,0.6198,0.610285457430144,0.629314542569856,0.7297,0.722394312384123,0.737005687615877,7297,6198,3897
"BM","ghEqualK",277311,10000,20,20,1.5,3,-1,1,0.2,0,0.5185,0.505628819379466,0.531371180620534,0.7262,0.717460211649611,0.734939788350389,0.8164,0.81003125678398,0.82276874321602,8164,7262,5185
"BM","ghEqualK",160513,10000,20,20,1.5,3,-3,3,0.2,0,0.9572,0.951986023274964,0.962413976725036,0.9869,0.984671419666604,0.989128580333396,0.9935,0.992178075912023,0.994821924087978,9935,9869,9572
"BM","ghEqualK",7112963,10000,20,20,1.5,3,-1,3,0.2,0,0.7511,0.739962000655813,0.762237999344187,0.8943,0.888273916011073,0.900326083988927,0.9381,0.934135980385395,0.942064019614605,9381,8943,7511
"BM","ghEqualK",19894945,10000,20,20,1.5,3,1,-3,0.2,0,0.0133,0.0103490337449683,0.0162509662550317,0.0536,0.0491855578284001,0.0580144421715999,0.1019,0.0969235993001995,0.106876400699801,1019,536,133
"BM","ghEqualK",11275057,10000,20,20,2,3,1,1,0.2,0,0.3285,0.316401360004761,0.340598639995239,0.5473,0.537543949432603,0.557056050567397,0.6653,0.657537483788373,0.673062516211627,6653,5473,3285
"BM","ghEqualK",25789,10000,20,20,2,3,3,3,0.2,0,0.4264,0.413660305078853,0.439139694921147,0.6539,0.644575779403811,0.663224220596189,0.7587,0.751661508260162,0.765738491739839,7587,6539,4264
"BM","ghEqualK",293682,10000,20,20,2,3,1,3,0.2,0,0.5534,0.540593666853508,0.566206333146492,0.758,0.749605431889609,0.766394568110391,0.8421,0.836101553344992,0.848098446655008,8421,7580,5534
"BM","ghEqualK",23087836,10000,20,20,2,3,-1,1,0.2,0,0.7428,0.731540547104889,0.754059452895111,0.8868,0.880589992466865,0.893010007533136,0.9326,0.928475763551019,0.936724236448981,9326,8868,7428
"BM","ghEqualK",62926,10000,20,20,2,3,-3,3,0.2,0,1,1,1,1,1,1,1,1,1,9843,9843,9843
"BM","ghEqualK",362542126,10000,20,20,2,3,-1,3,0.2,0,0.9259,0.919152591487234,0.932647408512766,0.9794,0.976615996791956,0.982184003208044,0.9902,0.988579532216951,0.991820467783049,9902,9794,9259
"BM","ghEqualK",13140497,10000,20,20,2,3,1,-3,0.2,0,0.0169,0.0135796179373958,0.0202203820626042,0.0663,0.0614234069546865,0.0711765930453135,0.1188,0.113477552738411,0.124122447261589,1188,663,169
"BM","ghEqualK",742657,10000,20,20,2.5,3,1,1,0.2,0,0.4808,0.46792949966965,0.49367050033035,0.7074,0.698482856410352,0.716317143589648,0.7986,0.792002790308085,0.805197209691915,7986,7074,4808
"BM","ghEqualK",14580487,10000,20,20,2.5,3,3,3,0.2,0,0.542154215421542,0.529320072003121,0.554988358839963,0.749274927492749,0.740779689417056,0.757770165568442,0.838083808380838,0.832024057540305,0.844143559221371,8380,7492,5421
"BM","ghEqualK",47420175,10000,20,20,2.5,3,1,3,0.2,0,0.679235847169434,0.667211844293107,0.691259850045761,0.854870974194839,0.847967248978879,0.861774699410799,0.914682936587317,0.910087580812156,0.919278292362479,9145,8547,6791
"BM","ghEqualK",17163600,10000,20,20,2.5,3,-1,1,0.2,0,0.9017,0.894030736624373,0.909369263375627,0.9707,0.967394536268298,0.974005463731702,0.9863,0.984387811498106,0.988212188501894,9863,9707,9017
"BM","ghEqualK",249107494,10000,20,20,2.5,3,-3,3,0.2,0,1,1,1,1,1,1,1,1,1,8596,8596,8596
"BM","ghEqualK",4061401,10000,20,20,2.5,3,-1,3,0.2,0,0.987991594115881,0.985185739510922,0.99079744872084,0.998098669068348,0.997244838564373,0.998952499572323,0.999399579705794,0.998996618567177,0.999802540844412,9987,9974,9873
"BM","ghEqualK",592418,10000,20,20,2.5,3,1,-3,0.2,0,0.0348,0.030078889806063,0.039521110193937,0.1039,0.0979194368052499,0.10988056319475,0.1678,0.16165282274504,0.17394717725496,1678,1039,348
"BM","ghEqualK",1187209,10000,100,100,0,3,1,1,0.2,1,0.0103,0.00769914430765258,0.0129008556923474,0.0493,0.0450567240295262,0.0535432759704738,0.0958,0.090958489164331,0.100641510835669,958,493,103
"BM","ghEqualK",187053,10000,100,100,0,3,3,3,0.2,1,0.0111,0.00840112023907993,0.0137988797609201,0.0489,0.0446730842489588,0.0531269157510412,0.0971,0.0922292555565935,0.101970744443406,971,489,111
"BM","ghEqualK",171685260,10000,100,100,0,3,-3,-3,0.2,1,0.0111,0.00840112023907993,0.0137988797609201,0.0505,0.0462081034541825,0.0547918965458175,0.0981,0.0932069506108179,0.102993049389182,981,505,111
"BM","ghEqualK",246260221,10000,100,100,0,3,-1,-1,0.2,1,0.0086,0.00622141025800917,0.0109785897419908,0.0483,0.0440977714272543,0.0525022285727457,0.0986,0.0936958568720825,0.103504143127917,986,483,86
"BM","ghEqualK",85714268,10000,100,100,0.5,3,1,1,0.2,0,0.0915,0.0840729068379076,0.0989270931620924,0.2367,0.22836889071386,0.245031109286139,0.3417,0.333898101082507,0.349501898917493,3417,2367,915
"BM","ghEqualK",1390234,10000,100,100,0.5,3,3,3,0.2,0,0.3862,0.373658039303767,0.398741960696233,0.618,0.608476820060505,0.627523179939495,0.7279,0.720579073732923,0.735220926267077,7279,6180,3862
"BM","ghEqualK",171806088,10000,100,100,0.5,3,1,3,0.2,0,0.6611,0.648906869507961,0.67329313049204,0.8405,0.833323622532224,0.847676377467776,0.9071,0.902324692499119,0.911875307500882,9071,8405,6611
"BM","ghEqualK",290150595,10000,100,100,0.5,3,-1,1,0.2,0,0.7426,0.731337686755794,0.753862313244206,0.8951,0.889094079294696,0.901105920705304,0.9405,0.936608618722179,0.944391381277821,9405,8951,7426
"BM","ghEqualK",53599314,10000,100,100,0.5,3,-3,3,0.2,0,0.9945,0.992594848148414,0.996405151851586,0.9989,0.998250299171618,0.999549700828382,0.9997,0.999415120383714,0.999984879616286,9997,9989,9945
"BM","ghEqualK",21476001,10000,100,100,0.5,3,-1,3,0.2,0,0.9639,0.959094755948351,0.968705244051649,0.9899,0.987940196989899,0.991859803010101,0.9955,0.99439898612662,0.99660101387338,9955,9899,9639
"BM","ghEqualK",120640934,10000,100,100,0.5,3,1,-3,0.2,0,0.3158,0.303825884127839,0.327774115872161,0.5472,0.537443763379991,0.556956236620009,0.6573,0.649492629836637,0.665107370163363,6573,5472,3158
"BM","ghEqualK",2620026,10000,100,100,1,3,1,1,0.2,0,0.4721,0.459240067474501,0.484959932525499,0.7006,0.691623293293061,0.709576706706939,0.7989,0.792306467546074,0.805493532453926,7989,7006,4721
"BM","ghEqualK",13853144,10000,100,100,1,3,3,3,0.2,0,0.8283,0.818585401928647,0.838014598071353,0.9426,0.938040935512805,0.947159064487195,0.9702,0.967402921406914,0.972997078593086,9702,9426,8283
"BM","ghEqualK",48640304,10000,100,100,1,3,1,3,0.2,0,0.9395,0.933358535607072,0.945641464392928,0.9833,0.980788360372665,0.985811639627335,0.9936,0.992288217959568,0.994911782040432,9936,9833,9395
"BM","ghEqualK",69576,10000,100,100,1,3,-1,1,0.2,0,0.9685,0.96400063787561,0.972999362124391,0.9926,0.990920194237895,0.994279805762105,0.9972,0.996330767305953,0.998069232694047,9972,9926,9685
"BM","ghEqualK",425419,10000,100,100,1,3,-3,3,0.2,0,1,1,1,1,1,1,1,1,1,10000,10000,10000
"BM","ghEqualK",13087842,10000,100,100,1,3,-1,3,0.2,0,0.9989,0.998046107482698,0.999753892517302,1,1,1,1,1,1,10000,10000,9989
"BM","ghEqualK",9530929,10000,100,100,1,3,1,-3,0.2,0,0.0717,0.0650541641254139,0.0783458358745861,0.1938,0.186052628982061,0.201547371017939,0.2919,0.284421228799463,0.299378771200537,2919,1938,717
"BM","ghEqualK",93704,10000,100,100,1.5,3,1,1,0.2,0,0.8523,0.843160291375624,0.861439708624376,0.9532,0.949060279550308,0.957339720449692,0.9783,0.975903200000256,0.980696799999744,9783,9532,8523
"BM","ghEqualK",74941566,10000,100,100,1.5,3,3,3,0.2,0,0.9748,0.970762580378398,0.978837419621602,0.9952,0.993845335113912,0.996554664886088,0.9984,0.997742526610729,0.999057473389271,9984,9952,9748
"BM","ghEqualK",221115509,10000,100,100,1.5,3,1,3,0.2,0,0.995,0.993183052405819,0.996816947594181,0.9988,0.99812144358407,0.99947855641593,0.9997,0.999415120383714,0.999984879616286,9997,9988,9950
"BM","ghEqualK",180811,10000,100,100,1.5,3,-1,1,0.2,0,0.9991,0.998327547838281,0.999872452161719,1,1,1,1,1,1,10000,10000,9991
"BM","ghEqualK",12731971,10000,100,100,1.5,3,-3,3,0.2,0,1,1,1,1,1,1,1,1,1,10000,10000,10000
"BM","ghEqualK",5999054,10000,100,100,1.5,3,-1,3,0.2,0,1,1,1,1,1,1,1,1,1,10000,10000,10000
"BM","ghEqualK",29557141,10000,100,100,1.5,3,1,-3,0.2,0,0.0118,0.00901830642683706,0.0145816935731629,0.0564,0.0518784265563413,0.0609215734436587,0.1082,0.103090089816063,0.113309910183937,1082,564,118
"BM","ghEqualK",163874,10000,100,100,2,3,1,1,0.2,0,0.9795,0.975849729830054,0.983150270169946,0.9957,0.994417508330787,0.996982491669213,0.9986,0.997984928362628,0.999215071637372,9986,9957,9795
"BM","ghEqualK",19893730,10000,100,100,2,3,3,3,0.2,0,0.9962,0.994615066935339,0.997784933064661,0.9997,0.99936056896783,1.00003943103217,0.9999,0.999735508225206,1.00006449177479,9999,9997,9962
"BM","ghEqualK",97610478,10000,100,100,2,3,1,3,0.2,0,0.9998,0.999435735018296,1.0001642649817,1,1,1,1,1,1,10000,10000,9998
"BM","ghEqualK",28623649,10000,100,100,2,3,-1,1,0.2,0,1,1,1,1,1,1,1,1,1,10000,10000,10000
"BM","ghEqualK",59105,10000,100,100,2,3,-3,3,0.2,0,1,1,1,1,1,1,1,1,1,10000,10000,10000
"BM","ghEqualK",34845433,10000,100,100,2,3,-1,3,0.2,0,1,1,1,1,1,1,1,1,1,10000,10000,10000
"BM","ghEqualK",11492415,10000,100,100,2,3,1,-3,0.2,0,0.032,0.02746624,0.03653376,0.1106,0.104452731290858,0.116747268709142,0.1829,0.176540684669481,0.189259315330519,1829,1106,320
"BM","ghEqualK",26884,10000,100,100,2.5,3,1,1,0.2,0,0.9988,0.997908182996206,0.999691817003794,1,1,1,1,1,1,10000,10000,9988
"BM","ghEqualK",3548982,10000,100,100,2.5,3,3,3,0.2,0,0.9997,0.999253890643434,1.00014610935657,1,1,1,1,1,1,10000,10000,9997
"BM","ghEqualK",25695,10000,100,100,2.5,3,1,3,0.2,0,1,1,1,1,1,1,1,1,1,10000,10000,10000
"BM","ghEqualK",1685194,10000,100,100,2.5,3,-1,1,0.2,0,1,1,1,1,1,1,1,1,1,10000,10000,10000
"BM","ghEqualK",25415725,10000,100,100,2.5,3,-3,3,0.2,0,1,1,1,1,1,1,1,1,1,10000,10000,10000
"BM","ghEqualK",296997140,10000,100,100,2.5,3,-1,3,0.2,0,1,1,1,1,1,1,1,1,1,10000,10000,10000
"BM","ghEqualK",276733577,10000,100,100,2.5,3,1,-3,0.2,0,0.1331,0.124349771626199,0.141850228373801,0.3078,0.298752966955648,0.316847033044352,0.4269,0.418763377188601,0.435036622811399,4269,3078,1331
"BM","ghEqualK",2916710,10000,10,100,0,3,1,1,0.2,1,0.0131,0.0101710087046794,0.0160289912953206,0.0557,0.0512049071820929,0.0601950928179071,0.1015,0.0965322702222872,0.106467729777713,1015,557,131
"BM","ghEqualK",45948361,10000,10,100,0,3,3,3,0.2,1,0.0142,0.0111522142245991,0.0172477857754009,0.0568,0.0522633827975462,0.0613366172024538,0.1034,0.0983912940159059,0.108408705984094,1034,568,142
"BM","ghEqualK",5363134,10000,10,100,0,3,-3,-3,0.2,1,0.0178,0.014393912309817,0.021206087690183,0.0596,0.0549598126961943,0.0642401873038057,0.1036,0.0985870115508212,0.108612988449179,1036,596,178
"BM","ghEqualK",97064,10000,10,100,0,3,-1,-1,0.2,1,0.0176,0.0142127568787251,0.0209872431212749,0.0572,0.0526484022645229,0.0617515977354771,0.1066,0.101523463901921,0.111676536098079,1066,572,176
"BM","ghEqualK",4790418,10000,10,100,0.5,3,1,1,0.2,0,0.0249,0.0208860670792571,0.0289139329207429,0.0796,0.0742948103922291,0.0849051896077709,0.1354,0.129771627271484,0.141028372728516,1354,796,249
"BM","ghEqualK",2481741,10000,10,100,0.5,3,3,3,0.2,0,0.0458,0.0404148438125588,0.0511851561874412,0.1272,0.120669341176757,0.133730658823243,0.2032,0.196580847045852,0.209819152954148,2032,1272,458
"BM","ghEqualK",23684337,10000,10,100,0.5,3,1,3,0.2,0,0.0585,0.0524544759401355,0.0645455240598645,0.1692,0.1618514019257,0.1765485980743,0.2731,0.265770673194285,0.280429326805715,2731,1692,585
"BM","ghEqualK",19408866,10000,10,100,0.5,3,-1,1,0.2,0,0.0742,0.0674484047409271,0.0809515952590729,0.229,0.220764290835635,0.237235709164365,0.3555,0.347625968177015,0.363374031822985,3555,2290,742
"BM","ghEqualK",1387066,10000,10,100,0.5,3,-3,3,0.2,0,0.2681,0.256689093698463,0.279510906301537,0.5739,0.564207630755775,0.583592369244225,0.7208,0.713420430992639,0.728179569007361,7208,5739,2681
"BM","ghEqualK",197725144,10000,10,100,0.5,3,-1,3,0.2,0,0.1355,0.126683463595629,0.144316536404371,0.3564,0.347012867743214,0.365787132256786,0.5028,0.494575128969011,0.511024871030989,5028,3564,1355
"BM","ghEqualK",23767768,10000,10,100,0.5,3,1,-3,0.2,0,0.0233,0.0194139855331283,0.0271860144668717,0.0945,0.0887665477101488,0.100233452289851,0.1721,0.165890662317286,0.178309337682714,1721,945,233
"BM","ghEqualK",197352,10000,10,100,1,3,1,1,0.2,0,0.0593,0.0532158659050465,0.0653841340949535,0.1519,0.144865090904468,0.158934909095532,0.2346,0.227629336228801,0.241570663771199,2346,1519,593
"BM","ghEqualK",2234038,10000,10,100,1,3,3,3,0.2,0,0.0865,0.0792588392572461,0.0937411607427539,0.2117,0.203693139470579,0.219706860529421,0.3157,0.308054137858307,0.323345862141693,3157,2117,865
"BM","ghEqualK",28759592,10000,10,100,1,3,1,3,0.2,0,0.1198,0.11143501917386,0.12816498082614,0.2777,0.268921853619721,0.286478146380279,0.399,0.390944554084503,0.407055445915497,3990,2777,1198
"BM","ghEqualK",21835960,10000,10,100,1,3,-1,1,0.2,0,0.1747,0.164918662737334,0.184481337262666,0.4226,0.412918130880951,0.432281869119049,0.5701,0.561956236643359,0.578243763356641,5701,4226,1747
"BM","ghEqualK",30427,10000,10,100,1,3,-3,3,0.2,0,0.582458245824582,0.569754604792167,0.595161886856998,0.844784478447845,0.837687122141446,0.851881834754244,0.922192219221922,0.917785776356069,0.926598662087775,9221,8447,5824
"BM","ghEqualK",1225709,10000,10,100,1,3,-1,3,0.2,0,0.281928192819282,0.270337776110879,0.293518609527685,0.567656765676568,0.5579468979411,0.577366633412035,0.711171117111711,0.703715677313625,0.718626556909797,7111,5676,2819
"BM","ghEqualK",955781,10000,10,100,1,3,1,-3,0.2,0,0.0172,0.0138507878653606,0.0205492121346394,0.0563,0.0517821974490246,0.0608178025509754,0.1123,0.107106156129823,0.117493843870177,1123,563,172
"BM","ghEqualK",295404,10000,10,100,1.5,3,1,1,0.2,0,0.1103,0.102230336780484,0.118369663219516,0.248,0.239535704201766,0.256464295798234,0.3558,0.34792448007863,0.36367551992137,3558,2480,1103
"BM","ghEqualK",149925472,10000,10,100,1.5,3,3,3,0.2,0,0.136327265453091,0.127488088562402,0.145166442343779,0.30506101220244,0.296036520218702,0.314085504186179,0.423484696939388,0.415356575515843,0.431612818362933,4234,3050,1363
"BM","ghEqualK",356195376,10000,10,100,1.5,3,1,3,0.2,0,0.185937187437487,0.17591510558498,0.195959269289995,0.388477695539108,0.378924574798875,0.398030816279341,0.516803360672134,0.508583006690018,0.525023714654251,5167,3884,1859
"BM","ghEqualK",103979,10000,10,100,1.5,3,-1,1,0.2,0,0.3697,0.357265044439757,0.382134955560243,0.6586,0.649306085069983,0.667893914930017,0.7837,0.776927186989753,0.790472813010247,7837,6586,3697
"BM","ghEqualK",1351745,10000,10,100,1.5,3,-3,3,0.2,0,0.940594059405941,0.934504835934427,0.946683282877454,0.991799179917992,0.990031528663545,0.993566831172438,0.997599759975998,0.996794805338199,0.998404714613797,9975,9917,9405
"BM","ghEqualK",135201944,10000,10,100,1.5,3,-1,3,0.2,0,0.51035103510351,0.497473795426872,0.523228274780149,0.787578757875788,0.779561939577208,0.795595576174367,0.889288928892889,0.884127346415546,0.894450511370232,8892,7875,5103
"BM","ghEqualK",38004,10000,10,100,1.5,3,1,-3,0.2,0,0.0309,0.0264423148034272,0.0353576851965728,0.0621,0.0573697930769997,0.0668302069230003,0.112,0.106812221839747,0.117187778160253,1120,621,309
"BM","ghEqualK",5275785,10000,10,100,2,3,1,1,0.2,0,0.1886,0.178522931643027,0.198677068356973,0.3664,0.356956317268862,0.375843682731138,0.4917,0.48347613331858,0.49992386668142,4917,3664,1886
"BM","ghEqualK",925704,10000,10,100,2,3,3,3,0.2,0,0.198459537861358,0.188185419329174,0.208733656393543,0.398919675902771,0.38932202263826,0.408517329167281,0.525357607282185,0.51714319157802,0.533572022986349,5252,3988,1984
"BM","ghEqualK",202959,10000,10,100,2,3,1,3,0.2,0,0.268260956573944,0.256847880625723,0.279674032522165,0.503602161296778,0.493802415621172,0.513401906972384,0.631478887332399,0.623543346937773,0.639414427727026,6311,5033,2681
"BM","ghEqualK",106689,10000,10,100,2,3,-1,1,0.2,0,0.6139,0.60135864168266,0.62644135831734,0.8528,0.8458556184879,0.8597443815121,0.9266,0.922309972459867,0.930890027540133,9266,8528,6139
"BM","ghEqualK",125415206,10000,10,100,2,3,-3,3,0.2,0,0.999299649824912,0.998618172598644,0.999981127051181,1,1,1,1,1,1,9995,9995,9988
"BM","ghEqualK",574073,10000,10,100,2,3,-1,3,0.2,0,0.759307445956765,0.74829494356587,0.770319948347661,0.932445956765412,0.927526766958302,0.937365146572523,0.970076060848679,0.967273350755922,0.972878770941435,9693,9317,7587
"BM","ghEqualK",2468336,10000,10,100,2,3,1,-3,0.2,0,0.0491,0.0435338612444403,0.0546661387555597,0.0879,0.0823502715080466,0.0934497284919535,0.1394,0.133702321235529,0.145097678764471,1394,879,491
"BM","ghEqualK",76897,10000,10,100,2.5,3,1,1,0.2,0,0.274427442744274,0.262932678928151,0.285922206560398,0.486548654865487,0.476752201905644,0.496345107825329,0.614961496149615,0.606956853561648,0.622966138737582,6149,4865,2744
"BM","ghEqualK",2728296,10000,10,100,2.5,3,3,3,0.2,0,0.253604325190228,0.242396825286733,0.264811825093724,0.478574289146976,0.468783290878497,0.488365287415456,0.611233480176211,0.603214596786659,0.619252363565764,6105,4780,2533
"BM","ghEqualK",7753891,10000,10,100,2.5,3,1,3,0.2,0,0.359259259259259,0.346900040674436,0.371618477844082,0.606706706706707,0.597132479279586,0.616280934133827,0.723723723723724,0.716368022108231,0.731079425339217,7230,6061,3589
"BM","ghEqualK",36460,10000,10,100,2.5,3,-1,1,0.2,0,0.8408,0.83137538231354,0.85022461768646,0.9625,0.958776322382375,0.966223677617625,0.9847,0.982680873230633,0.986719126769367,9847,9625,8408
"BM","ghEqualK",6655729,10000,10,100,2.5,3,-3,3,0.2,0,0.999898311978849,0.999638560113926,1.00015806384377,1,1,1,1,1,1,9834,9834,9833
"BM","ghEqualK",120398731,10000,10,100,2.5,3,-1,3,0.2,0,0.924133092804169,0.917312230067699,0.930953955540639,0.987973541791942,0.985837067842689,0.990110015741195,0.996091401082381,0.995064978847217,0.997117823317546,9939,9858,9221
"BM","ghEqualK",301130,10000,10,100,2.5,3,1,-3,0.2,0,0.0883,0.0809910971735605,0.0956089028264396,0.1445,0.137608718322402,0.151391281677598,0.2135,0.20675915710431,0.22024084289569,2135,1445,883
