"method","distribution","seed","N","n1","n2","delta","sd","g1","g2","h","null","power0.01","l_CI","u_CI","power0.05","l_CI","u_CI","power0.10","l_CI","u_CI","ct_0.10","ct_0.05","ct_0.01"
"SmoothFixed_4_asymp","ghEqualK",5779618,10000,10,10,0,3,1,1,0.2,1,0.0029,0.00151479447287271,0.00428520552712729,0.029,0.0257109938522405,0.0322890061477595,0.0713,0.0670669988156422,0.0755330011843579,713,290,29
"SmoothFixed_4_asymp","ghEqualK",168793,10000,10,10,0,3,3,3,0.2,1,0.002,0.000849130376801959,0.00315086962319804,0.0309,0.0275082830026077,0.0342917169973923,0.0802,0.0757321376032939,0.0846678623967061,802,309,20
"SmoothFixed_4_asymp","ghEqualK",15186707,10000,10,10,0,3,-3,-3,0.2,1,0.0021,0.000920768647472431,0.00327923135252757,0.0283,0.0250497603015162,0.0315502396984838,0.0745,0.0701805122150451,0.0788194877849549,745,283,21
"SmoothFixed_4_asymp","ghEqualK",331313,10000,10,10,0,3,-1,-1,0.2,1,0.0023,0.00106601533457826,0.00353398466542174,0.0287,0.025427544767365,0.031972455232635,0.0783,0.073880821163522,0.082719178836478,783,287,23
"SmoothFixed_4_asymp","ghEqualK",9279858,10000,10,10,0.5,3,1,1,0.2,0,0.0026,0.00128820124431222,0.00391179875568778,0.0339,0.0303529528497072,0.0374470471502928,0.087,0.0823638132935029,0.091636186706497,870,339,26
"SmoothFixed_4_asymp","ghEqualK",1834562,10000,10,10,0.5,3,3,3,0.2,0,0.0139,0.0108841222153569,0.0169158777846431,0.1173,0.110993162507754,0.123606837492246,0.238,0.230994617284545,0.245005382715455,2380,1173,139
"SmoothFixed_4_asymp","ghEqualK",132920,10000,10,10,0.5,3,1,3,0.2,0,0.015,0.0118688086867775,0.0181311913132225,0.13,0.123408452685446,0.136591547314554,0.2687,0.261407985522726,0.275992014477274,2687,1300,150
"SmoothFixed_4_asymp","ghEqualK",42397217,10000,10,10,0.5,3,-1,1,0.2,0,0.0102,0.00761166986137858,0.0127883301386214,0.104,0.0980168933287129,0.109983106671287,0.2418,0.234756541816132,0.248843458183868,2418,1040,102
"SmoothFixed_4_asymp","ghEqualK",44281,10000,10,10,0.5,3,-3,3,0.2,0,0.0498,0.0441963881746773,0.0554036118253227,0.3494,0.340055102306478,0.358744897693522,0.6619,0.65411811733544,0.66968188266456,6619,3494,498
"SmoothFixed_4_asymp","ghEqualK",5331137,10000,10,10,0.5,3,-1,3,0.2,0,0.0298,0.0254198939478483,0.0341801060521517,0.2463,0.237855235654585,0.254744764345415,0.4807,0.47248112974462,0.48891887025538,4807,2463,298
"SmoothFixed_4_asymp","ghEqualK",36592657,10000,10,10,0.5,3,1,-3,0.2,0,0.045,0.0396598457550367,0.0503401542449633,0.2752,0.266446345961051,0.283953654038949,0.4815,0.473280631940692,0.489719368059308,4815,2752,450
"SmoothFixed_4_asymp","ghEqualK",149627,10000,10,10,1,3,1,1,0.2,0,0.0042,0.0025340707064416,0.0058659292935584,0.0506,0.0463040823911066,0.0548959176088934,0.1221,0.116714249148635,0.127485750851365,1221,506,42
"SmoothFixed_4_asymp","ghEqualK",111222,10000,10,10,1,3,3,3,0.2,0,0.0361,0.0312947559483514,0.0409052440516486,0.2221,0.213953102798341,0.230246897201659,0.3848,0.37679628533752,0.39280371466248,3848,2221,361
"SmoothFixed_4_asymp","ghEqualK",266384,10000,10,10,1,3,1,3,0.2,0,0.0314,0.0269075534872963,0.0358924465127037,0.2108,0.202805617698809,0.218794382301191,0.3771,0.369127338343252,0.385072661656748,3771,2108,314
"SmoothFixed_4_asymp","ghEqualK",84635,10000,10,10,1,3,-1,1,0.2,0,0.0083,0.00596291202152422,0.0106370879784758,0.1052,0.0991865053493331,0.111213494650667,0.2556,0.248424543940933,0.262775456059067,2556,1052,83
"SmoothFixed_4_asymp","ghEqualK",48606406,10000,10,10,1,3,-3,3,0.2,0,0.0361,0.0312947559483514,0.0409052440516486,0.3057,0.296670215758857,0.314729784241143,0.6351,0.627180935316341,0.643019064683659,6351,3057,361
"SmoothFixed_4_asymp","ghEqualK",54169105,10000,10,10,1,3,-1,3,0.2,0,0.0327,0.0281185776632037,0.0372814223367963,0.2668,0.258131175472903,0.275468824527097,0.5228,0.514583555817971,0.531016444182029,5228,2668,327
"SmoothFixed_4_asymp","ghEqualK",234252,10000,10,10,1,3,1,-3,0.2,0,0.0576,0.0515982936974704,0.0636017063025296,0.2968,0.287845786388431,0.305754213611569,0.496,0.487775263204211,0.504224736795789,4960,2968,576
"SmoothFixed_4_asymp","ghEqualK",94025,10000,10,10,1.5,3,1,1,0.2,0,0.009,0.00656721381654696,0.011432786183453,0.0818,0.0764284284197639,0.0871715715802361,0.1847,0.178316511634633,0.191083488365367,1847,818,90
"SmoothFixed_4_asymp","ghEqualK",17304,10000,10,10,1.5,3,3,3,0.2,0,0.0616,0.0554065845333819,0.0677934154666181,0.3224,0.313239054771564,0.331560945228436,0.5044,0.496175318478166,0.512624681521834,5044,3224,616
"SmoothFixed_4_asymp","ghEqualK",300766984,10000,10,10,1.5,3,1,3,0.2,0,0.0534,0.0476083842928813,0.0591916157071187,0.2993,0.290324152019915,0.308275847980085,0.4933,0.485075738473652,0.501524261526348,4933,2993,534
"SmoothFixed_4_asymp","ghEqualK",45270316,10000,10,10,1.5,3,-1,1,0.2,0,0.012,0.00919511568409676,0.0148048843159032,0.1334,0.126735872024758,0.140064127975242,0.309,0.30139876489,0.31660123511,3090,1334,120
"SmoothFixed_4_asymp","ghEqualK",100986,10000,10,10,1.5,3,-3,3,0.2,0,0.0824,0.0753166913384617,0.0894833086615383,0.406,0.396374743523417,0.415625256476583,0.6828,0.675144399752051,0.690455600247949,6828,4060,824
"SmoothFixed_4_asymp","ghEqualK",26103115,10000,10,10,1.5,3,-1,3,0.2,0,0.0434,0.0381512497091456,0.0486487502908544,0.324,0.3148272,0.3331728,0.5943,0.586222605929214,0.602377394070786,5943,3240,434
"SmoothFixed_4_asymp","ghEqualK",29514,10000,10,10,1.5,3,1,-3,0.2,0,0.0708,0.0641928055531008,0.0774071944468992,0.3116,0.302522312528491,0.320677687471509,0.5058,0.497575553396617,0.514024446603383,5058,3116,708
"SmoothFixed_4_asymp","ghEqualK",214818,10000,10,10,2,3,1,1,0.2,0,0.0226,0.0187714330533444,0.0264285669466556,0.1471,0.140157570712323,0.154042429287677,0.2827,0.27529237102186,0.29010762897814,2827,1471,226
"SmoothFixed_4_asymp","ghEqualK",218481960,10000,10,10,2,3,3,3,0.2,0,0.1,0.092272,0.107728,0.4183,0.408631712961563,0.427968287038437,0.6137,0.605690483175199,0.621709516824801,6137,4183,1000
"SmoothFixed_4_asymp","ghEqualK",249660133,10000,10,10,2,3,1,3,0.2,0,0.0852,0.0780083468396692,0.0923916531603308,0.4077,0.398068425385556,0.417331574614444,0.6138,0.605790867490177,0.621809132509823,6138,4077,852
"SmoothFixed_4_asymp","ghEqualK",430768,10000,10,10,2,3,-1,1,0.2,0,0.0212,0.0174892579174165,0.0249107420825835,0.183,0.175421336149426,0.190578663850574,0.3921,0.384068800852427,0.400131199147573,3921,1830,212
"SmoothFixed_4_asymp","ghEqualK",54840,10000,10,10,2,3,-3,3,0.2,0,0.5186,0.505728915014906,0.531471084985094,0.8539,0.846977153755398,0.860822846244602,0.9465,0.942798283946009,0.950201716053991,9465,8539,5186
"SmoothFixed_4_asymp","ghEqualK",196928,10000,10,10,2,3,-1,3,0.2,0,0.0817,0.0746441526069836,0.0887558473930164,0.4314,0.421692675012837,0.441107324987163,0.6984,0.690850230608979,0.705949769391021,6984,4314,817
"SmoothFixed_4_asymp","ghEqualK",100027,10000,10,10,2,3,1,-3,0.2,0,0.0762,0.0693654122582078,0.0830345877417922,0.3452,0.335881504490874,0.354518495509126,0.5308,0.522590619959802,0.539009380040198,5308,3452,762
"SmoothFixed_4_asymp","ghEqualK",111114,10000,10,10,2.5,3,1,1,0.2,0,0.0371,0.0322311834994956,0.0419688165005044,0.2191,0.210992723750211,0.227207276249789,0.3887,0.380681366380937,0.396718633619063,3887,2191,371
"SmoothFixed_4_asymp","ghEqualK",62653725,10000,10,10,2.5,3,3,3,0.2,0,0.1332,0.124446990044438,0.141953009955563,0.5012,0.491400028224041,0.510999971775959,0.6908,0.683197405810883,0.698402594189117,6908,5012,1332
"SmoothFixed_4_asymp","ghEqualK",73124251,10000,10,10,2.5,3,1,3,0.2,0,0.1279,0.119296715708964,0.136503284291036,0.5027,0.492900142885042,0.512499857114958,0.6979,0.690346680349477,0.705453319650523,6979,5027,1279
"SmoothFixed_4_asymp","ghEqualK",10999862,10000,10,10,2.5,3,-1,1,0.2,0,0.0472,0.0417371694150728,0.0526628305849272,0.2814,0.272586229773451,0.290213770226549,0.5227,0.514483480892874,0.530916519107127,5227,2814,472
"SmoothFixed_4_asymp","ghEqualK",264586636,10000,10,10,2.5,3,-3,3,0.2,0,0.838,0.828508707113064,0.847491292886936,0.9785,0.975657138406464,0.981342861593536,0.9944,0.993172446373636,0.995627553626364,9944,9785,8380
"SmoothFixed_4_asymp","ghEqualK",96119,10000,10,10,2.5,3,-1,3,0.2,0,0.1957,0.185480013882486,0.205919986117514,0.6217,0.612194725227664,0.631205274772336,0.8366,0.830517937782701,0.842682062217299,8366,6217,1957
"SmoothFixed_4_asymp","ghEqualK",89444,10000,10,10,2.5,3,1,-3,0.2,0,0.0976,0.0899551263711541,0.105244873628846,0.375,0.365511190801792,0.384488809198208,0.5587,0.550531878265368,0.566868121734632,5587,3750,976
"SmoothFixed_4_asymp","ghEqualK",251850,10000,20,20,0,3,1,1,0.2,1,0.0048,0.00301958329256997,0.00658041670743003,0.0365,0.0328243989824792,0.0401756010175208,0.0936,0.0888085851440728,0.0983914148559272,936,365,48
"SmoothFixed_4_asymp","ghEqualK",1708825,10000,20,20,0,3,3,3,0.2,1,0.0053,0.00342961998908885,0.00717038001091115,0.0377,0.0339667937059948,0.0414332062940052,0.0949,0.090078887220882,0.099721112779118,949,377,53
"SmoothFixed_4_asymp","ghEqualK",150955413,10000,20,20,0,3,-3,-3,0.2,1,0.0044,0.00269503824744835,0.00610496175255165,0.0374,0.0336810974255299,0.0411189025744701,0.0857,0.0810953070792098,0.0903046929207902,857,374,44
"SmoothFixed_4_asymp","ghEqualK",135532,10000,20,20,0,3,-1,-1,0.2,1,0.0037,0.00213598185986991,0.00526401814013009,0.0358,0.0321584930073389,0.0394415069926611,0.0911,0.086366491705302,0.095833508294698,911,358,37
"SmoothFixed_4_asymp","ghEqualK",71084,10000,20,20,0.5,3,1,1,0.2,0,0.0074,0.00519225528409102,0.00960774471590898,0.0585,0.0539001447370597,0.0630998552629403,0.1285,0.12299507810052,0.13400492189948,1285,585,74
"SmoothFixed_4_asymp","ghEqualK",12799264,10000,20,20,0.5,3,3,3,0.2,0,0.1099,0.101843171756117,0.117956828243883,0.3274,0.318202414358192,0.336597585641808,0.4836,0.475379425582625,0.491820574417375,4836,3274,1099
"SmoothFixed_4_asymp","ghEqualK",31851,10000,20,20,0.5,3,1,3,0.2,0,0.1584,0.148994620781035,0.167805379218965,0.4707,0.460916840874155,0.480483159125845,0.6796,0.671923931509972,0.687276068490028,6796,4707,1584
"SmoothFixed_4_asymp","ghEqualK",30595661,10000,20,20,0.5,3,-1,1,0.2,0,0.1638,0.15426637886751,0.17333362113249,0.5493,0.539547753952981,0.559052246047019,0.7344,0.727134821789825,0.741665178210175,7344,5493,1638
"SmoothFixed_4_asymp","ghEqualK",281626021,10000,20,20,0.5,3,-3,3,0.2,0,0.8284,0.818687645056582,0.838112354943418,0.9893,0.98728343620939,0.99131656379061,0.9986,0.997984928362628,0.999215071637372,9986,9893,8284
"SmoothFixed_4_asymp","ghEqualK",1413163,10000,20,20,0.5,3,-1,3,0.2,0,0.5779,0.565177282560067,0.590622717439933,0.9209,0.91561006239447,0.92618993760553,0.9756,0.973061970233508,0.978138029766492,9756,9209,5779
"SmoothFixed_4_asymp","ghEqualK",571659,10000,20,20,0.5,3,1,-3,0.2,0,0.553,0.540192564248781,0.565807435751219,0.8788,0.87240335269617,0.88519664730383,0.9524,0.948897492515411,0.955902507484589,9524,8788,5530
"SmoothFixed_4_asymp","ghEqualK",129815455,10000,20,20,1,3,1,1,0.2,0,0.0245,0.0205176214713315,0.0284823785286685,0.1283,0.121745298443285,0.134854701556715,0.246,0.238915338108985,0.253084661891015,2460,1283,245
"SmoothFixed_4_asymp","ghEqualK",88147,10000,20,20,1,3,3,3,0.2,0,0.3101,0.298185116116679,0.322014883883321,0.631,0.621542334842045,0.640457665157955,0.7823,0.775511375581697,0.789088624418303,7823,6310,3101
"SmoothFixed_4_asymp","ghEqualK",515236,10000,20,20,1,3,1,3,0.2,0,0.3002,0.288393037830801,0.312006962169199,0.6482,0.638840373847124,0.657559626152876,0.817,0.810639335696839,0.82336066430316,8170,6482,3002
"SmoothFixed_4_asymp","ghEqualK",76622597,10000,20,20,1,3,-1,1,0.2,0,0.1876,0.177543491313372,0.197656508686628,0.6363,0.626871150939293,0.645728849060707,0.8135,0.807092566625834,0.819907433374166,8135,6363,1876
"SmoothFixed_4_asymp","ghEqualK",573842,10000,20,20,1,3,-3,3,0.2,0,0.8071,0.796935742797568,0.817264257202432,0.9899,0.987940196989899,0.991859803010101,0.9972,0.996330767305953,0.998069232694047,9972,9899,8071
"SmoothFixed_4_asymp","ghEqualK",239139755,10000,20,20,1,3,-1,3,0.2,0,0.6263,0.61383768818261,0.63876231181739,0.9511,0.946873084248959,0.955326915751041,0.986,0.984067282506417,0.987932717493583,9860,9511,6263
"SmoothFixed_4_asymp","ghEqualK",27507,10000,20,20,1,3,1,-3,0.2,0,0.5629,0.550122323570086,0.575677676429914,0.8714,0.864838768919905,0.877961231080095,0.9414,0.937536314151086,0.945263685848914,9414,8714,5629
"SmoothFixed_4_asymp","ghEqualK",23392,10000,20,20,1.5,3,1,1,0.2,0,0.0733,0.0665862150296025,0.0800137849703975,0.2653,0.256646740730476,0.273953259269524,0.4277,0.419561443171067,0.435838556828933,4277,2653,733
"SmoothFixed_4_asymp","ghEqualK",16089971,10000,20,20,1.5,3,3,3,0.2,0,0.5035,0.490620315563866,0.516379684436134,0.8104,0.802717104006014,0.818082895993986,0.9134,0.908773470327005,0.918026529672995,9134,8104,5035
"SmoothFixed_4_asymp","ghEqualK",29601026,10000,20,20,1.5,3,1,3,0.2,0,0.4725,0.459639495754831,0.485360504245169,0.7989,0.79104387622511,0.806756123774891,0.9166,0.912051807328718,0.921148192671282,9166,7989,4725
"SmoothFixed_4_asymp","ghEqualK",1144577,10000,20,20,1.5,3,-1,1,0.2,0,0.2654,0.254025775918491,0.276774224081509,0.7414,0.732817839693504,0.749982160306496,0.8817,0.876387258379257,0.887012741620743,8817,7414,2654
"SmoothFixed_4_asymp","ghEqualK",55336938,10000,20,20,1.5,3,-3,3,0.2,0,0.8378,0.82830398347653,0.84729601652347,0.9889,0.986846504529735,0.990953495470265,0.9975,0.996678528768383,0.998321471231617,9975,9889,8378
"SmoothFixed_4_asymp","ghEqualK",743153,10000,20,20,1.5,3,-1,3,0.2,0,0.7359,0.724543631909041,0.747256368090959,0.973,0.969823167086547,0.976176832913453,0.9925,0.991080740559526,0.993919259440474,9925,9730,7359
"SmoothFixed_4_asymp","ghEqualK",124113,10000,20,20,1.5,3,1,-3,0.2,0,0.5735,0.560759921981777,0.586240078018223,0.8517,0.844734216528085,0.858665783471915,0.9285,0.924261522547025,0.932738477452975,9285,8517,5735
"SmoothFixed_4_asymp","ghEqualK",98164,10000,20,20,2,3,1,1,0.2,0,0.1737,0.163940790427404,0.183459209572596,0.458,0.448234635605365,0.467765364394635,0.6323,0.624368153369626,0.640231846630374,6323,4580,1737
"SmoothFixed_4_asymp","ghEqualK",137673000,10000,20,20,2,3,3,3,0.2,0,0.6469,0.634588434129354,0.659211565870646,0.8965,0.89052962798144,0.90247037201856,0.964,0.960935527914958,0.967064472085042,9640,8965,6469
"SmoothFixed_4_asymp","ghEqualK",409356,10000,20,20,2,3,1,3,0.2,0,0.6404,0.628038209993032,0.652761790006968,0.8931,0.887043873074117,0.899156126925883,0.9624,0.959270768942759,0.965529231057241,9624,8931,6404
"SmoothFixed_4_asymp","ghEqualK",1025195,10000,20,20,2,3,-1,1,0.2,0,0.4034,0.390762666981877,0.416037333018123,0.8433,0.836175053301421,0.85042494669858,0.9382,0.934238972531287,0.942161027468713,9382,8433,4034
"SmoothFixed_4_asymp","ghEqualK",236420592,10000,20,20,2,3,-3,3,0.2,0,0.9937,0.991661814168174,0.995738185831826,0.9999,0.999704009800245,1.00009599019976,1,1,1,10000,9999,9937
"SmoothFixed_4_asymp","ghEqualK",3367604,10000,20,20,2,3,-1,3,0.2,0,0.8659,0.857122029490882,0.874677970509118,0.9918,0.99003243639956,0.99356756360044,0.9991,0.998606722124989,0.999593277875011,9991,9918,8659
"SmoothFixed_4_asymp","ghEqualK",86478518,10000,20,20,2,3,1,-3,0.2,0,0.5901,0.577430845710647,0.602769154289353,0.8582,0.851362640079563,0.865037359920437,0.9296,0.925391762041709,0.933808237958291,9296,8582,5901
"SmoothFixed_4_asymp","ghEqualK",118937,10000,20,20,2.5,3,1,1,0.2,0,0.3228,0.310755990305035,0.334844009694965,0.6577,0.648400203574615,0.666999796425385,0.8008,0.794229890593422,0.807370109406578,8008,6577,3228
"SmoothFixed_4_asymp","ghEqualK",571015,10000,20,20,2.5,3,3,3,0.2,0,0.7621,0.751131454010509,0.773068545989491,0.9508,0.946560806805818,0.955039193194182,0.9858,0.983853723757557,0.987746276242443,9858,9508,7621
"SmoothFixed_4_asymp","ghEqualK",171063,10000,20,20,2.5,3,1,3,0.2,0,0.7826,0.771974593589428,0.793225406410572,0.9561,0.952084496668361,0.960115503331638,0.9873,0.985457988525341,0.989142011474659,9873,9561,7826
"SmoothFixed_4_asymp","ghEqualK",2989126,10000,20,20,2.5,3,-1,1,0.2,0,0.613,0.600453240353557,0.625546759646443,0.9281,0.923036883704437,0.933163116295563,0.9752,0.972641775881905,0.977758224118094,9752,9281,6130
"SmoothFixed_4_asymp","ghEqualK",126468781,10000,20,20,2.5,3,-3,3,0.2,0,0.9999,0.999642412880322,1.00015758711968,1,1,1,1,1,1,10000,10000,9999
"SmoothFixed_4_asymp","ghEqualK",107466555,10000,20,20,2.5,3,-1,3,0.2,0,0.9559,0.95061102658281,0.96118897341719,0.9972,0.996164318492199,0.998235681507801,0.9998,0.999567385133966,1.00003261486603,9998,9972,9559
"SmoothFixed_4_asymp","ghEqualK",16609581,10000,20,20,2.5,3,1,-3,0.2,0,0.6059,0.593312208164426,0.618487791835574,0.853,0.846059524039376,0.859940475960624,0.925,0.920667212394139,0.929332787605861,9250,8530,6059
"SmoothFixed_4_asymp","ghEqualK",3663942,10000,100,100,0,3,1,1,0.2,1,0.0087,0.00630774187608109,0.0110922581239189,0.0466,0.0424687012320095,0.0507312987679905,0.0975,0.0926203146890014,0.102379685310999,975,466,87
"SmoothFixed_4_asymp","ghEqualK",97532,10000,100,100,0,3,3,3,0.2,1,0.0084,0.00604899387398841,0.0107510061260116,0.0468,0.0426602795503078,0.0509397204496922,0.0956,0.0907630107157861,0.100436989284214,956,468,84
"SmoothFixed_4_asymp","ghEqualK",6622953,10000,100,100,0,3,-3,-3,0.2,1,0.0099,0.00734963120325236,0.0124503687967476,0.0468,0.0426602795503078,0.0509397204496922,0.0985,0.0935980725072299,0.10340192749277,985,468,99
"SmoothFixed_4_asymp","ghEqualK",165162,10000,100,100,0,3,-1,-1,0.2,1,0.0101,0.00752425890101043,0.0126757410989896,0.0505,0.0462081034541825,0.0547918965458175,0.1004,0.0954562388302427,0.105343761169757,1004,505,101
"SmoothFixed_4_asymp","ghEqualK",2049795,10000,100,100,0.5,3,1,1,0.2,0,0.0759,0.0690777719646626,0.0827222280353374,0.2187,0.210598053425898,0.226801946574102,0.3365,0.328727174817393,0.344272825182607,3365,2187,759
"SmoothFixed_4_asymp","ghEqualK",760260,10000,100,100,0.5,3,3,3,0.2,0,0.921,0.914051529477763,0.927948470522237,0.9789,0.976083132213539,0.981716867786461,0.9905,0.988904286405906,0.992095713594094,9905,9789,9210
"SmoothFixed_4_asymp","ghEqualK",96023,10000,100,100,0.5,3,1,3,0.2,0,0.9992,0.998471688672108,0.999928311327892,1,1,1,1,1,1,10000,10000,9992
"SmoothFixed_4_asymp","ghEqualK",35398603,10000,100,100,0.5,3,-1,1,0.2,0,0.9999,0.999642412880322,1.00015758711968,1,1,1,1,1,1,10000,10000,9999
"SmoothFixed_4_asymp","ghEqualK",2969381,10000,100,100,0.5,3,-3,3,0.2,0,1,1,1,1,1,1,1,1,1,10000,10000,10000
"SmoothFixed_4_asymp","ghEqualK",2914612,10000,100,100,0.5,3,-1,3,0.2,0,1,1,1,1,1,1,1,1,1,10000,10000,10000
"SmoothFixed_4_asymp","ghEqualK",390457,10000,100,100,0.5,3,1,-3,0.2,0,1,1,1,1,1,1,1,1,1,10000,10000,10000
"SmoothFixed_4_asymp","ghEqualK",221284497,10000,100,100,1,3,1,1,0.2,0,0.5155,0.502626190327584,0.528373809672416,0.76,0.751629170650407,0.768370829349593,0.8541,0.848293052372634,0.859906947627366,8541,7600,5155
"SmoothFixed_4_asymp","ghEqualK",27824,10000,100,100,1,3,3,3,0.2,0,0.9997,0.999253890643434,1.00014610935657,0.9999,0.999704009800245,1.00009599019976,1,1,1,10000,9999,9997
"SmoothFixed_4_asymp","ghEqualK",60024,10000,100,100,1,3,1,3,0.2,0,0.9999,0.999642412880322,1.00015758711968,1,1,1,1,1,1,10000,10000,9999
"SmoothFixed_4_asymp","ghEqualK",9713500,10000,100,100,1,3,-1,1,0.2,0,1,1,1,1,1,1,1,1,1,10000,10000,10000
"SmoothFixed_4_asymp","ghEqualK",110542,10000,100,100,1,3,-3,3,0.2,0,1,1,1,1,1,1,1,1,1,10000,10000,10000
"SmoothFixed_4_asymp","ghEqualK",300063999,10000,100,100,1,3,-1,3,0.2,0,1,1,1,1,1,1,1,1,1,10000,10000,10000
"SmoothFixed_4_asymp","ghEqualK",48255,10000,100,100,1,3,1,-3,0.2,0,1,1,1,1,1,1,1,1,1,10000,10000,10000
"SmoothFixed_4_asymp","ghEqualK",313750085,10000,100,100,1.5,3,1,1,0.2,0,0.9338,0.927395255812864,0.940204744187136,0.9852,0.98283326773935,0.98756673226065,0.9942,0.99295084371198,0.99544915628802,9942,9852,9338
"SmoothFixed_4_asymp","ghEqualK",28680585,10000,100,100,1.5,3,3,3,0.2,0,1,1,1,1,1,1,1,1,1,10000,10000,10000
"SmoothFixed_4_asymp","ghEqualK",43509383,10000,100,100,1.5,3,1,3,0.2,0,1,1,1,1,1,1,1,1,1,10000,10000,10000
"SmoothFixed_4_asymp","ghEqualK",77878,10000,100,100,1.5,3,-1,1,0.2,0,1,1,1,1,1,1,1,1,1,10000,10000,10000
"SmoothFixed_4_asymp","ghEqualK",73556,10000,100,100,1.5,3,-3,3,0.2,0,1,1,1,1,1,1,1,1,1,10000,10000,10000
"SmoothFixed_4_asymp","ghEqualK",163404,10000,100,100,1.5,3,-1,3,0.2,0,1,1,1,1,1,1,1,1,1,10000,10000,10000
"SmoothFixed_4_asymp","ghEqualK",3035382,10000,100,100,1.5,3,1,-3,0.2,0,1,1,1,1,1,1,1,1,1,10000,10000,10000
"SmoothFixed_4_asymp","ghEqualK",31912,10000,100,100,2,3,1,1,0.2,0,0.9983,0.997238791170063,0.999361208829937,0.9998,0.999522841861747,1.00007715813825,0.9999,0.999735508225206,1.00006449177479,9999,9998,9983
"SmoothFixed_4_asymp","ghEqualK",1864658,10000,100,100,2,3,3,3,0.2,0,1,1,1,1,1,1,1,1,1,10000,10000,10000
"SmoothFixed_4_asymp","ghEqualK",123399,10000,100,100,2,3,1,3,0.2,0,1,1,1,1,1,1,1,1,1,10000,10000,10000
"SmoothFixed_4_asymp","ghEqualK",39308825,10000,100,100,2,3,-1,1,0.2,0,1,1,1,1,1,1,1,1,1,10000,10000,10000
"SmoothFixed_4_asymp","ghEqualK",45944,10000,100,100,2,3,-3,3,0.2,0,1,1,1,1,1,1,1,1,1,10000,10000,10000
"SmoothFixed_4_asymp","ghEqualK",32553,10000,100,100,2,3,-1,3,0.2,0,1,1,1,1,1,1,1,1,1,10000,10000,10000
"SmoothFixed_4_asymp","ghEqualK",32401,10000,100,100,2,3,1,-3,0.2,0,1,1,1,1,1,1,1,1,1,10000,10000,10000
"SmoothFixed_4_asymp","ghEqualK",4119732,10000,100,100,2.5,3,1,1,0.2,0,1,1,1,1,1,1,1,1,1,10000,10000,10000
"SmoothFixed_4_asymp","ghEqualK",28291,10000,100,100,2.5,3,3,3,0.2,0,1,1,1,1,1,1,1,1,1,10000,10000,10000
"SmoothFixed_4_asymp","ghEqualK",95261688,10000,100,100,2.5,3,1,3,0.2,0,1,1,1,1,1,1,1,1,1,10000,10000,10000
"SmoothFixed_4_asymp","ghEqualK",322314415,10000,100,100,2.5,3,-1,1,0.2,0,1,1,1,1,1,1,1,1,1,10000,10000,10000
"SmoothFixed_4_asymp","ghEqualK",30922,10000,100,100,2.5,3,-3,3,0.2,0,1,1,1,1,1,1,1,1,1,10000,10000,10000
"SmoothFixed_4_asymp","ghEqualK",284863904,10000,100,100,2.5,3,-1,3,0.2,0,1,1,1,1,1,1,1,1,1,10000,10000,10000
"SmoothFixed_4_asymp","ghEqualK",87119585,10000,100,100,2.5,3,1,-3,0.2,0,1,1,1,1,1,1,1,1,1,10000,10000,10000
"SmoothFixed_4_asymp","ghEqualK",2739935,10000,10,100,0,3,1,1,0.2,1,0.6367,0.624310722443083,0.649089277556917,0.7879,0.779887612295052,0.795912387704948,0.8423,0.836304641611816,0.848295358388185,8423,7879,6367
"SmoothFixed_4_asymp","ghEqualK",126375915,10000,10,100,0,3,3,3,0.2,1,0.6384,0.626023253131532,0.650776746868468,0.7813,0.773198053425898,0.789401946574102,0.8457,0.839757666381397,0.851642333618603,8457,7813,6384
"SmoothFixed_4_asymp","ghEqualK",2749982,10000,10,100,0,3,-3,-3,0.2,1,0.6318,0.619375538874793,0.644224461125207,0.7836,0.775528915145632,0.791671084854367,0.8468,0.840875036086152,0.852724963913848,8468,7836,6318
"SmoothFixed_4_asymp","ghEqualK",1180636,10000,10,100,0,3,-1,-1,0.2,1,0.6462,0.633882906170551,0.658517093829449,0.7873,0.779279343042269,0.795320656957731,0.8474,0.841484555297604,0.853315444702396,8474,7873,6462
"SmoothFixed_4_asymp","ghEqualK",12581405,10000,10,100,0.5,3,1,1,0.2,0,0.7053,0.693555815413865,0.717044184586135,0.8297,0.822332435605602,0.837067564394398,0.8773,0.871902877837423,0.882697122162577,8773,8297,7053
"SmoothFixed_4_asymp","ghEqualK",166901,10000,10,100,0.5,3,3,3,0.2,0,0.9337,0.927290763426159,0.940109236573841,0.9645,0.960873218732816,0.968126781267184,0.9755,0.97295690501566,0.97804309498434,9755,9645,9337
"SmoothFixed_4_asymp","ghEqualK",292597,10000,10,100,0.5,3,1,3,0.2,0,0.9869,0.983971008704679,0.989828991295321,0.9938,0.992261486142539,0.995338513857461,0.9958,0.994736159282646,0.996863840717354,9958,9938,9869
"SmoothFixed_4_asymp","ghEqualK",55643,10000,10,100,0.5,3,-1,1,0.2,0,0.9855,0.982420656237183,0.988579343762817,0.9961,0.994878369562265,0.997321630437735,0.9983,0.997622325883057,0.998977674116943,9983,9961,9855
"SmoothFixed_4_asymp","ghEqualK",77269,10000,10,100,0.5,3,-3,3,0.2,0,1,1,1,1,1,1,1,1,1,10000,10000,10000
"SmoothFixed_4_asymp","ghEqualK",6377738,10000,10,100,0.5,3,-1,3,0.2,0,0.9996,0.999084903050306,1.00011509694969,0.9999,0.999704009800245,1.00009599019976,1,1,1,10000,9999,9996
"SmoothFixed_4_asymp","ghEqualK",5149700,10000,10,100,0.5,3,1,-3,0.2,0,0.9996,0.999084903050306,1.00011509694969,1,1,1,1,1,1,10000,10000,9996
"SmoothFixed_4_asymp","ghEqualK",33615,10000,10,100,1,3,1,1,0.2,0,0.8257,0.815927499652649,0.835472500347351,0.8995,0.893606955968262,0.905393044031738,0.929,0.924775231332073,0.933224768667927,9290,8995,8257
"SmoothFixed_4_asymp","ghEqualK",524878,10000,10,100,1,3,3,3,0.2,0,0.9913,0.988907741876081,0.993692258123919,0.9962,0.994994072668193,0.997405927331807,0.9975,0.996678528768383,0.998321471231617,9975,9962,9913
"SmoothFixed_4_asymp","ghEqualK",345693,10000,10,100,1,3,1,3,0.2,0,0.9959,0.994253940031304,0.997546059968696,0.998,0.997124338330175,0.998875661669825,0.9984,0.997742526610729,0.999057473389271,9984,9980,9959
"SmoothFixed_4_asymp","ghEqualK",3579611,10000,10,100,1,3,-1,1,0.2,0,0.992,0.989705190240216,0.994294809759784,0.9976,0.996640952952979,0.998559047047021,0.9986,0.997984928362628,0.999215071637372,9986,9976,9920
"SmoothFixed_4_asymp","ghEqualK",274084,10000,10,100,1,3,-3,3,0.2,0,1,1,1,1,1,1,1,1,1,10000,10000,10000
"SmoothFixed_4_asymp","ghEqualK",342833,10000,10,100,1,3,-1,3,0.2,0,0.9999,0.999642412880322,1.00015758711968,0.9999,0.999704009800245,1.00009599019976,0.9999,0.999735508225206,1.00006449177479,9999,9999,9999
"SmoothFixed_4_asymp","ghEqualK",3164008,10000,10,100,1,3,1,-3,0.2,0,0.9991,0.998327547838281,0.999872452161719,0.9997,0.99936056896783,1.00003943103217,0.9998,0.999567385133966,1.00003261486603,9998,9997,9991
"SmoothFixed_4_asymp","ghEqualK",4815574,10000,10,100,1.5,3,1,1,0.2,0,0.921,0.914051529477763,0.927948470522237,0.9563,0.952293235034395,0.960306764965605,0.97,0.967193840213031,0.972806159786969,9700,9563,9210
"SmoothFixed_4_asymp","ghEqualK",11609621,10000,10,100,1.5,3,3,3,0.2,0,0.9983,0.997238791170063,0.999361208829937,0.9993,0.998781614273345,0.999818385726655,0.9995,0.999132258787495,0.999867741212506,9995,9993,9983
"SmoothFixed_4_asymp","ghEqualK",3848620,10000,10,100,1.5,3,1,3,0.2,0,0.9985,0.997503068031208,0.999496931968792,0.9995,0.99906184025744,0.99993815974256,0.9997,0.999415120383714,0.999984879616286,9997,9995,9985
"SmoothFixed_4_asymp","ghEqualK",2862101,10000,10,100,1.5,3,-1,1,0.2,0,0.9966,0.995100502456506,0.998099497543494,0.9993,0.998781614273345,0.999818385726655,0.9998,0.999567385133966,1.00003261486603,9998,9993,9966
"SmoothFixed_4_asymp","ghEqualK",36027,10000,10,100,1.5,3,-3,3,0.2,0,1,1,1,1,1,1,1,1,1,10000,10000,10000
"SmoothFixed_4_asymp","ghEqualK",181519,10000,10,100,1.5,3,-1,3,0.2,0,1,1,1,1,1,1,1,1,1,10000,10000,10000
"SmoothFixed_4_asymp","ghEqualK",1800096,10000,10,100,1.5,3,1,-3,0.2,0,0.9986,0.997636823989136,0.999563176010864,0.9996,0.999208078407842,0.999991921592158,0.9999,0.999735508225206,1.00006449177479,9999,9996,9986
"SmoothFixed_4_asymp","ghEqualK",278395,10000,10,100,2,3,1,1,0.2,0,0.9644,0.959626911811745,0.969173088188256,0.9809,0.978217219615697,0.983582780384303,0.9863,0.984387811498106,0.988212188501894,9863,9809,9644
"SmoothFixed_4_asymp","ghEqualK",3592956,10000,10,100,2,3,3,3,0.2,0,0.9997,0.999253890643434,1.00014610935657,0.9998,0.999522841861747,1.00007715813825,0.9998,0.999567385133966,1.00003261486603,9998,9998,9997
"SmoothFixed_4_asymp","ghEqualK",2972162,10000,10,100,2,3,1,3,0.2,0,0.9997,0.999253890643434,1.00014610935657,0.9999,0.999704009800245,1.00009599019976,0.9999,0.999735508225206,1.00006449177479,9999,9999,9997
"SmoothFixed_4_asymp","ghEqualK",4135655,10000,10,100,2,3,-1,1,0.2,0,0.9981,0.996978214849062,0.999221785150938,0.9997,0.99936056896783,1.00003943103217,1,1,1,10000,9997,9981
"SmoothFixed_4_asymp","ghEqualK",641904,10000,10,100,2,3,-3,3,0.2,0,1,1,1,1,1,1,1,1,1,10000,10000,10000
"SmoothFixed_4_asymp","ghEqualK",1909180,10000,10,100,2,3,-1,3,0.2,0,1,1,1,1,1,1,1,1,1,10000,10000,10000
"SmoothFixed_4_asymp","ghEqualK",5150415,10000,10,100,2,3,1,-3,0.2,0,0.9991,0.998327547838281,0.999872452161719,0.9998,0.999522841861747,1.00007715813825,0.9998,0.999567385133966,1.00003261486603,9998,9998,9991
"SmoothFixed_4_asymp","ghEqualK",25939,10000,10,100,2.5,3,1,1,0.2,0,0.9887,0.985977189933863,0.991422810066137,0.9949,0.993503853876415,0.996296146123585,0.9965,0.995528509459966,0.997471490540034,9965,9949,9887
"SmoothFixed_4_asymp","ghEqualK",648390,10000,10,100,2.5,3,3,3,0.2,0,0.9998,0.999435735018296,1.0001642649817,0.9998,0.999522841861747,1.00007715813825,0.9998,0.999567385133966,1.00003261486603,9998,9998,9998
"SmoothFixed_4_asymp","ghEqualK",33551,10000,10,100,2.5,3,1,3,0.2,0,0.9997,0.999253890643434,1.00014610935657,0.9998,0.999522841861747,1.00007715813825,0.9999,0.999735508225206,1.00006449177479,9999,9998,9997
"SmoothFixed_4_asymp","ghEqualK",349728,10000,10,100,2.5,3,-1,1,0.2,0,0.9998,0.999435735018296,1.0001642649817,0.9998,0.999522841861747,1.00007715813825,1,1,1,10000,9998,9998
"SmoothFixed_4_asymp","ghEqualK",223751,10000,10,100,2.5,3,-3,3,0.2,0,1,1,1,1,1,1,1,1,1,10000,10000,10000
"SmoothFixed_4_asymp","ghEqualK",79119096,10000,10,100,2.5,3,-1,3,0.2,0,1,1,1,1,1,1,1,1,1,10000,10000,10000
"SmoothFixed_4_asymp","ghEqualK",13319181,10000,10,100,2.5,3,1,-3,0.2,0,0.999,0.99818580467798,0.99981419532202,0.9996,0.999208078407842,0.999991921592158,0.9998,0.999567385133966,1.00003261486603,9998,9996,9990
