"method","distribution","seed","N","n1","n2","delta","rate1","null","power0.01","l_CI","u_CI","power0.05","l_CI","u_CI","power0.10","l_CI","u_CI","ct_0.10","ct_0.05","ct_0.01"
"KS","Exp",1639162,10000,10,10,0,1,1,0.0023,0.00106601533457826,0.00353398466542174,0.0121,0.00995708349803358,0.0142429165019664,0.0516,0.0479609625438037,0.0552390374561963,516,121,23
"KS","Exp",332036,10000,10,10,0,0.5,1,0.0025,0.00121361100750978,0.00378638899249022,0.0128,0.0105967507572678,0.0150032492427322,0.0507,0.0470911268060827,0.0543088731939173,507,128,25
"KS","Exp",542304,10000,10,10,0,0.25,1,0.0023,0.00106601533457826,0.00353398466542174,0.0119,0.00977465223965583,0.0140253477603442,0.0569,0.0530893337997176,0.0607106662002824,569,119,23
"KS","Exp",1047474,10000,10,10,0,0.125,1,0.002,0.000849130376801959,0.00315086962319804,0.012,0.00986584889007362,0.0141341511099264,0.0546,0.0508625962017598,0.0583374037982402,546,120,20
"KS","Exp",69164,10000,10,10,0.5,1,0,0.0447,0.0393768401345426,0.0500231598654574,0.1406,0.133786874225262,0.147413125774738,0.3296,0.321867382880706,0.337332617119294,3296,1406,447
"KS","Exp",2597010,10000,10,10,0.5,0.5,0,0.0076,0.00536284521817913,0.00983715478182087,0.0351,0.0314929614587033,0.0387070385412967,0.1196,0.114262086780061,0.124937913219939,1196,351,76
"KS","Exp",150847175,10000,10,10,0.5,0.25,0,0.0036,0.00205718458838914,0.00514281541161086,0.0169,0.0143736223436707,0.0194263776563293,0.0686,0.0644418890155384,0.0727581109844616,686,169,36
"KS","Exp",1988363,10000,10,10,0.5,0.125,0,0.0023,0.00106601533457826,0.00353398466542174,0.0125,0.0103223923677577,0.0146776076322423,0.0559,0.0521209659498789,0.0596790340501211,559,125,23
"KS","Exp",1285652,10000,10,10,1,1,0,0.3265,0.314420297139813,0.338579702860187,0.5922,0.582568057449009,0.601831942550991,0.8182,0.811855570448977,0.824544429551023,8182,5922,3265
"KS","Exp",176457,10000,10,10,1,0.5,0,0.0441,0.0388110265828099,0.0493889734171901,0.1407,0.133884848321453,0.147515151678547,0.3311,0.323358482664492,0.338841517335508,3311,1407,441
"KS","Exp",330652,10000,10,10,1,0.25,0,0.0081,0.00579100861117587,0.0104089913888241,0.0379,0.0341572933945606,0.0416427066054394,0.1233,0.117891548446295,0.128708451553705,1233,379,81
"KS","Exp",90471,10000,10,10,1,0.125,0,0.0026,0.00128820124431222,0.00391179875568778,0.0181,0.0154870626983412,0.0207129373016588,0.0678,0.0636644307400432,0.0719355692599568,678,181,26
"KS","Exp",1356012,10000,10,10,1.5,1,0,0.6805,0.668488552298012,0.692511447701988,0.8813,0.874960670643546,0.887639329356454,0.9712,0.968448835980462,0.973951164019538,9712,8813,6805
"KS","Exp",11490491,10000,10,10,1.5,0.5,0,0.1473,0.138170534251376,0.156429465748624,0.3525,0.343136126923116,0.361863873076884,0.6099,0.601876142741862,0.617923857258138,6099,3525,1473
"KS","Exp",114684552,10000,10,10,1.5,0.25,0,0.0204,0.0167584579384574,0.0240415420615426,0.0801,0.074779620164086,0.085420379835914,0.216,0.209230590146844,0.222769409853156,2160,801,204
"KS","Exp",26772675,10000,10,10,1.5,0.125,0,0.004,0.00237405622532635,0.00562594377467365,0.0231,0.0201556657149026,0.0260443342850974,0.0844,0.0798271177605803,0.0889728822394197,844,231,40
"KS","Exp",287338,10000,10,10,2,1,0,0.8928,0.884830696949343,0.900769303050657,0.9765,0.973530891103378,0.979469108896622,0.9959,0.994848847574338,0.996951152425662,9959,9765,8928
"KS","Exp",4646260,10000,10,10,2,0.5,0,0.3271,0.315014589822485,0.339185410177515,0.5938,0.584173994011554,0.603426005988446,0.8113,0.804863606458833,0.817736393541167,8113,5938,3271
"KS","Exp",124993,10000,10,10,2,0.25,0,0.0426,0.0373976763196987,0.0478023236803013,0.1456,0.138686986918687,0.152513013081313,0.34,0.332207490712229,0.347792509287771,3400,1456,426
"KS","Exp",54909,10000,10,10,2,0.125,0,0.0086,0.00622141025800917,0.0109785897419908,0.0378,0.0340620400181917,0.0415379599818083,0.122,0.116616148461371,0.127383851538629,1220,378,86
"KS","Exp",8491715,10000,10,10,2.5,1,0,0.9689,0.9644283733978,0.9733716266022,0.9957,0.994417508330787,0.996982491669213,0.9995,0.999132258787495,0.999867741212506,9995,9957,9689
"KS","Exp",108779,10000,10,10,2.5,0.5,0,0.5087,0.495821949922001,0.521578050077999,0.7667,0.758410541295259,0.774989458704741,0.9193,0.914819450293237,0.923780549706763,9193,7667,5087
"KS","Exp",81274670,10000,10,10,2.5,0.25,0,0.0875,0.0802210904662855,0.0947789095337145,0.2454,0.236965647435968,0.253834352564032,0.4744,0.466185787746497,0.482614212253503,4744,2454,875
"KS","Exp",188678,10000,10,10,2.5,0.125,0,0.0124,0.00954932805320851,0.0152506719467915,0.0536,0.0491855578284001,0.0580144421715999,0.1662,0.160076321842234,0.172323678157766,1662,536,124
"KS","Exp",12743321,10000,10,10,5,1,0,1,1,1,1,1,1,1,1,1,10000,10000,10000
"KS","Exp",20892,10000,10,10,5,0.5,0,0.967,0.962398323697434,0.971601676302566,0.9957,0.994417508330787,0.996982491669213,0.9995,0.999132258787495,0.999867741212506,9995,9957,9670
"KS","Exp",19609,10000,10,10,5,0.25,0,0.5159,0.503026514032829,0.528773485967171,0.7706,0.762359239727889,0.778840760272111,0.9253,0.920975185501576,0.929624814498424,9253,7706,5159
"KS","Exp",210120,10000,10,10,5,0.12,0,0.0719,0.0652456185829738,0.0785543814170262,0.2165,0.2084275656435,0.2245724343565,0.4469,0.438721514108041,0.455078485891959,4469,2165,719
"KS","Exp",1098408,10000,10,10,0,1.5,1,0.0028,0.00143881858974786,0.00416118141025214,0.0127,0.0105052629238107,0.0148947370761893,0.0553,0.0515401075213811,0.0590598924786189,553,127,28
"KS","Exp",12577707,10000,10,10,0.5,1.5,0,0.1492,0.140022085429994,0.158377914570006,0.3498,0.340452629512339,0.359147370487661,0.6053,0.597259467671492,0.613340532328507,6053,3498,1492
"KS","Exp",28786,10000,10,10,1,1.5,0,0.672,0.659906070932836,0.684093929067164,0.8811,0.874756052222283,0.887443947777717,0.9703,0.967507474531759,0.973092525468241,9703,8811,6720
"KS","Exp",25021,10000,10,10,1.5,1.5,0,0.9324,0.925932739731028,0.938867260268972,0.9887,0.986628296688809,0.990771703311191,0.9987,0.998107272464133,0.999292727535867,9987,9887,9324
"KS","Exp",45902,10000,10,10,2,1.5,0,0.993,0.990852320345675,0.995147679654325,0.9989,0.998250299171618,0.999549700828382,1,1,1,10000,9989,9930
"KS","Exp",211967,10000,10,10,2.5,1.5,0,0.9991,0.998327547838281,0.999872452161719,1,1,1,1,1,1,10000,10000,9991
"KS","Exp",7087117,10000,10,10,5,1.5,0,1,1,1,1,1,1,1,1,1,10000,10000,10000
"KS","Exp",310085345,10000,20,20,0,1,1,0.0034,0.00190050245650618,0.00489949754349382,0.0325,0.0290244524172442,0.0359755475827558,0.0774,0.073004147538065,0.081795852461935,774,325,34
"KS","Exp",3514357,10000,20,20,0,0.5,1,0.0028,0.00143881858974786,0.00416118141025214,0.0317,0.0282660760844771,0.0351339239155229,0.0815,0.0769992562509764,0.0860007437490236,815,317,28
"KS","Exp",1987967,10000,20,20,0,0.25,1,0.0046,0.00285689482302874,0.00634310517697126,0.0341,0.0305428732226135,0.0376571267773865,0.0804,0.0759270565458973,0.0848729434541027,804,341,46
"KS","Exp",310472985,10000,20,20,0,0.125,1,0.0036,0.00205718458838914,0.00514281541161086,0.0323,0.0288348048087301,0.0357651951912699,0.0813,0.0768042926461151,0.0857957073538849,813,323,36
"KS","Exp",86130,10000,20,20,0.5,1,0,0.2536,0.24239256319606,0.26480743680394,0.5853,0.57564366439763,0.59495633560237,0.7444,0.737224543940933,0.751575456059067,7444,5853,2536
"KS","Exp",401840,10000,20,20,0.5,0.5,0,0.031,0.0265353379157656,0.0354646620842344,0.1509,0.143884152964153,0.157915847035847,0.2726,0.265274867641667,0.279925132358333,2726,1509,310
"KS","Exp",1095137,10000,20,20,0.5,0.25,0,0.007,0.00485232034567536,0.00914767965432464,0.0556,0.0511087062952419,0.0600912937047581,0.1224,0.117008558236464,0.127791441763536,1224,556,70
"KS","Exp",72559649,10000,20,20,0.5,0.125,0,0.0054,0.00351215225264748,0.00728784774735252,0.0392,0.0353962181480006,0.0430037818519994,0.0935,0.0887108811828923,0.0982891188171077,935,392,54
"KS","Exp",2894667,10000,20,20,1,1,0,0.8943,0.886380003900268,0.902219996099732,0.985,0.982617571826896,0.987382428173104,0.996,0.994961693513456,0.997038306486544,9960,9850,8943
"KS","Exp",123359457,10000,20,20,1,0.5,0,0.2561,0.244856334229554,0.267343665770446,0.5896,0.579958635882076,0.599241364117924,0.7494,0.742271251716949,0.756528748283051,7494,5896,2561
"KS","Exp",83093,10000,20,20,1,0.25,0,0.031,0.0265353379157656,0.0354646620842344,0.1577,0.150556594260886,0.164843405739114,0.2882,0.280749389118475,0.295650610881525,2882,1577,310
"KS","Exp",244935,10000,20,20,1,0.125,0,0.0089,0.00648064499126234,0.0113193550087377,0.055,0.0505315868588502,0.0594684131411498,0.1221,0.116714249148635,0.127485750851365,1221,550,89
"KS","Exp",13740805,10000,20,20,1.5,1,0,0.9963,0.99473598185987,0.99786401814013,0.9997,0.99936056896783,1.00003943103217,1,1,1,10000,9997,9963
"KS","Exp",44150,10000,20,20,1.5,0.5,0,0.6418,0.629448818439591,0.654151181560409,0.899,0.893093957006591,0.904906042993409,0.9567,0.953351905268847,0.960048094731153,9567,8990,6418
"KS","Exp",98167,10000,20,20,1.5,0.25,0,0.1046,0.0967164786886833,0.112483521311317,0.3503,0.34094954868332,0.35965045131668,0.5212,0.51298239661383,0.52941760338617,5212,3503,1046
"KS","Exp",114459723,10000,20,20,1.5,0.125,0,0.0169,0.0135796179373958,0.0202203820626042,0.0916,0.0859461748815161,0.0972538251184839,0.1874,0.180980678832844,0.193819321167156,1874,916,169
"KS","Exp",80964115,10000,20,20,2,1,0,1,1,1,1,1,1,1,1,1,10000,10000,10000
"KS","Exp",31283255,10000,20,20,2,0.5,0,0.901,0.893306466459266,0.908693533540734,0.9866,0.984346388624807,0.988853611375193,0.9966,0.995642440427388,0.997557559572612,9966,9866,9010
"KS","Exp",66384,10000,20,20,2,0.25,0,0.2484,0.23726949061537,0.25953050938463,0.5919,0.58226695611645,0.60153304388355,0.754,0.746915338108985,0.761084661891015,7540,5919,2484
"KS","Exp",82828987,10000,20,20,2,0.125,0,0.0271,0.0229172240157063,0.0312827759842937,0.1493,0.142314874849969,0.156285125150031,0.2755,0.268150701302207,0.282849298697793,2755,1493,271
"KS","Exp",7248547,10000,20,20,2.5,1,0,1,1,1,1,1,1,1,1,1,10000,10000,10000
"KS","Exp",29686100,10000,20,20,2.5,0.5,0,0.9792,0.975523680663063,0.982876319336937,0.9979,0.997002758753512,0.998797241246488,0.9996,0.999271065806581,0.999928934193419,9996,9979,9792
"KS","Exp",957221,10000,20,20,2.5,0.25,0,0.4474,0.434591470028164,0.460208529971836,0.7801,0.771982097610934,0.788217902389066,0.8865,0.881282010473911,0.891717989526089,8865,7801,4474
"KS","Exp",5734165,10000,20,20,2.5,0.125,0,0.0581,0.0520739001520333,0.0641260998479667,0.239,0.230641134249194,0.247358865750806,0.3992,0.391143876216542,0.407256123783458,3992,2390,581
"KS","Exp",295475963,10000,20,20,5,1,0,1,1,1,1,1,1,1,1,1,10000,10000,10000
"KS","Exp",354993701,10000,20,20,5,0.5,0,1,1,1,1,1,1,1,1,1,10000,10000,10000
"KS","Exp",279160309,10000,20,20,5,0.25,0,0.9786,0.974872176420174,0.982327823579826,0.9978,0.996881690321515,0.998718309678485,0.9996,0.999271065806581,0.999928934193419,9996,9978,9786
"KS","Exp",297340,10000,20,20,5,0.12,0,0.3944,0.381810535861504,0.406989464138495,0.7348,0.726147782961946,0.743452217038054,0.8649,0.859276890698735,0.870523109301265,8649,7348,3944
"KS","Exp",27525,10000,20,20,0,1.5,1,0.0032,0.00174512774259181,0.00465487225740819,0.0347,0.0311128299753706,0.0382871700246294,0.0809,0.0764143896399737,0.0853856103600263,809,347,32
"KS","Exp",822222,10000,20,20,0.5,1.5,0,0.6405,0.628138963947888,0.652861036052111,0.8945,0.888478946673546,0.900521053326454,0.9561,0.952729845418089,0.959470154581911,9561,8945,6405
"KS","Exp",43781,10000,20,20,1,1.5,0,0.9973,0.995963279371261,0.998636720628739,1,1,1,1,1,1,10000,10000,9973
"KS","Exp",310870232,10000,20,20,1.5,1.5,0,1,1,1,1,1,1,1,1,1,10000,10000,10000
"KS","Exp",147468,10000,20,20,2,1.5,0,1,1,1,1,1,1,1,1,1,10000,10000,10000
"KS","Exp",41574066,10000,20,20,2.5,1.5,0,1,1,1,1,1,1,1,1,1,10000,10000,10000
"KS","Exp",1948756,10000,20,20,5,1.5,0,1,1,1,1,1,1,1,1,1,10000,10000,10000
"KS","Exp",50789,10000,100,100,0,1,1,0.0059,0.00392718254677631,0.00787281745322369,0.0359,0.0322535997544976,0.0395464002455024,0.08,0.0755372268711036,0.0844627731288964,800,359,59
"KS","Exp",137973952,10000,100,100,0,0.5,1,0.0057,0.0037607133569851,0.0076392866430149,0.0367,0.0330147251476179,0.0403852748523821,0.0776,0.0731989489108169,0.0820010510891831,776,367,57
"KS","Exp",336652029,10000,100,100,0,0.25,1,0.0052,0.00334725598592358,0.00705274401407642,0.0356,0.0319683024654578,0.0392316975345422,0.0791,0.0746602309382159,0.0835397690617841,791,356,52
"KS","Exp",17525677,10000,100,100,0,0.125,1,0.0075,0.00527750011023622,0.00972249988976378,0.0398,0.0359684150546282,0.0436315849453718,0.0808,0.0763169189507215,0.0852830810492785,808,398,75
"KS","Exp",333532310,10000,100,100,0.5,1,0,0.9997,0.999253890643434,1.00014610935657,1,1,1,1,1,1,10000,10000,9997
"KS","Exp",225291,10000,100,100,0.5,0.5,0,0.6106,0.598039057363842,0.623160942636159,0.883,0.876700162402093,0.889299837597907,0.9525,0.949000989874354,0.955999010125646,9525,8830,6106
"KS","Exp",25095263,10000,100,100,0.5,0.25,0,0.0634,0.0571227768988076,0.0696772231011924,0.2259,0.217703796730778,0.234096203269222,0.3698,0.361858755727476,0.377741244272524,3698,2259,634
"KS","Exp",21103192,10000,100,100,0.5,0.125,0,0.0158,0.0125877001123905,0.0190122998876095,0.0726,0.0675142158089042,0.0776857841910958,0.1398,0.134095478686524,0.145504521313476,1398,726,158
"KS","Exp",817960,10000,100,100,1,1,0,1,1,1,1,1,1,1,1,1,10000,10000,10000
"KS","Exp",3818380,10000,100,100,1,0.5,0,0.9999,0.999642412880322,1.00015758711968,1,1,1,1,1,1,10000,10000,9999
"KS","Exp",330376161,10000,100,100,1,0.25,0,0.6102,0.597636724667409,0.622763275332591,0.8899,0.883764918530419,0.896035081469581,0.9553,0.951900699542439,0.958699300457561,9553,8899,6102
"KS","Exp",519557,10000,100,100,1,0.125,0,0.0624,0.0561691549269602,0.0686308450730398,0.2239,0.215729625567552,0.232070374432448,0.3744,0.366438732943457,0.382361267056543,3744,2239,624
"KS","Exp",17909094,10000,100,100,1.5,1,0,1,1,1,1,1,1,1,1,1,10000,10000,10000
"KS","Exp",52768,10000,100,100,1.5,0.5,0,1,1,1,1,1,1,1,1,1,10000,10000,10000
"KS","Exp",38344621,10000,100,100,1.5,0.25,0,0.9824,0.979012756878725,0.985787243121275,0.9987,0.997993771446627,0.999406228553373,0.9996,0.999271065806581,0.999928934193419,9996,9987,9824
"KS","Exp",35706620,10000,100,100,1.5,0.125,0,0.2456,0.234511804366009,0.256688195633991,0.572,0.562302138660509,0.581697861339491,0.7454,0.738233785619234,0.752566214380766,7454,5720,2456
"KS","Exp",1915315,10000,100,100,2,1,0,1,1,1,1,1,1,1,1,1,10000,10000,10000
"KS","Exp",1925200,10000,100,100,2,0.5,0,1,1,1,1,1,1,1,1,1,10000,10000,10000
"KS","Exp",127401,10000,100,100,2,0.25,0,0.9999,0.999642412880322,1.00015758711968,1,1,1,1,1,1,10000,10000,9999
"KS","Exp",2167628,10000,100,100,2,0.125,0,0.613,0.600453240353557,0.625546759646443,0.8799,0.873528462640901,0.886271537359099,0.948,0.944347655432465,0.951652344567535,9480,8799,6130
"KS","Exp",83290,10000,100,100,2.5,1,0,1,1,1,1,1,1,1,1,1,10000,10000,10000
"KS","Exp",17295,10000,100,100,2.5,0.5,0,1,1,1,1,1,1,1,1,1,10000,10000,10000
"KS","Exp",1326510,10000,100,100,2.5,0.25,0,1,1,1,1,1,1,1,1,1,10000,10000,10000
"KS","Exp",1040930,10000,100,100,2.5,0.125,0,0.8869,0.878741421649818,0.895058578350182,0.9853,0.982941157303761,0.987658842696239,0.9954,0.994286875770141,0.996513124229859,9954,9853,8869
"KS","Exp",457023,10000,100,100,5,1,0,1,1,1,1,1,1,1,1,1,10000,10000,10000
"KS","Exp",17586257,10000,100,100,5,0.5,0,1,1,1,1,1,1,1,1,1,10000,10000,10000
"KS","Exp",83397335,10000,100,100,5,0.25,0,1,1,1,1,1,1,1,1,1,10000,10000,10000
"KS","Exp",73416,10000,100,100,5,0.12,0,1,1,1,1,1,1,1,1,1,10000,10000,10000
"KS","Exp",87211,10000,100,100,0,1.5,1,0.0066,0.00451416522232848,0.00868583477767152,0.0384,0.0346336653055789,0.0421663346944211,0.0801,0.0756346812091436,0.0845653187908564,801,384,66
"KS","Exp",51824,10000,100,100,0.5,1.5,0,1,1,1,1,1,1,1,1,1,10000,10000,10000
"KS","Exp",22027,10000,100,100,1,1.5,0,1,1,1,1,1,1,1,1,1,10000,10000,10000
"KS","Exp",1363058,10000,100,100,1.5,1.5,0,1,1,1,1,1,1,1,1,1,10000,10000,10000
"KS","Exp",1735572,10000,100,100,2,1.5,0,1,1,1,1,1,1,1,1,1,10000,10000,10000
"KS","Exp",64903,10000,100,100,2.5,1.5,0,1,1,1,1,1,1,1,1,1,10000,10000,10000
"KS","Exp",175094622,10000,100,100,5,1.5,0,1,1,1,1,1,1,1,1,1,10000,10000,10000
"KS","Exp",2173563,10000,10,100,0,1,1,0.0111,0.00840112023907993,0.0137988797609201,0.0461,0.0419898472867301,0.0502101527132699,0.1045,0.099467812175666,0.109532187824334,1045,461,111
"KS","Exp",2325255,10000,10,100,0,0.5,1,0.0078,0.0055338285107221,0.0100661714892779,0.0421,0.0381639808213882,0.0460360191786118,0.0981,0.0932069506108179,0.102993049389182,981,421,78
"KS","Exp",2121677,10000,10,100,0,0.25,1,0.0086,0.00622141025800917,0.0109785897419908,0.0424,0.0384506004863524,0.0463493995136476,0.0975,0.0926203146890014,0.102379685310999,975,424,86
"KS","Exp",446555,10000,10,100,0,0.125,1,0.01,0.00743691236201335,0.0125630876379867,0.0419,0.0379729312633467,0.0458270687366533,0.1009,0.095945321442114,0.105854678557886,1009,419,100
"KS","Exp",528700,10000,10,100,0.5,1,0,0.3074,0.295513909465824,0.319286090534176,0.5423,0.532535133060118,0.552064866939882,0.7202,0.712815581258088,0.727584418741912,7202,5423,3074
"KS","Exp",698591,10000,10,100,0.5,0.5,0,0.0745,0.0677358659367514,0.0812641340632486,0.199,0.191174738353256,0.206825261646744,0.3453,0.33747858442379,0.35312141557621,3453,1990,745
"KS","Exp",520510,10000,10,100,0.5,0.25,0,0.0212,0.0174892579174165,0.0249107420825835,0.0864,0.0808933054409746,0.0919066945590254,0.1743,0.168059408745577,0.180540591254423,1743,864,212
"KS","Exp",5216104,10000,10,100,0.5,0.125,0,0.0137,0.0107055941757577,0.0166944058242423,0.0546,0.0501469231340117,0.0590530768659883,0.1183,0.112987258379257,0.123612741620743,1183,546,137
"KS","Exp",58230,10000,10,100,1,1,0,0.8056,0.795405786667405,0.815794213332595,0.9289,0.923862960539523,0.933937039460477,0.9782,0.975797806550692,0.980602193449308,9782,9289,8056
"KS","Exp",69325,10000,10,100,1,0.5,0,0.3059,0.294030112047717,0.317769887952283,0.5356,0.525824871817597,0.545375128182403,0.7145,0.707070320577281,0.721929679422719,7145,5356,3059
"KS","Exp",36562,10000,10,100,1,0.25,0,0.0742,0.0674484047409271,0.0809515952590729,0.2016,0.193736577707486,0.209463422292514,0.3426,0.334793175228872,0.350406824771128,3426,2016,742
"KS","Exp",36864,10000,10,100,1,0.125,0,0.0253,0.0212547850620745,0.0293452149379255,0.0863,0.0807961919174448,0.0918038080825552,0.1648,0.158697050886793,0.170902949113207,1648,863,253
"KS","Exp",319231698,10000,10,100,1.5,1,0,0.9664,0.961758119476688,0.971041880523312,0.9917,0.989921780885942,0.993478219114058,0.999,0.998480065487297,0.999519934512703,9990,9917,9664
"KS","Exp",67280,10000,10,100,1.5,0.5,0,0.6049,0.592306653127392,0.617493346872608,0.7997,0.791855593443376,0.807544406556624,0.919,0.914511862357559,0.923488137642442,9190,7997,6049
"KS","Exp",593440,10000,10,100,1.5,0.25,0,0.1713,0.161594381653153,0.181005618346847,0.3619,0.352481218215586,0.371318781784414,0.5485,0.540313785962401,0.556686214037599,5485,3619,1713
"KS","Exp",148175,10000,10,100,1.5,0.125,0,0.0448,0.0394711680741746,0.0501288319258254,0.1319,0.125267712450263,0.138532287549737,0.2469,0.239806627432245,0.253993372567755,2469,1319,448
"KS","Exp",148376,10000,10,100,2,1,0,0.9963,0.99473598185987,0.99786401814013,0.9998,0.999522841861747,1.00007715813825,1,1,1,10000,9998,9963
"KS","Exp",119678,10000,10,100,2,0.5,0,0.8071,0.796935742797568,0.817264257202432,0.9271,0.922004543175102,0.932195456824898,0.9766,0.974113249631527,0.979086750368473,9766,9271,8071
"KS","Exp",5451347,10000,10,100,2,0.25,0,0.3208,0.308775642577704,0.332824357422296,0.5501,0.540349320302748,0.559850679697252,0.7244,0.717049874919731,0.731750125080269,7244,5501,3208
"KS","Exp",2372114,10000,10,100,2,0.125,0,0.0704,0.0638100784312722,0.0769899215687278,0.193,0.185264800961837,0.200735199038163,0.3397,0.331909159300449,0.347490840699551,3397,1930,704
"KS","Exp",44349168,10000,10,100,2.5,1,0,0.9996,0.999084903050306,1.00011509694969,1,1,1,1,1,1,10000,10000,9996
"KS","Exp",167969,10000,10,100,2.5,0.5,0,0.9216,0.914675712,0.928524288,0.9791,0.976296227707106,0.981903772292894,0.995,0.993839720965673,0.996160279034327,9950,9791,9216
"KS","Exp",68806,10000,10,100,2.5,0.25,0,0.47,0.457143204903243,0.482856795096757,0.6913,0.682245641948233,0.700354358051767,0.8408,0.834781562075222,0.846818437924778,8408,6913,4700
"KS","Exp",505042,10000,10,100,2.5,0.125,0,0.117,0.108720213442751,0.125279786557249,0.2733,0.264565189906037,0.282034810093963,0.4423,0.434129950379418,0.450470049620582,4423,2733,1170
"KS","Exp",931348,10000,10,100,5,1,0,1,1,1,1,1,1,1,1,1,10000,10000,10000
"KS","Exp",4731362,10000,10,100,5,0.5,0,0.9996,0.999084903050306,1.00011509694969,0.9999,0.999704009800245,1.00009599019976,1,1,1,10000,9999,9996
"KS","Exp",2026456,10000,10,100,5,0.25,0,0.9132,0.905947484382438,0.920452515617562,0.9776,0.974699581430483,0.980500418569517,0.9951,0.993951324639432,0.996248675360567,9951,9776,9132
"KS","Exp",45350102,10000,10,100,5,0.12,0,0.4282,0.415453490743997,0.440946509256003,0.6575,0.648198901624002,0.666801098375998,0.8156,0.809220524568932,0.821979475431068,8156,6575,4282
"KS","Exp",22174926,10000,10,100,0,1.5,1,0.0092,0.00674057959837363,0.0116594204016264,0.0422,0.0382595146865392,0.0461404853134608,0.0978,0.0929136255890589,0.102686374410941,978,422,92
"KS","Exp",1632281,10000,10,100,0.5,1.5,0,0.6061,0.59351332579251,0.61868667420749,0.7965,0.788609015901676,0.804390984098324,0.9096,0.90488289717373,0.91431710282627,9096,7965,6061
"KS","Exp",112332570,10000,10,100,1,1.5,0,0.9699,0.965498582294462,0.974301417705538,0.9941,0.992598943242112,0.995601056757888,0.9992,0.998734909885721,0.999665090114279,9992,9941,9699
"KS","Exp",429536,10000,10,100,1.5,1.5,0,0.9985,0.997503068031208,0.999496931968792,0.9997,0.99936056896783,1.00003943103217,1,1,1,10000,9997,9985
"KS","Exp",10214219,10000,10,100,2,1.5,0,1,1,1,1,1,1,1,1,1,10000,10000,10000
"KS","Exp",6958003,10000,10,100,2.5,1.5,0,1,1,1,1,1,1,1,1,1,10000,10000,10000
"KS","Exp",2546362,10000,10,100,5,1.5,0,1,1,1,1,1,1,1,1,1,10000,10000,10000
