"method","distribution","seed","N","n1","n2","delta","scale","lambda3","lambda4","null","power0.01","l_CI","u_CI","power0.05","l_CI","u_CI","power0.10","l_CI","u_CI","ct_0.10","ct_0.05","ct_0.01"
"CVM","GLDLS",33121706,10000,10,10,0,2,-0.002,-0.002,1,0.0088,0.00639415390545114,0.0112058460945489,0.0481,0.0439060401072018,0.0522939598927982,0.0964,0.0915449631523952,0.101255036847605,964,481,88
"CVM","GLDLS",14149320,10000,10,10,0,2,-0.02,-0.02,1,0.0087,0.00630774187608109,0.0110922581239189,0.0476,0.0434267995928305,0.0517732004071695,0.0983,0.0934025084421946,0.103197491557805,983,476,87
"CVM","GLDLS",1053229,10000,10,10,0,2,-0.05,-0.05,1,0.0114,0.00866530694682127,0.0141346930531787,0.0527,0.0483206954577696,0.0570793045422304,0.1023,0.0973149521453877,0.107285047854612,1023,527,114
"CVM","GLDLS",1478240,10000,10,10,0,2,-0.1,-0.1,1,0.0093,0.00682737409756834,0.0117726259024317,0.047,0.0428518786710126,0.0511481213289874,0.0967,0.0918382217719465,0.101561778228053,967,470,93
"CVM","GLDLS",94194,10000,10,10,0,2,-0.2,-0.2,1,0.0102,0.00761166986137858,0.0127883301386214,0.0478,0.0436184806749699,0.0519815193250301,0.0988,0.0938914302559299,0.10370856974407,988,478,102
"CVM","GLDLS",104407,10000,10,10,0.5,2,-0.002,-0.002,0,0.073,0.0662988836922793,0.0797011163077207,0.225,0.21681538638664,0.23318461361336,0.3383,0.330516992149639,0.346083007850361,3383,2250,730
"CVM","GLDLS",57342,10000,10,10,0.5,2,-0.002,-0.02,0,0.0753,0.0685025851556628,0.0820974148443372,0.2201,0.211979447979454,0.228220552020546,0.3309,0.323159664223887,0.338640335776113,3309,2201,753
"CVM","GLDLS",1932196,10000,10,10,0.5,2,-0.002,-0.05,0,0.0789,0.0719555516613122,0.0858444483386878,0.2172,0.209118138747442,0.225281861252558,0.3241,0.316400781568109,0.331799218431891,3241,2172,789
"CVM","GLDLS",117332,10000,10,10,0.5,2,-0.002,-0.1,0,0.0686,0.0620885751392261,0.0751114248607739,0.21,0.202016758553069,0.217983241446931,0.3175,0.309842463158144,0.325157536841856,3175,2100,686
"CVM","GLDLS",108603166,10000,10,10,0.5,2,-0.002,-0.2,0,0.0617,0.0555018897242518,0.0678981102757482,0.1873,0.179653017612574,0.194946982387426,0.2866,0.27916175382129,0.29403824617871,2866,1873,617
"CVM","GLDLS",107694,10000,10,10,1,2,-0.002,-0.002,0,0.3792,0.366701558058256,0.391698441941744,0.6471,0.637733709997315,0.656466290002685,0.7596,0.752570480953607,0.766629519046393,7596,6471,3792
"CVM","GLDLS",111670242,10000,10,10,1,2,-0.002,-0.02,0,0.3772,0.3647144981693,0.3896855018307,0.6404,0.630994290212089,0.649805709787911,0.7551,0.748026041136395,0.762173958863605,7551,6404,3772
"CVM","GLDLS",835770,10000,10,10,1,2,-0.002,-0.05,0,0.3627,0.35031512591001,0.37508487408999,0.6334,0.623955231200797,0.642844768799203,0.7461,0.738940284379881,0.753259715620119,7461,6334,3627
"CVM","GLDLS",243399749,10000,10,10,1,2,-0.002,-0.1,0,0.3444,0.332159563576471,0.356640436423529,0.6151,0.605563195268938,0.624636804731062,0.7367,0.729455028744103,0.743944971255897,7367,6151,3444
"CVM","GLDLS",19861,10000,10,10,1,2,-0.002,-0.2,0,0.2987,0.286909956988973,0.310490043011027,0.5678,0.558090516082427,0.577509483917573,0.6874,0.679774555701659,0.695025444298341,6874,5678,2987
"CVM","GLDLS",89447363,10000,10,10,1.5,2,-0.002,-0.002,0,0.7725,0.761700943752346,0.783299056247654,0.9268,0.921694895640479,0.931905104359521,0.9652,0.96218516060985,0.96821483939015,9652,9268,7725
"CVM","GLDLS",4005869,10000,10,10,1.5,2,-0.002,-0.02,0,0.7611,0.750115639075308,0.772084360924692,0.9246,0.91942490068362,0.92977509931638,0.9617,0.958542923559878,0.964857076440122,9617,9246,7611
"CVM","GLDLS",202610,10000,10,10,1.5,2,-0.002,-0.05,0,0.7478,0.736613064599971,0.758986935400029,0.9211,0.915816180611868,0.926383819388132,0.9615,0.958335020427495,0.964664979572505,9615,9211,7478
"CVM","GLDLS",116342000,10000,10,10,1.5,2,-0.002,-0.1,0,0.7155,0.703877707181386,0.727122292818614,0.9021,0.896275283950749,0.907924716049251,0.9473,0.9436245122592,0.950975487740801,9473,9021,7155
"CVM","GLDLS",239464758,10000,10,10,1.5,2,-0.002,-0.2,0,0.6552,0.642956194227051,0.667443805772949,0.8727,0.866167148877129,0.879232851122871,0.9311,0.926933478026462,0.935266521973538,9311,8727,6552
"CVM","GLDLS",223382554,10000,10,10,2,2,-0.002,-0.002,0,0.9571,0.951880208415158,0.962319791584842,0.9941,0.992598943242112,0.995601056757888,0.998,0.997265069669969,0.998734930330031,9980,9941,9571
"CVM","GLDLS",48541271,10000,10,10,2,2,-0.002,-0.02,0,0.9484,0.942701422196254,0.954098577803746,0.9928,0.991142882881146,0.994457117118854,0.9981,0.997383642634591,0.998816357365409,9981,9928,9484
"CVM","GLDLS",22740,10000,10,10,2,2,-0.002,-0.05,0,0.9419,0.935873900152033,0.947926099847967,0.9917,0.989921780885942,0.993478219114058,0.9972,0.996330767305953,0.998069232694047,9972,9917,9419
"CVM","GLDLS",117772844,10000,10,10,2,2,-0.002,-0.1,0,0.9276,0.920924319980749,0.934275680019251,0.9878,0.98564835559964,0.98995164440036,0.9963,0.99530123841595,0.99729876158405,9963,9878,9276
"CVM","GLDLS",278431,10000,10,10,2,2,-0.002,-0.2,0,0.8896,0.881527133280006,0.897672866719994,0.9786,0.975763612493611,0.981436387506389,0.9909,0.98933792632793,0.99246207367207,9909,9786,8896
"CVM","GLDLS",25180849,10000,10,10,2.5,2,-0.002,-0.002,0,0.9947,0.992829619989089,0.996570380010911,0.9999,0.999704009800245,1.00009599019976,0.9999,0.999735508225206,1.00006449177479,9999,9999,9947
"CVM","GLDLS",4878444,10000,10,10,2.5,2,-0.002,-0.02,0,0.9958,0.994134070706442,0.997465929293558,0.9997,0.99936056896783,1.00003943103217,1,1,1,10000,9997,9958
"CVM","GLDLS",41530,10000,10,10,2.5,2,-0.002,-0.05,0,0.991,0.988567213816547,0.993432786183453,0.9996,0.999208078407842,0.999991921592158,1,1,1,10000,9996,9910
"CVM","GLDLS",7968559,10000,10,10,2.5,2,-0.002,-0.1,0,0.9864,0.983416391438693,0.989383608561307,0.9985,0.997741464806354,0.999258535193646,0.9995,0.999132258787495,0.999867741212506,9995,9985,9864
"CVM","GLDLS",5741644,10000,10,10,2.5,2,-0.002,-0.2,0,0.9723,0.968072477905049,0.976527522094951,0.9967,0.995575925048051,0.997824074951949,0.9994,0.998997179837769,0.999802820162231,9994,9967,9723
"CVM","GLDLS",63241196,10000,20,20,0,2,-0.002,-0.002,1,0.0101,0.00752425890101043,0.0126757410989896,0.0488,0.0445771864817873,0.0530228135182127,0.1011,0.0961409650363226,0.106059034963677,1011,488,101
"CVM","GLDLS",108187545,10000,20,20,0,2,-0.02,-0.02,1,0.0104,0.00778668132697445,0.0130133186730255,0.0498,0.0455363823068197,0.0540636176931803,0.0995,0.0945759857484594,0.104424014251541,995,498,104
"CVM","GLDLS",233536297,10000,20,20,0,2,-0.05,-0.05,1,0.0099,0.00734963120325236,0.0124503687967476,0.0459,0.0417983427897495,0.0500016572102505,0.0939,0.0891017070034256,0.0986982929965744,939,459,99
"CVM","GLDLS",81182005,10000,20,20,0,2,-0.1,-0.1,1,0.011,0.00831316902087236,0.0136868309791276,0.0519,0.0475522273768745,0.0562477726231255,0.1009,0.095945321442114,0.105854678557886,1009,519,110
"CVM","GLDLS",165656595,10000,20,20,0,2,-0.2,-0.2,1,0.0098,0.00726241640782102,0.012337583592179,0.0493,0.0450567240295262,0.0535432759704738,0.0979,0.0930113990300931,0.102788600969907,979,493,98
"CVM","GLDLS",105524011,10000,20,20,0.5,2,-0.002,-0.002,0,0.1922,0.182049802919607,0.202350197080393,0.4096,0.399961505147877,0.419238494852123,0.5331,0.52489304257383,0.541306957426171,5331,4096,1922
"CVM","GLDLS",493060,10000,20,20,0.5,2,-0.002,-0.02,0,0.1892,0.179110647520245,0.199289352479755,0.4094,0.39976222658378,0.41903777341622,0.5379,0.52969866298321,0.54610133701679,5379,4094,1892
"CVM","GLDLS",24182,10000,20,20,0.5,2,-0.002,-0.05,0,0.1882,0.178131142564969,0.198268857435031,0.3932,0.383626172194906,0.402773827805094,0.521,0.512782257652037,0.529217742347963,5210,3932,1882
"CVM","GLDLS",20249283,10000,20,20,0.5,2,-0.002,-0.1,0,0.1743,0.164527499652649,0.184072500347351,0.3803,0.370784973938785,0.389815026061215,0.5076,0.499375950206887,0.515824049793113,5076,3803,1743
"CVM","GLDLS",97883207,10000,20,20,0.5,2,-0.002,-0.2,0,0.156,0.14665284636232,0.16534715363768,0.3553,0.34591935911861,0.36468064088139,0.481,0.47278094059533,0.48921905940467,4810,3553,1560
"CVM","GLDLS",14346531,10000,20,20,1,2,-0.002,-0.002,0,0.7875,0.776962184097262,0.798037815902738,0.9282,0.923140133301993,0.933259866698007,0.9612,0.958023208981944,0.964376791018056,9612,9282,7875
"CVM","GLDLS",1612693,10000,20,20,1,2,-0.002,-0.02,0,0.7784,0.767701271901252,0.789098728098748,0.9254,0.920250201544293,0.930549798455707,0.9635,0.960415120574581,0.966584879425419,9635,9254,7784
"CVM","GLDLS",6378915,10000,20,20,1,2,-0.002,-0.05,0,0.7633,0.752350542081074,0.774249457918926,0.9148,0.909328089986705,0.920271910013295,0.9566,0.953248216526221,0.959951783473779,9566,9148,7633
"CVM","GLDLS",3098659,10000,20,20,1,2,-0.002,-0.1,0,0.7411,0.729816332230241,0.752383667769759,0.9044,0.898636778725192,0.910163221274808,0.949,0.945381037386557,0.952618962613443,9490,9044,7411
"CVM","GLDLS",22945707,10000,20,20,1,2,-0.002,-0.2,0,0.681,0.668993546141912,0.693006453858088,0.8741,0.867597962101741,0.880602037898259,0.9295,0.925289000810452,0.933710999189548,9295,8741,6810
"CVM","GLDLS",1547741,10000,20,20,1.5,2,-0.002,-0.002,0,0.9909,0.988453859100758,0.993346140899242,0.9987,0.997993771446627,0.999406228553373,0.9996,0.999271065806581,0.999928934193419,9996,9987,9909
"CVM","GLDLS",125788,10000,20,20,1.5,2,-0.002,-0.02,0,0.9902,0.987662416407821,0.992737583592179,0.9985,0.997741464806354,0.999258535193646,0.9995,0.999132258787495,0.999867741212506,9995,9985,9902
"CVM","GLDLS",45270,10000,20,20,1.5,2,-0.002,-0.05,0,0.9858,0.982752214224599,0.988847785775401,0.9972,0.996164318492199,0.998235681507801,0.9989,0.99835471537618,0.99944528462382,9989,9972,9858
"CVM","GLDLS",320069,10000,20,20,1.5,2,-0.002,-0.1,0,0.9845,0.981317857909898,0.987682142090102,0.9979,0.997002758753512,0.998797241246488,0.9993,0.998864926265128,0.999735073734871,9993,9979,9845
"CVM","GLDLS",1161125,10000,20,20,1.5,2,-0.002,-0.2,0,0.9671,0.962505063655502,0.971694936344497,0.9941,0.992598943242112,0.995601056757888,0.9981,0.997383642634591,0.998816357365409,9981,9941,9671
"CVM","GLDLS",18725,10000,20,20,2,2,-0.002,-0.002,0,0.9999,0.999642412880322,1.00015758711968,1,1,1,1,1,1,10000,10000,9999
"CVM","GLDLS",6534180,10000,20,20,2,2,-0.002,-0.02,0,1,1,1,1,1,1,1,1,1,10000,10000,10000
"CVM","GLDLS",8210447,10000,20,20,2,2,-0.002,-0.05,0,1,1,1,1,1,1,1,1,1,10000,10000,10000
"CVM","GLDLS",9242151,10000,20,20,2,2,-0.002,-0.1,0,0.9998,0.999435735018296,1.0001642649817,1,1,1,1,1,1,10000,10000,9998
"CVM","GLDLS",33998742,10000,20,20,2,2,-0.002,-0.2,0,0.999,0.99818580467798,0.99981419532202,0.9999,0.999704009800245,1.00009599019976,1,1,1,10000,9999,9990
"CVM","GLDLS",22809,10000,20,20,2.5,2,-0.002,-0.002,0,1,1,1,1,1,1,1,1,1,10000,10000,10000
"CVM","GLDLS",57462970,10000,20,20,2.5,2,-0.002,-0.02,0,1,1,1,1,1,1,1,1,1,10000,10000,10000
"CVM","GLDLS",1773947,10000,20,20,2.5,2,-0.002,-0.05,0,1,1,1,1,1,1,1,1,1,10000,10000,10000
"CVM","GLDLS",2470131,10000,20,20,2.5,2,-0.002,-0.1,0,1,1,1,1,1,1,1,1,1,10000,10000,10000
"CVM","GLDLS",299133,10000,20,20,2.5,2,-0.002,-0.2,0,1,1,1,1,1,1,1,1,1,10000,10000,10000
"CVM","GLDLS",123616711,10000,100,100,0,2,-0.002,-0.002,1,0.0099,0.00734963120325236,0.0124503687967476,0.0481,0.0439060401072018,0.0522939598927982,0.1012,0.0962387890860799,0.10616121091392,1012,481,99
"CVM","GLDLS",53401,10000,100,100,0,2,-0.02,-0.02,1,0.0109,0.00822527455888572,0.0135747254411143,0.0518,0.0474561889403889,0.0561438110596111,0.0999,0.0949671940952461,0.104832805904754,999,518,109
"CVM","GLDLS",277160349,10000,100,100,0,2,-0.05,-0.05,1,0.0086,0.00622141025800917,0.0109785897419908,0.0493,0.0450567240295262,0.0535432759704738,0.101,0.0960431424876743,0.105956857512326,1010,493,86
"CVM","GLDLS",50905,10000,100,100,0,2,-0.1,-0.1,1,0.0091,0.00665385910075809,0.0115461408992419,0.0469,0.042756076518274,0.051043923481726,0.0952,0.090372073248443,0.100027926751557,952,469,91
"CVM","GLDLS",2040902,10000,100,100,0,2,-0.2,-0.2,1,0.0105,0.00787428002833509,0.0131257199716649,0.0492,0.0449608068058179,0.0534391931941821,0.0992,0.0942825955815695,0.104117404418431,992,492,105
"CVM","GLDLS",1668684,10000,100,100,0.5,2,-0.002,-0.002,0,0.9186,0.91155596862546,0.92564403137454,0.9781,0.975231401557833,0.980968598442166,0.9901,0.988471367752077,0.991728632247923,9901,9781,9186
"CVM","GLDLS",3761444,10000,100,100,0.5,2,-0.002,-0.02,0,0.9134,0.906155051405694,0.920644948594306,0.9748,0.971728050287912,0.977871949712088,0.9884,0.98663858672436,0.99016141327564,9884,9748,9134
"CVM","GLDLS",2295532,10000,100,100,0.5,2,-0.002,-0.05,0,0.904,0.896411329600095,0.911588670399905,0.9738,0.970669298926822,0.976930701073178,0.9873,0.985457988525341,0.989142011474659,9873,9738,9040
"CVM","GLDLS",28951915,10000,100,100,0.5,2,-0.002,-0.1,0,0.8858,0.877606928430147,0.893993071569853,0.9664,0.962868134384437,0.969931865615564,0.9837,0.981616991509433,0.985783008490567,9837,9664,8858
"CVM","GLDLS",354628900,10000,100,100,0.5,2,-0.002,-0.2,0,0.8421,0.832706687791307,0.851493312208693,0.949,0.944688044545685,0.953311955454315,0.9745,0.971906854328354,0.977093145671646,9745,9490,8421
"CVM","GLDLS",195975960,10000,100,100,1,2,-0.002,-0.002,0,1,1,1,1,1,1,1,1,1,10000,10000,10000
"CVM","GLDLS",33865904,10000,100,100,1,2,-0.002,-0.02,0,1,1,1,1,1,1,1,1,1,10000,10000,10000
"CVM","GLDLS",6876427,10000,100,100,1,2,-0.002,-0.05,0,1,1,1,1,1,1,1,1,1,10000,10000,10000
"CVM","GLDLS",220742,10000,100,100,1,2,-0.002,-0.1,0,1,1,1,1,1,1,1,1,1,10000,10000,10000
"CVM","GLDLS",1504826,10000,100,100,1,2,-0.002,-0.2,0,1,1,1,1,1,1,1,1,1,10000,10000,10000
"CVM","GLDLS",2694291,10000,100,100,1.5,2,-0.002,-0.002,0,1,1,1,1,1,1,1,1,1,10000,10000,10000
"CVM","GLDLS",29603,10000,100,100,1.5,2,-0.002,-0.02,0,1,1,1,1,1,1,1,1,1,10000,10000,10000
"CVM","GLDLS",11948488,10000,100,100,1.5,2,-0.002,-0.05,0,1,1,1,1,1,1,1,1,1,10000,10000,10000
"CVM","GLDLS",14846021,10000,100,100,1.5,2,-0.002,-0.1,0,1,1,1,1,1,1,1,1,1,10000,10000,10000
"CVM","GLDLS",86174,10000,100,100,1.5,2,-0.002,-0.2,0,1,1,1,1,1,1,1,1,1,10000,10000,10000
"CVM","GLDLS",1655390,10000,100,100,2,2,-0.002,-0.002,0,1,1,1,1,1,1,1,1,1,10000,10000,10000
"CVM","GLDLS",2198773,10000,100,100,2,2,-0.002,-0.02,0,1,1,1,1,1,1,1,1,1,10000,10000,10000
"CVM","GLDLS",1690687,10000,100,100,2,2,-0.002,-0.05,0,1,1,1,1,1,1,1,1,1,10000,10000,10000
"CVM","GLDLS",7389375,10000,100,100,2,2,-0.002,-0.1,0,1,1,1,1,1,1,1,1,1,10000,10000,10000
"CVM","GLDLS",8439052,10000,100,100,2,2,-0.002,-0.2,0,1,1,1,1,1,1,1,1,1,10000,10000,10000
"CVM","GLDLS",3064457,10000,100,100,2.5,2,-0.002,-0.002,0,1,1,1,1,1,1,1,1,1,10000,10000,10000
"CVM","GLDLS",63973,10000,100,100,2.5,2,-0.002,-0.02,0,1,1,1,1,1,1,1,1,1,10000,10000,10000
"CVM","GLDLS",980232,10000,100,100,2.5,2,-0.002,-0.05,0,1,1,1,1,1,1,1,1,1,10000,10000,10000
"CVM","GLDLS",87696383,10000,100,100,2.5,2,-0.002,-0.1,0,1,1,1,1,1,1,1,1,1,10000,10000,10000
"CVM","GLDLS",169549085,10000,100,100,2.5,2,-0.002,-0.2,0,1,1,1,1,1,1,1,1,1,10000,10000,10000
"CVM","GLDLS",17622835,10000,10,100,0,2,-0.002,-0.002,1,0.0099,0.00734963120325236,0.0124503687967476,0.0509,0.0465920470719378,0.0552079529280622,0.1014,0.0964344416810292,0.106365558318971,1014,509,99
"CVM","GLDLS",98265169,10000,10,100,0,2,-0.02,-0.02,1,0.0101,0.00752425890101043,0.0126757410989896,0.0497,0.0454404410761676,0.0539595589238324,0.1002,0.0952606163769252,0.105139383623075,1002,497,101
"CVM","GLDLS",58380,10000,10,100,0,2,-0.05,-0.05,1,0.01,0.00743691236201335,0.0125630876379867,0.0477,0.0435226376032717,0.0518773623967283,0.0967,0.0918382217719465,0.101561778228053,967,477,100
"CVM","GLDLS",1115869,10000,10,100,0,2,-0.1,-0.1,1,0.0102,0.00761166986137858,0.0127883301386214,0.0534,0.0489933358750184,0.0578066641249816,0.1045,0.099467812175666,0.109532187824334,1045,534,102
"CVM","GLDLS",47556,10000,10,100,0,2,-0.2,-0.2,1,0.0092,0.00674057959837363,0.0116594204016264,0.0451,0.0410325400163739,0.0491674599836261,0.0953,0.0904698051808674,0.100130194819133,953,451,92
"CVM","GLDLS",2619990,10000,10,100,0.5,2,-0.002,-0.002,0,0.1771,0.167266034724142,0.186933965275858,0.3841,0.374566918037151,0.393633081962849,0.5125,0.504277570714237,0.520722429285763,5125,3841,1771
"CVM","GLDLS",2758628,10000,10,100,0.5,2,-0.002,-0.02,0,0.1775,0.167657328500859,0.187342671499141,0.388,0.378449026386802,0.397550973613198,0.5116,0.50337721380993,0.51982278619007,5116,3880,1775
"CVM","GLDLS",901010,10000,10,100,0.5,2,-0.002,-0.05,0,0.1688,0.159150943551359,0.178449056448641,0.3772,0.367700161650554,0.386699838349446,0.5058,0.497575553396617,0.514024446603383,5058,3772,1688
"CVM","GLDLS",48447,10000,10,100,0.5,2,-0.002,-0.1,0,0.1647,0.155145369446158,0.174254630553842,0.3676,0.358149827123359,0.377050172876641,0.4911,0.482876303107727,0.499323696892273,4911,3676,1647
"CVM","GLDLS",44711,10000,10,100,0.5,2,-0.002,-0.2,0,0.1548,0.145482249418014,0.164117750581986,0.3362,0.32694079818939,0.34545920181061,0.4525,0.444312199433952,0.460687800566048,4525,3362,1548
"CVM","GLDLS",21571664,10000,10,100,1,2,-0.002,-0.002,0,0.7494,0.738236683539733,0.760563316460267,0.9067,0.900999293249289,0.912400706750711,0.9476,0.943934408440702,0.951265591559298,9476,9067,7494
"CVM","GLDLS",619998,10000,10,100,1,2,-0.002,-0.02,0,0.7452,0.733975112587999,0.756424887412001,0.9008,0.894940964948253,0.906659035051747,0.9446,0.940836908700138,0.948363091299862,9446,9008,7452
"CVM","GLDLS",155763,10000,10,100,1,2,-0.002,-0.05,0,0.7242,0.712687430901561,0.735712569098439,0.8868,0.880589992466865,0.893010007533136,0.9371,0.933106219483625,0.941093780516375,9371,8868,7242
"CVM","GLDLS",176548191,10000,10,100,1,2,-0.002,-0.1,0,0.695,0.683139904647938,0.706860095352062,0.8753,0.868824582683286,0.881775417316714,0.9305,0.926316724247151,0.934683275752849,9305,8753,6950
"CVM","GLDLS",28254386,10000,10,100,1,2,-0.002,-0.2,0,0.6388,0.626426225896605,0.651173774103395,0.8391,0.831898201700242,0.846301798299758,0.9036,0.898744963152395,0.908455036847605,9036,8391,6388
"CVM","GLDLS",3104197,10000,10,100,1.5,2,-0.002,-0.002,0,0.984,0.980767761497909,0.987232238502091,0.997,0.995928075301152,0.998071924698848,0.9995,0.999132258787495,0.999867741212506,9995,9970,9840
"CVM","GLDLS",126655449,10000,10,100,1.5,2,-0.002,-0.02,0,0.9799,0.976284779706045,0.983515220293955,0.9971,0.996046039272838,0.998153960727162,0.9991,0.998606722124989,0.999593277875011,9991,9971,9799
"CVM","GLDLS",332787570,10000,10,100,1.5,2,-0.002,-0.05,0,0.9739,0.969793013311063,0.978006986688937,0.9947,0.993276884774307,0.996123115225693,0.9978,0.997029275805557,0.998570724194443,9978,9947,9739
"CVM","GLDLS",351652,10000,10,100,1.5,2,-0.002,-0.1,0,0.9623,0.957393500299307,0.967206499700693,0.9923,0.990586741364067,0.994013258635933,0.9964,0.995414778201825,0.997385221798175,9964,9923,9623
"CVM","GLDLS",74361005,10000,10,100,1.5,2,-0.002,-0.2,0,0.9362,0.929904350861599,0.942495649138402,0.9835,0.981003191549197,0.985996808450803,0.9919,0.990425508216376,0.993374491783624,9919,9835,9362
"CVM","GLDLS",60359224,10000,10,100,2,2,-0.002,-0.002,0,0.9998,0.999435735018296,1.0001642649817,1,1,1,1,1,1,10000,10000,9998
"CVM","GLDLS",235013019,10000,10,100,2,2,-0.002,-0.02,0,0.9993,0.998618693044967,0.999981306955033,1,1,1,1,1,1,10000,10000,9993
"CVM","GLDLS",1117477,10000,10,100,2,2,-0.002,-0.05,0,0.999,0.99818580467798,0.99981419532202,1,1,1,1,1,1,10000,10000,9990
"CVM","GLDLS",283330342,10000,10,100,2,2,-0.002,-0.1,0,0.9975,0.99621361100751,0.99878638899249,0.9999,0.999704009800245,1.00009599019976,1,1,1,10000,9999,9975
"CVM","GLDLS",10668023,10000,10,100,2,2,-0.002,-0.2,0,0.9947,0.992829619989089,0.996570380010911,0.9991,0.998512264659562,0.999687735340438,0.9997,0.999415120383714,0.999984879616286,9997,9991,9947
"CVM","GLDLS",211167301,10000,10,100,2.5,2,-0.002,-0.002,0,1,1,1,1,1,1,1,1,1,10000,10000,10000
"CVM","GLDLS",3585695,10000,10,100,2.5,2,-0.002,-0.02,0,1,1,1,1,1,1,1,1,1,10000,10000,10000
"CVM","GLDLS",10881252,10000,10,100,2.5,2,-0.002,-0.05,0,0.9999,0.999642412880322,1.00015758711968,1,1,1,1,1,1,10000,10000,9999
"CVM","GLDLS",101281,10000,10,100,2.5,2,-0.002,-0.1,0,0.9998,0.999435735018296,1.0001642649817,1,1,1,1,1,1,10000,10000,9998
"CVM","GLDLS",1434405,10000,10,100,2.5,2,-0.002,-0.2,0,0.9985,0.997503068031208,0.999496931968792,0.9998,0.999522841861747,1.00007715813825,1,1,1,10000,9998,9985
