"method","distribution","seed","N","n1","n2","delta","sd","g1","g2","h","null","power0.01","l_CI","u_CI","power0.05","l_CI","u_CI","power0.10","l_CI","u_CI","ct_0.10","ct_0.05","ct_0.01"
"HFR","ghEqual",98429614,10000,10,10,0,3,1,1,0,1,0.007,0.00485232034567536,0.00914767965432464,0.0539,0.0494739228964692,0.0583260771035308,0.1013,0.0963366146349719,0.106263385365028,1013,539,70
"HFR","ghEqual",2469496,10000,10,10,0,3,3,3,0,1,0.007,0.00485232034567536,0.00914767965432464,0.0518,0.0474561889403889,0.0561438110596111,0.0945,0.0896879953995892,0.0993120046004108,945,518,70
"HFR","ghEqual",69977278,10000,10,10,0,3,-3,-3,0,1,0.0048,0.00301958329256997,0.00658041670743003,0.0509,0.0465920470719378,0.0552079529280622,0.1036,0.0985870115508212,0.108612988449179,1036,509,48
"HFR","ghEqual",76496487,10000,10,10,0,3,-1,-1,0,1,0.006,0.00401063406925724,0.00798936593074276,0.0527,0.0483206954577696,0.0570793045422304,0.1013,0.0963366146349719,0.106263385365028,1013,527,60
"HFR","ghEqual",51451,10000,10,10,0.5,3,1,1,0,0,0.0142,0.0111522142245991,0.0172477857754009,0.0956,0.089836778725192,0.101363221274808,0.1607,0.154658671487597,0.166741328512403,1607,956,142
"HFR","ghEqual",200551726,10000,10,10,0.5,3,3,3,0,0,0.0837,0.0765660932047401,0.0908339067952599,0.2635,0.254865588216908,0.272134411783092,0.3486,0.340761129844225,0.356438870155775,3486,2635,837
"HFR","ghEqual",257470061,10000,10,10,0.5,3,1,3,0,0,0.0993,0.0915961012862982,0.107003898713702,0.3002,0.291216441827783,0.309183558172217,0.3886,0.380581742159353,0.396618257840647,3886,3002,993
"HFR","ghEqual",846020,10000,10,10,0.5,3,-1,1,0,0,0.0439,0.0386224813355608,0.0491775186644392,0.2038,0.195904688889626,0.211695311110374,0.317,0.30934569285451,0.32465430714549,3170,2038,439
"HFR","ghEqual",7310582,10000,10,10,0.5,3,-3,3,0,0,0.1444,0.135345492282047,0.153454507717953,0.4262,0.416507338053476,0.435892661946524,0.5531,0.544921514108041,0.561278485891959,5531,4262,1444
"HFR","ghEqual",171645398,10000,10,10,0.5,3,-1,3,0,0,0.0887,0.081376168333976,0.096023831666024,0.3135,0.304407252844162,0.322592747155838,0.4391,0.43093623789286,0.44726376210714,4391,3135,887
"HFR","ghEqual",42847892,10000,10,10,0.5,3,1,-3,0,0,0.0186,0.0151196304717022,0.0220803695282978,0.1163,0.11001654721275,0.12258345278725,0.1968,0.190259810994291,0.203340189005709,1968,1163,186
"HFR","ghEqual",1865094,10000,10,10,1,3,1,1,0,0,0.0519,0.0461857845524636,0.0576142154475364,0.2107,0.202707007774206,0.218692992225794,0.3072,0.299611071737959,0.314788928262041,3072,2107,519
"HFR","ghEqual",627624,10000,10,10,1,3,3,3,0,0,0.1914,0.181265934804596,0.201534065195404,0.4543,0.444541020254063,0.464058979745937,0.5379,0.52969866298321,0.54610133701679,5379,4543,1914
"HFR","ghEqual",34547722,10000,10,10,1,3,1,3,0,0,0.1942,0.184009767264604,0.204390232735396,0.4452,0.435459037411344,0.454940962588656,0.5312,0.522991028706202,0.539408971293798,5312,4452,1942
"HFR","ghEqual",5154734,10000,10,10,1,3,-1,1,0,0,0.0977,0.0900516347569892,0.105348365243011,0.3342,0.32495448325416,0.34344551674584,0.4647,0.456495523786933,0.472904476213067,4647,3342,977
"HFR","ghEqual",6426085,10000,10,10,1,3,-3,3,0,0,0.2915,0.279793284462395,0.303206715537605,0.6222,0.612697189879536,0.631702810120464,0.7364,0.729152378658374,0.743647621341627,7364,6222,2915
"HFR","ghEqual",177377,10000,10,10,1,3,-1,3,0,0,0.1797,0.169809773150285,0.189590226849715,0.4778,0.468009664429367,0.487590335570633,0.6075,0.59946734944994,0.61553265055006,6075,4778,1797
"HFR","ghEqual",69451990,10000,10,10,1,3,1,-3,0,0,0.0119,0.00910668580069051,0.0146933141993095,0.0803,0.0749735612511172,0.0856264387488828,0.1495,0.143634248537112,0.155365751462888,1495,803,119
"HFR","ghEqual",26140,10000,10,10,1.5,3,1,1,0,0,0.1074,0.0994241598635238,0.115375840136476,0.3496,0.340253865005554,0.358946134994446,0.4669,0.458693042573829,0.47510695742617,4669,3496,1074
"HFR","ghEqual",205192,10000,10,10,1.5,3,3,3,0,0,0.3057,0.293832283568783,0.317567716431217,0.5868,0.577148800781167,0.596451199218833,0.6561,0.648286115111164,0.663913884888836,6561,5868,3057
"HFR","ghEqual",23814,10000,10,10,1.5,3,1,3,0,0,0.2886,0.276927847516456,0.300272152483544,0.5635,0.55377935337336,0.57322064662664,0.6498,0.641952816169102,0.657647183830898,6498,5635,2886
"HFR","ghEqual",185289054,10000,10,10,1.5,3,-1,1,0,0,0.1905,0.180384164107618,0.200615835892382,0.5015,0.491700044100099,0.511299955899901,0.6307,0.622760978618257,0.638639021381743,6307,5015,1905
"HFR","ghEqual",51282,10000,10,10,1.5,3,-3,3,0,0,0.6591,0.646889455937963,0.671310544062037,0.9,0.89412,0.90588,0.9459,0.942178764567113,0.949621235432887,9459,9000,6591
"HFR","ghEqual",548143,10000,10,10,1.5,3,-1,3,0,0,0.3352,0.323039725767134,0.347360274232866,0.6727,0.663503135502053,0.681896864497947,0.7798,0.772983425665637,0.786616574334363,7798,6727,3352
"HFR","ghEqual",2452160,10000,10,10,1.5,3,1,-3,0,0,0.008,0.00570519024021598,0.010294809759784,0.0629,0.0581414530017662,0.0676585469982338,0.1208,0.115439032071127,0.126160967928873,1208,629,80
"HFR","ghEqual",220835,10000,10,10,2,3,1,1,0,0,0.1978,0.187538748524063,0.208061251475937,0.481,0.471207078156137,0.490792921843863,0.5958,0.58772738377774,0.60387261622226,5958,4810,1978
"HFR","ghEqual",562673,10000,10,10,2,3,3,3,0,0,0.4054,0.392752631187271,0.418047368812729,0.6737,0.664510373045134,0.682889626954866,0.7333,0.726025246994311,0.740574753005689,7333,6737,4054
"HFR","ghEqual",13478069,10000,10,10,2,3,1,3,0,0,0.3896,0.377037889905005,0.402162110094995,0.6517,0.642361939806491,0.661038060193509,0.7409,0.733692587043053,0.748107412956947,7409,6517,3896
"HFR","ghEqual",349625,10000,10,10,2,3,-1,1,0,0,0.3366,0.324427195472935,0.348772804527065,0.6765,0.667330891447911,0.685669108552089,0.7873,0.78056837719619,0.79403162280381,7873,6765,3366
"HFR","ghEqual",2805904,10000,10,10,2,3,-3,3,0,0,0.9958,0.994134070706442,0.997465929293558,0.9997,0.99936056896783,1.00003943103217,0.9998,0.999567385133966,1.00003261486603,9998,9997,9958
"HFR","ghEqual",44792,10000,10,10,2,3,-1,3,0,0,0.5634,0.550623963446274,0.576176036553726,0.8541,0.847181083678032,0.861018916321968,0.9186,0.914101773442889,0.923098226557111,9186,8541,5634
"HFR","ghEqual",186659,10000,10,10,2,3,1,-3,0,0,0.0113,0.00857718993386318,0.0140228100661368,0.0615,0.056791194329769,0.066208805670231,0.1217,0.116321853442981,0.127078146557019,1217,615,113
"HFR","ghEqual",426746,10000,10,10,2.5,3,1,1,0,0,0.2862,0.274556891483377,0.297843108516623,0.5831,0.573436297766259,0.59276370223374,0.6947,0.687124209541191,0.702275790458809,6947,5831,2862
"HFR","ghEqual",136003853,10000,10,10,2.5,3,3,3,0,0,0.4871,0.474224287435191,0.499975712564809,0.7294,0.720692312255116,0.738107687744884,0.7875,0.780770688214284,0.794229311785716,7875,7294,4871
"HFR","ghEqual",272905,10000,10,10,2.5,3,1,3,0,0,0.4685,0.455645585772724,0.481354414227276,0.7134,0.704537408808345,0.722262591191655,0.803,0.796457303302345,0.809542696697655,8030,7134,4685
"HFR","ghEqual",220313,10000,10,10,2.5,3,-1,1,0,0,0.5451,0.53227250310755,0.55792749689245,0.8444,0.837295476093192,0.851504523906808,0.9089,0.904166491705302,0.913633508294698,9089,8444,5451
"HFR","ghEqual",45846263,10000,10,10,2.5,3,-3,3,0,0,1,1,1,1,1,1,1,1,1,10000,10000,10000
"HFR","ghEqual",5467608,10000,10,10,2.5,3,-1,3,0,0,0.8386,0.829122908953529,0.848077091046471,0.9728,0.969611750469991,0.975988249530009,0.9875,0.98567236502294,0.989327634977061,9875,9728,8386
"HFR","ghEqual",32487,10000,10,10,2.5,3,1,-3,0,0,0.0157,0.0124977190820642,0.0189022809179358,0.0701,0.0650958167581113,0.0751041832418887,0.1355,0.12986987485047,0.14113012514953,1355,701,157
"HFR","ghEqual",50893449,10000,20,20,0,3,1,1,0,1,0.0088,0.00639415390545114,0.0112058460945489,0.0529,0.0485128566453329,0.0572871433546671,0.1008,0.0958475019016258,0.105752498098374,1008,529,88
"HFR","ghEqual",332545,10000,20,20,0,3,3,3,0,1,0.0112,0.00848912745672984,0.0139108725432702,0.0557,0.0512049071820929,0.0601950928179071,0.0999,0.0949671940952461,0.104832805904754,999,557,112
"HFR","ghEqual",142952143,10000,20,20,0,3,-3,-3,0,1,0.0087,0.00630774187608109,0.0110922581239189,0.0489,0.0446730842489588,0.0531269157510412,0.1017,0.0967279317825702,0.10667206821743,1017,489,87
"HFR","ghEqual",3874798,10000,20,20,0,3,-1,-1,0,1,0.0092,0.00674057959837363,0.0116594204016264,0.0503,0.0460161595938224,0.0545838404061776,0.1049,0.0998593165509055,0.109940683449094,1049,503,92
"HFR","ghEqual",63683539,10000,20,20,0.5,3,1,1,0,0,0.0419,0.0367387096603985,0.0470612903396015,0.1529,0.145846134817393,0.159953865182607,0.2362,0.229212920641649,0.243187079358351,2362,1529,419
"HFR","ghEqual",10731371,10000,20,20,0.5,3,3,3,0,0,0.2443,0.233231664795292,0.255368335204708,0.4775,0.467709927528358,0.487290072471642,0.5947,0.586623872374351,0.602776127625649,5947,4775,2443
"HFR","ghEqual",21963588,10000,20,20,0.5,3,1,3,0,0,0.2925,0.280781500225711,0.304218499774288,0.5341,0.524322817639504,0.543877182360496,0.6543,0.64647644658197,0.66212355341803,6543,5341,2925
"HFR","ghEqual",21629,10000,20,20,0.5,3,-1,1,0,0,0.1499,0.140704365876557,0.159095634123443,0.3591,0.349697162954172,0.368502837045828,0.4908,0.482576392445867,0.499023607554133,4908,3591,1499
"HFR","ghEqual",19684,10000,20,20,0.5,3,-3,3,0,0,0.4389,0.426116529208861,0.451683470791139,0.6964,0.687387685553289,0.705412314446711,0.7953,0.788662717314987,0.801937282685013,7953,6964,4389
"HFR","ghEqual",208804795,10000,20,20,0.5,3,-1,3,0,0,0.2951,0.283351180850578,0.306848819149422,0.5642,0.55448111988048,0.57391888011952,0.6888,0.681183906524838,0.696416093475162,6888,5642,2951
"HFR","ghEqual",45650,10000,20,20,0.5,3,1,-3,0,0,0.0553,0.0494121683739074,0.0611878316260926,0.1849,0.177290958136638,0.192509041863362,0.2896,0.282138662972791,0.297061337027209,2896,1849,553
"HFR","ghEqual",3170592,10000,20,20,1,3,1,1,0,0,0.1716,0.161887645056582,0.181312354943418,0.3948,0.385219369231956,0.404380630768044,0.5173,0.509079924794883,0.525520075205117,5173,3948,1716
"HFR","ghEqual",131171,10000,20,20,1,3,3,3,0,0,0.5146,0.501725492172561,0.527474507827439,0.7528,0.744344873496771,0.761255126503229,0.8347,0.828589629619591,0.840810370380409,8347,7528,5146
"HFR","ghEqual",84419,10000,20,20,1,3,1,3,0,0,0.5247,0.511835725518242,0.537564274481758,0.7445,0.735951618915841,0.753048381084159,0.8298,0.823617951677971,0.835982048322029,8298,7445,5247
"HFR","ghEqual",17874,10000,20,20,1,3,-1,1,0,0,0.3297,0.317590117146611,0.341809882853389,0.5905,0.580861865659787,0.600138134340213,0.7176,0.71019475445582,0.72500524554418,7176,5905,3297
"HFR","ghEqual",1574184,10000,20,20,1,3,-3,3,0,0,0.7183,0.706712434144069,0.729887565855931,0.8998,0.893914776959741,0.905685223040259,0.9458,0.942075523825838,0.949524476174162,9458,8998,7183
"HFR","ghEqual",22700,10000,20,20,1,3,-1,3,0,0,0.5368,0.523954932593755,0.549645067406245,0.7747,0.766511517123081,0.782888482876919,0.8602,0.854495478686524,0.865904521313476,8602,7747,5368
"HFR","ghEqual",295262,10000,20,20,1,3,1,-3,0,0,0.0208,0.0171236806630631,0.0244763193369369,0.0927,0.0870157732527986,0.0983842267472014,0.171,0.164806427541596,0.177193572458404,1710,927,208
"HFR","ghEqual",25208,10000,20,20,1.5,3,1,1,0,0,0.3741,0.361635002705891,0.386564997294109,0.6318,0.622346605665604,0.641253394334397,0.7376,0.730363005015229,0.744836994984771,7376,6318,3741
"HFR","ghEqual",90221,10000,20,20,1.5,3,3,3,0,0,0.7004,0.688599787399729,0.712200212600271,0.8648,0.85809803342342,0.87150196657658,0.9233,0.918922410822293,0.927677589177707,9233,8648,7004
"HFR","ghEqual",799082,10000,20,20,1.5,3,1,3,0,0,0.6934,0.681522532449055,0.705277467550945,0.856,0.849118641250451,0.862881358749549,0.91,0.905292310041007,0.914707689958993,9100,8560,6934
"HFR","ghEqual",6676612,10000,20,20,1.5,3,-1,1,0,0,0.5619,0.549119083388424,0.574680916611576,0.8055,0.797742020162439,0.813257979837561,0.8869,0.881690038281813,0.892109961718187,8869,8055,5619
"HFR","ghEqual",1543542,10000,20,20,1.5,3,-3,3,0,0,0.9782,0.974438267279381,0.981961732720619,0.996,0.994762868867096,0.997237131132904,0.9985,0.99786337224819,0.99913662775181,9985,9960,9782
"HFR","ghEqual",283708,10000,20,20,1.5,3,-1,3,0,0,0.7928,0.782359469775475,0.803240530224525,0.9329,0.927996175964168,0.937803824035832,0.9645,0.961456094293613,0.967543905706387,9645,9329,7928
"HFR","ghEqual",239853,10000,20,20,1.5,3,1,-3,0,0,0.0127,0.00981548841415119,0.0155845115858488,0.0644,0.0595889030167331,0.0692110969832669,0.1263,0.120835521199897,0.131764478800103,1263,644,127
"HFR","ghEqual",71520842,10000,20,20,2,3,1,1,0,0,0.578,0.565277689129659,0.590722310870341,0.7948,0.786884585196365,0.802715414803635,0.8645,0.85886987485047,0.87013012514953,8645,7948,5780
"HFR","ghEqual",5915657,10000,20,20,2,3,3,3,0,0,0.8184,0.808469146136221,0.828330853863779,0.9263,0.921178871806955,0.931421128193045,0.9593,0.956049573656461,0.962550426343539,9593,9263,8184
"HFR","ghEqual",1326561,10000,20,20,2,3,1,3,0,0,0.7893,0.778794924503242,0.799805075496758,0.9079,0.902232325576182,0.913567674423818,0.9456,0.941869052963978,0.949330947036022,9456,9079,7893
"HFR","ghEqual",2102476,10000,20,20,2,3,-1,1,0,0,0.7975,0.787148012990735,0.807851987009265,0.9346,0.929754285376294,0.939445714623706,0.9672,0.964270044879798,0.970129955120202,9672,9346,7975
"HFR","ghEqual",96462,10000,20,20,2,3,-3,3,0,0,1,1,1,1,1,1,1,1,1,10000,10000,10000
"HFR","ghEqual",38781475,10000,20,20,2,3,-1,3,0,0,0.9529,0.947442673019107,0.958357326980893,0.992,0.990253949095817,0.993746050904183,0.9975,0.996678528768383,0.998321471231617,9975,9920,9529
"HFR","ghEqual",1223567,10000,20,20,2,3,1,-3,0,0,0.0183,0.0148472844632759,0.0217527155367241,0.0731,0.0679981087053525,0.0782018912946475,0.1374,0.13173677266507,0.14306322733493,1374,731,183
"HFR","ghEqual",29356779,10000,20,20,2.5,3,1,1,0,0,0.7159,0.704282634403147,0.727517365596853,0.8828,0.876495494332971,0.889104505667029,0.9292,0.924980731807007,0.933419268192993,9292,8828,7159
"HFR","ghEqual",181732,10000,20,20,2.5,3,3,3,0,0,0.8675,0.858766495676992,0.876233504323008,0.949,0.944688044545685,0.953311955454315,0.9695,0.966671281513764,0.972328718486236,9695,9490,8675
"HFR","ghEqual",1607681,10000,20,20,2.5,3,1,3,0,0,0.8451,0.83577979170459,0.85442020829541,0.9397,0.935034380248499,0.944365619751501,0.9684,0.965522357533049,0.971277642466951,9684,9397,8451
"HFR","ghEqual",308028,10000,20,20,2.5,3,-1,1,0,0,0.9421,0.936083642392778,0.948116357607223,0.9877,0.985539664740463,0.989860335259537,0.9951,0.993951324639432,0.996248675360567,9951,9877,9421
"HFR","ghEqual",89241609,10000,20,20,2.5,3,-3,3,0,0,1,1,1,1,1,1,1,1,1,10000,10000,10000
"HFR","ghEqual",19854,10000,20,20,2.5,3,-1,3,0,0,0.9977,0.996466015334578,0.998933984665422,0.9999,0.999704009800245,1.00009599019976,1,1,1,10000,9999,9977
"HFR","ghEqual",37131,10000,20,20,2.5,3,1,-3,0,0,0.0331,0.0284915950367113,0.0377084049632887,0.1159,0.109625942643679,0.122174057356321,0.1948,0.188285032378561,0.201314967621439,1948,1159,331
"HFR","ghEqual",7150020,10000,100,100,0,3,1,1,0,1,0.0112,0.00848912745672984,0.0139108725432702,0.0534,0.0489933358750184,0.0578066641249816,0.1057,0.100642393795008,0.110757606204992,1057,534,112
"HFR","ghEqual",226657,10000,100,100,0,3,3,3,0,1,0.0091,0.00665385910075809,0.0115461408992419,0.0515,0.0471681006890741,0.0558318993109259,0.105,0.0999571962225861,0.110042803777414,1050,515,91
"HFR","ghEqual",33629,10000,100,100,0,3,-3,-3,0,1,0.0113,0.00857718993386318,0.0140228100661368,0.0519,0.0475522273768745,0.0562477726231255,0.1025,0.0975106374420799,0.10748936255792,1025,519,113
"HFR","ghEqual",87664309,10000,100,100,0,3,-1,-1,0,1,0.0104,0.00778668132697445,0.0130133186730255,0.0476,0.0434267995928305,0.0517732004071695,0.1018,0.09682576479769,0.10677423520231,1018,476,104
"HFR","ghEqual",6786147,10000,100,100,0.5,3,1,1,0,0,0.337,0.324823637376228,0.349176362623772,0.575,0.56531087723269,0.58468912276731,0.6968,0.689238907140472,0.704361092859528,6968,5750,3370
"HFR","ghEqual",4431332,10000,100,100,0.5,3,3,3,0,0,0.9527,0.947231672563636,0.958168327436364,0.9882,0.98608349402042,0.99031650597958,0.9942,0.99295084371198,0.99544915628802,9942,9882,9527
"HFR","ghEqual",3097436,10000,100,100,0.5,3,1,3,0,0,0.9741,0.970008359088319,0.978191640911681,0.9946,0.993163594105275,0.996036405894725,0.9979,0.997146958239554,0.998653041760446,9979,9946,9741
"HFR","ghEqual",24687473,10000,100,100,0.5,3,-1,1,0,0,0.8551,0.846032480365909,0.864167519634091,0.9536,0.949477143843596,0.957722856156404,0.9787,0.976324907664579,0.981075092335421,9787,9536,8551
"HFR","ghEqual",121895395,10000,100,100,0.5,3,-3,3,0,0,0.9988,0.997908182996206,0.999691817003794,1,1,1,1,1,1,10000,10000,9988
"HFR","ghEqual",47837584,10000,100,100,0.5,3,-1,3,0,0,0.9878,0.984972124502384,0.990627875497616,0.9975,0.996521225766584,0.998478774233416,0.9989,0.99835471537618,0.99944528462382,9989,9975,9878
"HFR","ghEqual",24712916,10000,100,100,0.5,3,1,-3,0,0,0.411,0.398325687323156,0.423674312676844,0.6506,0.641255102306478,0.659944897693522,0.7537,0.746612429924383,0.760787570075617,7537,6506,4110
"HFR","ghEqual",49504,10000,100,100,1,3,1,1,0,0,0.9035,0.895893697488635,0.911106302511365,0.9711,0.967816500384285,0.974383499615715,0.9879,0.986101480792992,0.989698519207008,9879,9711,9035
"HFR","ghEqual",198774,10000,100,100,1,3,3,3,0,0,0.999,0.99818580467798,0.99981419532202,0.9999,0.999704009800245,1.00009599019976,0.9999,0.999735508225206,1.00006449177479,9999,9999,9990
"HFR","ghEqual",13363478,10000,100,100,1,3,1,3,0,0,0.9995,0.998924132909779,1.00007586709022,0.9998,0.999522841861747,1.00007715813825,1,1,1,10000,9998,9995
"HFR","ghEqual",33719566,10000,100,100,1,3,-1,1,0,0,0.9906,0.98811424141895,0.99308575858105,0.999,0.998380503559332,0.999619496440668,0.9996,0.999271065806581,0.999928934193419,9996,9990,9906
"HFR","ghEqual",14802156,10000,100,100,1,3,-3,3,0,0,1,1,1,1,1,1,1,1,1,10000,10000,10000
"HFR","ghEqual",1340566,10000,100,100,1,3,-1,3,0,0,0.9994,0.998769200767229,1.00003079923277,0.9999,0.999704009800245,1.00009599019976,1,1,1,10000,9999,9994
"HFR","ghEqual",6711134,10000,100,100,1,3,1,-3,0,0,0.102,0.0942037795150727,0.109796220484927,0.2496,0.241117482299789,0.258082517700211,0.3617,0.353795897220508,0.369604102779492,3617,2496,1020
"HFR","ghEqual",4371325,10000,100,100,1.5,3,1,1,0,0,0.9968,0.995345127742592,0.998254872257408,0.9994,0.998920044062022,0.999879955937978,0.9999,0.999735508225206,1.00006449177479,9999,9994,9968
"HFR","ghEqual",51239,10000,100,100,1.5,3,3,3,0,0,1,1,1,1,1,1,1,1,1,10000,10000,10000
"HFR","ghEqual",977667,10000,100,100,1.5,3,1,3,0,0,1,1,1,1,1,1,1,1,1,10000,10000,10000
"HFR","ghEqual",10548942,10000,100,100,1.5,3,-1,1,0,0,0.9998,0.999435735018296,1.0001642649817,1,1,1,1,1,1,10000,10000,9998
"HFR","ghEqual",268530,10000,100,100,1.5,3,-3,3,0,0,1,1,1,1,1,1,1,1,1,10000,10000,10000
"HFR","ghEqual",30579214,10000,100,100,1.5,3,-1,3,0,0,1,1,1,1,1,1,1,1,1,10000,10000,10000
"HFR","ghEqual",342003,10000,100,100,1.5,3,1,-3,0,0,0.0138,0.0107948379142123,0.0168051620857877,0.0634,0.0586238519882231,0.0681761480117768,0.1204,0.115046697854259,0.125753302145741,1204,634,138
"HFR","ghEqual",328163338,10000,100,100,2,3,1,1,0,0,0.9999,0.999642412880322,1.00015758711968,1,1,1,1,1,1,10000,10000,9999
"HFR","ghEqual",3961076,10000,100,100,2,3,3,3,0,0,1,1,1,1,1,1,1,1,1,10000,10000,10000
"HFR","ghEqual",233161,10000,100,100,2,3,1,3,0,0,1,1,1,1,1,1,1,1,1,10000,10000,10000
"HFR","ghEqual",54785437,10000,100,100,2,3,-1,1,0,0,1,1,1,1,1,1,1,1,1,10000,10000,10000
"HFR","ghEqual",66540,10000,100,100,2,3,-3,3,0,0,1,1,1,1,1,1,1,1,1,10000,10000,10000
"HFR","ghEqual",228623785,10000,100,100,2,3,-1,3,0,0,1,1,1,1,1,1,1,1,1,10000,10000,10000
"HFR","ghEqual",274614489,10000,100,100,2,3,1,-3,0,0,0.0412,0.0360801353573892,0.0463198646426108,0.1248,0.118322356861203,0.131277643138797,0.2049,0.198260310686186,0.211539689313814,2049,1248,412
"HFR","ghEqual",36554,10000,100,100,2.5,3,1,1,0,0,1,1,1,1,1,1,1,1,1,10000,10000,10000
"HFR","ghEqual",32740,10000,100,100,2.5,3,3,3,0,0,1,1,1,1,1,1,1,1,1,10000,10000,10000
"HFR","ghEqual",133243565,10000,100,100,2.5,3,1,3,0,0,1,1,1,1,1,1,1,1,1,10000,10000,10000
"HFR","ghEqual",10681331,10000,100,100,2.5,3,-1,1,0,0,1,1,1,1,1,1,1,1,1,10000,10000,10000
"HFR","ghEqual",6799954,10000,100,100,2.5,3,-3,3,0,0,1,1,1,1,1,1,1,1,1,10000,10000,10000
"HFR","ghEqual",199312,10000,100,100,2.5,3,-1,3,0,0,1,1,1,1,1,1,1,1,1,10000,10000,10000
"HFR","ghEqual",50923,10000,100,100,2.5,3,1,-3,0,0,0.2004,0.19008828004397,0.21071171995603,0.3953,0.385717265343045,0.404882734656955,0.5174,0.50917998191078,0.52562001808922,5174,3953,2004
"HFR","ghEqual",703845,10000,10,100,0,3,1,1,0,1,0.0087,0.00630774187608109,0.0110922581239189,0.0456,0.0415111261865399,0.0496888738134601,0.0967,0.0918382217719465,0.101561778228053,967,456,87
"HFR","ghEqual",196562,10000,10,100,0,3,3,3,0,1,0.0071,0.00493714308998861,0.00926285691001139,0.045,0.0409368391614409,0.0490631608385591,0.0921,0.0873432018228671,0.0968567981771329,921,450,71
"HFR","ghEqual",17715,10000,10,100,0,3,-3,-3,0,1,0.0078,0.0055338285107221,0.0100661714892779,0.0496,0.0453445046193892,0.0538554953806108,0.0999,0.0949671940952461,0.104832805904754,999,496,78
"HFR","ghEqual",559066,10000,10,100,0,3,-1,-1,0,1,0.009,0.00656721381654696,0.011432786183453,0.0498,0.0455363823068197,0.0540636176931803,0.0982,0.0933047287462389,0.103095271253761,982,498,90
"HFR","ghEqual",11410449,10000,10,100,0.5,3,1,1,0,0,0.0796,0.0726274650869297,0.0865725349130703,0.1946,0.18684050778115,0.20235949221885,0.2784,0.271026922820314,0.285773077179686,2784,1946,796
"HFR","ghEqual",114251,10000,10,100,0.5,3,3,3,0,0,0.2994,0.287602042613738,0.311197957386262,0.4945,0.484700592917936,0.504299407082064,0.5595,0.551333444759302,0.567666555240698,5595,4945,2994
"HFR","ghEqual",233365872,10000,10,100,0.5,3,1,3,0,0,0.3095,0.297591473516778,0.321408526483222,0.513,0.503203312959985,0.522796687040015,0.5672,0.559049624094166,0.575350375905834,5672,5130,3095
"HFR","ghEqual",7654478,10000,10,100,0.5,3,-1,1,0,0,0.1541,0.144799491574514,0.163400508425486,0.3275,0.31830169368851,0.33669830631149,0.428,0.419860723518641,0.436139276481359,4280,3275,1541
"HFR","ghEqual",112773776,10000,10,100,0.5,3,-3,3,0,0,0.3545,0.342177407078313,0.366822592921687,0.574,0.564307923863279,0.583692076136721,0.6324,0.624468604907105,0.640331395092895,6324,5740,3545
"HFR","ghEqual",2371858,10000,10,100,0.5,3,-1,3,0,0,0.3287,0.316599479985775,0.340800520014225,0.5417,0.531934141716285,0.551465858283715,0.602,0.593947964444316,0.610052035555684,6020,5417,3287
"HFR","ghEqual",926833,10000,10,100,0.5,3,1,-3,0,0,0.0664,0.0599862752206924,0.0728137247793076,0.1806,0.173060146212134,0.188139853787866,0.2723,0.264977389897873,0.279622610102127,2723,1806,664
"HFR","ghEqual",65354835,10000,10,100,1,3,1,1,0,0,0.2339,0.222995551624667,0.244804448375333,0.4164,0.406737954609587,0.426062045390413,0.5124,0.504177529741033,0.520622470258967,5124,4164,2339
"HFR","ghEqual",62877706,10000,10,100,1,3,3,3,0,0,0.4776,0.464732931829534,0.490467068170466,0.6799,0.670756311361469,0.689043688638531,0.7185,0.711101929116697,0.725898070883303,7185,6799,4776
"HFR","ghEqual",343764564,10000,10,100,1,3,1,3,0,0,0.4753,0.462435725518242,0.488164274481758,0.6861,0.67700410498926,0.69519589501074,0.7277,0.720377389897873,0.735022610102127,7277,6861,4753
"HFR","ghEqual",69630,10000,10,100,1,3,-1,1,0,0,0.2921,0.28038620569986,0.30381379430014,0.5104,0.500602120165342,0.520197879834658,0.6138,0.605790867490177,0.621809132509823,6138,5104,2921
"HFR","ghEqual",7911930,10000,10,100,1,3,-3,3,0,0,0.5958,0.583158626511524,0.608441373488476,0.7629,0.754564039351436,0.771235960648564,0.8172,0.810842034353946,0.823557965646054,8172,7629,5958
"HFR","ghEqual",17651157,10000,10,100,1,3,-1,3,0,0,0.4978,0.484920124679003,0.510679875320997,0.7022,0.693237094228678,0.711162905771322,0.756,0.748934844689605,0.763065155310395,7560,7022,4978
"HFR","ghEqual",29730,10000,10,100,1,3,1,-3,0,0,0.0282,0.0239355909120517,0.0324644090879483,0.0975,0.0916859068634911,0.103314093136509,0.1613,0.155249567677283,0.167350432322717,1613,975,282
"HFR","ghEqual",65766,10000,10,100,1.5,3,1,1,0,0,0.4297,0.416947943703903,0.442452056296097,0.6186,0.609079683786428,0.628120316213572,0.6997,0.692159511093717,0.707240488906283,6997,6186,4297
"HFR","ghEqual",981056,10000,10,100,1.5,3,3,3,0,0,0.6005,0.587882864812264,0.613117135187736,0.7919,0.783943404442703,0.799856595557297,0.8174,0.811044735860163,0.823755264139837,8174,7919,6005
"HFR","ghEqual",13076665,10000,10,100,1.5,3,1,3,0,0,0.6418,0.629448818439591,0.654151181560409,0.8183,0.810742297183826,0.825857702816174,0.8478,0.841890919116825,0.853709080883175,8478,8183,6418
"HFR","ghEqual",40808905,10000,10,100,1.5,3,-1,1,0,0,0.4905,0.477622325049855,0.503377674950145,0.698,0.689001144997279,0.706998855002721,0.7732,0.766311362205748,0.780088637794252,7732,6980,4905
"HFR","ghEqual",303007042,10000,10,100,1.5,3,-3,3,0,0,0.9522,0.946704288887103,0.957695711112897,0.9847,0.982294231934371,0.987105768065629,0.9929,0.991518827788444,0.994281172211556,9929,9847,9522
"HFR","ghEqual",211308021,10000,10,100,1.5,3,-1,3,0,0,0.7196,0.708028745632163,0.731171254367837,0.8646,0.857893853770279,0.871306146229721,0.8964,0.891387011550821,0.901412988449179,8964,8646,7196
"HFR","ghEqual",266691980,10000,10,100,1.5,3,1,-3,0,0,0.0129,0.00999315891531993,0.0158068410846801,0.0636,0.0588168353398195,0.0683831646601805,0.1183,0.112987258379257,0.123612741620743,1183,636,129
"HFR","ghEqual",1633808,10000,10,100,2,3,1,1,0,0,0.5939,0.581249170108269,0.606550829891731,0.7665,0.758208070644295,0.774791929355705,0.8316,0.825444062722249,0.837755937277751,8316,7665,5939
"HFR","ghEqual",203393195,10000,10,100,2,3,3,3,0,0,0.7059,0.694162787650905,0.717637212349095,0.8675,0.860854942362929,0.874145057637071,0.8847,0.879446139109115,0.889953860890885,8847,8675,7059
"HFR","ghEqual",242464,10000,10,100,2,3,1,3,0,0,0.7544,0.743311804366009,0.765488195633991,0.8908,0.884686956380198,0.896913043619802,0.9103,0.905599388105706,0.915000611894294,9103,8908,7544
"HFR","ghEqual",295682324,10000,10,100,2,3,-1,1,0,0,0.7113,0.69962664602506,0.72297335397494,0.8581,0.851260628094452,0.864939371905548,0.9009,0.895984801935631,0.905815198064369,9009,8581,7113
"HFR","ghEqual",314315571,10000,10,100,2,3,-3,3,0,0,1,1,1,1,1,1,1,1,1,10000,10000,10000
"HFR","ghEqual",10898310,10000,10,100,2,3,-1,3,0,0,0.8877,0.879566661513936,0.895833338486064,0.9563,0.952293235034395,0.960306764965605,0.9706,0.967821184510785,0.973378815489215,9706,9563,8877
"HFR","ghEqual",20321,10000,10,100,2,3,1,-3,0,0,0.0151,0.0119585481968644,0.0182414518031356,0.0702,0.0651925179826983,0.0752074820173017,0.135,0.129378647232427,0.140621352767573,1350,702,151
"HFR","ghEqual",7823312,10000,10,100,2.5,3,1,1,0,0,0.7217,0.710155348841306,0.733244651158694,0.8612,0.85442354100067,0.86797645899933,0.9051,0.900278887220882,0.909921112779118,9051,8612,7217
"HFR","ghEqual",6693259,10000,10,100,2.5,3,3,3,0,0,0.7873,0.776758565141268,0.797841434858732,0.913,0.907476032860344,0.918523967139656,0.9243,0.919948687056787,0.928651312943213,9243,9130,7873
"HFR","ghEqual",18289,10000,10,100,2.5,3,1,3,0,0,0.835,0.825438389056231,0.844561610943769,0.9411,0.936485426099151,0.945714573900849,0.9534,0.949932659962579,0.956867340037421,9534,9411,8350
"HFR","ghEqual",30729684,10000,10,100,2.5,3,-1,1,0,0,0.9004,0.892685757782155,0.908114242217845,0.9624,0.95867155448499,0.96612844551501,0.9786,0.976219460485709,0.980980539514291,9786,9624,9004
"HFR","ghEqual",42395804,10000,10,100,2.5,3,-3,3,0,0,1,1,1,1,1,1,1,1,1,10000,10000,10000
"HFR","ghEqual",134641951,10000,10,100,2.5,3,-1,3,0,0,0.9855,0.982420656237183,0.988579343762817,0.9957,0.994417508330787,0.996982491669213,0.9978,0.997029275805557,0.998570724194443,9978,9957,9855
"HFR","ghEqual",11929684,10000,10,100,2.5,3,1,-3,0,0,0.0291,0.0247700826783247,0.0334299173216753,0.1264,0.11988692737286,0.13291307262714,0.2075,0.200829251177014,0.214170748822986,2075,1264,291
