"method","distribution","seed","N","n1","n2","delta","sd","g1","g2","h","null","power0.01","l_CI","u_CI","power0.05","l_CI","u_CI","power0.10","l_CI","u_CI"
"Yuen","ghEqual",193690912,1000,10,10,0,1,1,1,0,1,0.007,0.000208440607931048,0.013791559392069,0.047,0.0338824885896753,0.0601175114103247,0.089,0.0741877820372842,0.103812217962716
"Yuen","ghEqual",118070318,1000,10,10,0,1,3,3,0,1,0.003,-0.00145506520895037,0.00745506520895037,0.024,0.0145139239724742,0.0334860760275258,0.064,0.0512680825638869,0.0767319174361131
"Yuen","ghEqual",36004187,1000,10,10,0,1,1,3,0,1,0.004,-0.00114168567534034,0.00914168567534034,0.037,0.0253004252384969,0.0486995747615031,0.107,0.0909200934463225,0.123079906553677
"Yuen","ghEqual",22183002,1000,10,10,0,1,-1,1,0,1,0.014,0.00442919794876103,0.023570802051239,0.052,0.038238622394542,0.065761377605458,0.104,0.0881205090257905,0.119879490974209
"Yuen","ghEqual",25393831,1000,10,10,0,1,-3,3,0,1,0.015,0.00509830366048322,0.0249016963395168,0.061,0.0461661533512039,0.0758338466487961,0.151,0.132374487954019,0.169625512045981
"Yuen","ghEqual",23804491,1000,10,10,0,1,-1,3,0,1,0.018,0.00716976562691277,0.0288302343730872,0.061,0.0461661533512039,0.0758338466487961,0.116,0.0993420701286144,0.132657929871386
"Yuen","ghEqual",44861,1000,10,10,0,1,1,-3,0,1,0.01,0.00189480522134107,0.0181051947786589,0.055,0.0408696369473392,0.0691303630526608,0.122,0.10497476655373,0.13902523344627
"Yuen","ghEqual",62060,1000,10,10,0.5,3,1,1,0,0,0.009,0.00130685460010016,0.0166931453998998,0.051,0.0373643995951773,0.0646356004048227,0.113,0.0965310112097008,0.129468988790299
"Yuen","ghEqual",240528959,1000,10,10,0.5,3,3,3,0,0,0.012,0.00313017698846251,0.0208698230115375,0.033,0.0219279948699434,0.0440720051300566,0.081,0.0668072625975466,0.0951927374024534
"Yuen","ghEqual",89965,1000,10,10,0.5,3,1,3,0,0,0.008,0.000743174362298623,0.0152568256377014,0.053,0.0391142610711565,0.0668857389288435,0.137,0.119113243956072,0.154886756043928
"Yuen","ghEqual",383329,1000,10,10,0.5,3,-1,1,0,0,0.008,0.000743174362298623,0.0152568256377014,0.059,0.0443958296914888,0.0736041703085112,0.148,0.129527887819743,0.166472112180257
"Yuen","ghEqual",60558,1000,10,10,0.5,3,-3,3,0,0,0.011,0.00250349441805633,0.0194965055819437,0.088,0.0704412002232499,0.10555879977675,0.212,0.190738351136377,0.233261648863623
"Yuen","ghEqual",122950818,1000,10,10,0.5,3,-1,3,0,0,0.011,0.00250349441805633,0.0194965055819437,0.089,0.071351399874211,0.106648600125789,0.177,0.157145797226406,0.196854202773594
"Yuen","ghEqual",43104391,1000,10,10,0.5,3,1,-3,0,0,0.011,0.00250349441805633,0.0194965055819437,0.042,0.0295673567733969,0.0544326432266031,0.088,0.0732631501873704,0.10273684981263
"Yuen","ghEqual",73543,1000,10,10,1,3,1,1,0,0,0.012,0.00313017698846251,0.0208698230115375,0.085,0.0677147334414537,0.102285266558546,0.155,0.136173911070671,0.173826088929329
"Yuen","ghEqual",49304,1000,10,10,1,3,3,3,0,0,0.02,0.00859556184636876,0.0314044381536312,0.078,0.0613785528427877,0.0946214471572123,0.164,0.144738461857889,0.183261538142111
"Yuen","ghEqual",212733,1000,10,10,1,3,1,3,0,0,0.033,0.0184482218290684,0.0475517781709316,0.125,0.104501829349915,0.145498170650085,0.231,0.20907522919219,0.25292477080781
"Yuen","ghEqual",182537,1000,10,10,1,3,-1,1,0,0,0.018,0.00716976562691277,0.0288302343730872,0.111,0.0915298883824463,0.130470111617554,0.228,0.206175616929682,0.249824383070318
"Yuen","ghEqual",63354,1000,10,10,1,3,-3,3,0,0,0.038,0.0224251026502259,0.0535748973497741,0.187,0.162833033090601,0.211166966909399,0.374,0.348829672288586,0.399170327711414
"Yuen","ghEqual",538492,1000,10,10,1,3,-1,3,0,0,0.028,0.0145612768606538,0.0414387231393462,0.156,0.133509992832371,0.178490007167629,0.284,0.260542507644678,0.307457492355322
"Yuen","ghEqual",21066,1000,10,10,1,3,1,-3,0,0,0.025,0.0122820190281633,0.0377179809718367,0.066,0.0506113161576436,0.0813886838423564,0.11,0.0937236414545513,0.126276358545449
"Yuen","ghEqual",272990,1000,10,10,1.5,3,1,1,0,0,0.039,0.0232297035949225,0.0547702964050775,0.132,0.111020124843079,0.152979875156921,0.241,0.218751777891818,0.263248222108182
"Yuen","ghEqual",90331632,1000,10,10,1.5,3,3,3,0,0,0.045,0.0281129495292991,0.0618870504707009,0.171,0.147663732637802,0.194336267362198,0.269,0.245932489298258,0.292067510701742
"Yuen","ghEqual",1182735,1000,10,10,1.5,3,1,3,0,0,0.057,0.0381140370704589,0.0758859629295411,0.215,0.189536967187705,0.240463032812295,0.345,0.320271595292559,0.369728404707441
"Yuen","ghEqual",157979,1000,10,10,1.5,3,-1,1,0,0,0.042,0.0256599546164645,0.0583400453835355,0.19,0.165684938001313,0.214315061998687,0.364,0.338970904698731,0.389029095301269
"Yuen","ghEqual",85503794,1000,10,10,1.5,3,-3,3,0,0,0.045,0.0281129495292991,0.0618870504707009,0.34,0.310639226168236,0.369360773831764,0.577,0.551300540321341,0.602699459678659
"Yuen","ghEqual",50653,1000,10,10,1.5,3,-1,3,0,0,0.045,0.0281129495292991,0.0618870504707009,0.271,0.243451086148452,0.298548913851548,0.464,0.438057771074944,0.489942228925056
"Yuen","ghEqual",751282,1000,10,10,1.5,3,1,-3,0,0,0.046,0.0289352880486074,0.0630647119513926,0.107,0.087840962404129,0.126159037595871,0.158,0.139026367192865,0.176973632807135
"Yuen","ghEqual",20746463,1000,10,10,2,3,1,1,0,0,0.079,0.0570270068951906,0.100972993104809,0.229,0.202956400893886,0.255043599106114,0.366,0.340941730604449,0.391058269395551
"Yuen","ghEqual",185754543,1000,10,10,2,3,3,3,0,0,0.086,0.0631614681578697,0.10883853184213,0.251,0.224125905440369,0.277874094559631,0.396,0.370559129661114,0.421440870338886
"Yuen","ghEqual",126817,1000,10,10,2,3,1,3,0,0,0.1,0.0755619182422188,0.124438081757781,0.298,0.269651325364314,0.326348674635686,0.454,0.428100573344184,0.479899426655816
"Yuen","ghEqual",19345,1000,10,10,2,3,-1,1,0,0,0.069,0.0483535568568337,0.0896464431431663,0.318,0.289135647563127,0.346864352436873,0.504,0.477991098569913,0.530008901430087
"Yuen","ghEqual",96375,1000,10,10,2,3,-3,3,0,0,0.122,0.0953392089011597,0.14866079109884,0.563,0.532256664305902,0.593743335694098,0.836,0.816738461857889,0.855261538142111
"Yuen","ghEqual",99120097,1000,10,10,2,3,-1,3,0,0,0.095,0.0711146312232781,0.118885368776722,0.414,0.383471529248913,0.444528470751087,0.637,0.611985666773328,0.662014333226672
"Yuen","ghEqual",38826,1000,10,10,2,3,1,-3,0,0,0.059,0.0398059475945281,0.0781940524054719,0.133,0.111952939929767,0.154047060070233,0.201,0.180153299806084,0.221846700193916
"Yuen","ghEqual",27850,1000,10,10,2.5,3,1,1,0,0,0.133,0.105338149621979,0.160661850378021,0.34,0.310639226168236,0.369360773831764,0.489,0.462996561362485,0.515003438637515
"Yuen","ghEqual",14698754,1000,10,10,2.5,3,3,3,0,0,0.13,0.102604630581064,0.157395369418936,0.361,0.331231284098907,0.390768715901093,0.489,0.462996561362485,0.515003438637515
"Yuen","ghEqual",171077005,1000,10,10,2.5,3,1,3,0,0,0.172,0.141258486133308,0.202741513866692,0.439,0.408241173520435,0.469758826479565,0.581,0.555333835113617,0.606666164886383
"Yuen","ghEqual",15123552,1000,10,10,2.5,3,-1,1,0,0,0.123,0.0962454154789128,0.149754584521087,0.466,0.435081411571678,0.496918588428323,0.68,0.655734158988405,0.704265841011595
"Yuen","ghEqual",88758970,1000,10,10,2.5,3,-3,3,0,0,0.22,0.186255383220431,0.253744616779569,0.751,0.724197474775686,0.777802525224314,0.933,0.919993988744623,0.946006011255377
"Yuen","ghEqual",21833047,1000,10,10,2.5,3,-1,3,0,0,0.164,0.133837250909375,0.194162749090625,0.612,0.581797169510127,0.642202830489873,0.848,0.829323924437934,0.866676075562066
"Yuen","ghEqual",90146450,1000,10,10,2.5,3,1,-3,0,0,0.095,0.0711146312232781,0.118885368776722,0.201,0.176161378492356,0.225838621507644,0.271,0.247878590160308,0.294121409839692
"Yuen","ghEqual",132989466,1000,20,20,0,1,1,1,0,1,0.006,-0.000290927440687899,0.0122909274406879,0.049,0.0356203617986135,0.0623796382013865,0.089,0.0741877820372842,0.103812217962716
"Yuen","ghEqual",2820499,1000,20,20,0,1,3,3,0,1,0.004,-0.00114168567534034,0.00914168567534034,0.034,0.0227673017311066,0.0452326982688934,0.093,0.0778918593210481,0.108108140678952
"Yuen","ghEqual",299955,1000,20,20,0,1,1,3,0,1,0.006,-0.000290927440687899,0.0122909274406879,0.041,0.0287098466079548,0.0532901533920452,0.092,0.0769650239641029,0.107034976035897
"Yuen","ghEqual",35285,1000,20,20,0,1,-1,1,0,1,0.011,0.00250349441805633,0.0194965055819437,0.067,0.0515034759510399,0.0824965240489601,0.128,0.110620826072566,0.145379173927434
"Yuen","ghEqual",188740989,1000,20,20,0,1,-3,3,0,1,0.015,0.00509830366048322,0.0249016963395168,0.147,0.125052287918783,0.168947712081217,0.283,0.259567496105303,0.306432503894697
"Yuen","ghEqual",7401632,1000,20,20,0,1,-1,3,0,1,0.016,0.00577876439250127,0.0262212356074987,0.091,0.073173802693788,0.108826197306212,0.184,0.163843278599931,0.204156721400069
"Yuen","ghEqual",16946,1000,20,20,0,1,1,-3,0,1,0.017,0.00646954641356793,0.0275304535864321,0.099,0.0804887364450722,0.117511263554928,0.19,0.16959271582253,0.21040728417747
"Yuen","ghEqual",174662812,1000,20,20,0.5,3,1,1,0,0,0.015,0.00509830366048322,0.0249016963395168,0.071,0.05508183131136,0.08691816868864,0.13,0.112505674419973,0.147494325580027
"Yuen","ghEqual",241221160,1000,20,20,0.5,3,3,3,0,0,0.005,-0.000745692786775151,0.0107456927867752,0.058,0.0435124309285512,0.0724875690714488,0.124,0.106855343118044,0.141144656881956
"Yuen","ghEqual",3790930,1000,20,20,0.5,3,1,3,0,0,0.022,0.0100511357687854,0.0339488642312146,0.107,0.087840962404129,0.126159037595871,0.185,0.164800967365366,0.205199032634634
"Yuen","ghEqual",26581140,1000,20,20,0.5,3,-1,1,0,0,0.029,0.0153304419828584,0.0426695580171416,0.127,0.106362121388088,0.147637878611912,0.249,0.226505023472451,0.271494976527549
"Yuen","ghEqual",92905,1000,20,20,0.5,3,-3,3,0,0,0.066,0.0457748726643316,0.0862251273356684,0.306,0.277437480111167,0.334562519888833,0.481,0.455009052057014,0.506990947942986
"Yuen","ghEqual",997601,1000,20,20,0.5,3,-1,3,0,0,0.035,0.0200292507067949,0.0499707492932051,0.193,0.168539152884661,0.217460847115339,0.326,0.301616016791754,0.350383983208246
"Yuen","ghEqual",22644703,1000,20,20,0.5,3,1,-3,0,0,0.011,0.00250349441805633,0.0194965055819437,0.061,0.0461661533512039,0.0758338466487961,0.128,0.110620826072566,0.145379173927434
"Yuen","ghEqual",4845394,1000,20,20,1,3,1,1,0,0,0.037,0.0216234160277388,0.0523765839722612,0.156,0.133509992832371,0.178490007167629,0.25,0.2274749098226,0.2725250901774
"Yuen","ghEqual",382720,1000,20,20,1,3,3,3,0,0,0.045,0.0281129495292991,0.0618870504707009,0.171,0.147663732637802,0.194336267362198,0.277,0.25372043100109,0.30027956899891
"Yuen","ghEqual",23459,1000,20,20,1,3,1,3,0,0,0.075,0.0535440693513425,0.0964559306486575,0.243,0.216416806783232,0.269583193216768,0.377,0.351789549829981,0.402210450170019
"Yuen","ghEqual",291320,1000,20,20,1,3,-1,1,0,0,0.061,0.0415040872615822,0.0804959127384178,0.257,0.229915735904404,0.284084264095596,0.424,0.398292486514639,0.449707513485361
"Yuen","ghEqual",29899,1000,20,20,1,3,-3,3,0,0,0.167,0.136617283940767,0.197382716059233,0.556,0.525204663625802,0.586795336374198,0.763,0.740879122829892,0.785120877170108
"Yuen","ghEqual",507401,1000,20,20,1,3,-1,3,0,0,0.121,0.0944335832377793,0.147566416762221,0.387,0.35681148215629,0.41718851784371,0.59,0.564415093365423,0.615584906634577
"Yuen","ghEqual",7996602,1000,20,20,1,3,1,-3,0,0,0.02,0.00859556184636876,0.0314044381536312,0.061,0.0461661533512039,0.0758338466487961,0.115,0.0984046484106241,0.131595351589376
"Yuen","ghEqual",5816925,1000,20,20,1.5,3,1,1,0,0,0.105,0.0800280747718563,0.129971925228144,0.297,0.268678779941535,0.325321220058465,0.418,0.392342429228393,0.443657570771607
"Yuen","ghEqual",168857273,1000,20,20,1.5,3,3,3,0,0,0.118,0.0917202545108215,0.144279745489179,0.317,0.28815994699034,0.34584005300966,0.43,0.404246423015433,0.455753576984567
"Yuen","ghEqual",963465,1000,20,20,1.5,3,1,3,0,0,0.178,0.146840407556966,0.209159592443034,0.416,0.38545014451098,0.44654985548902,0.562,0.536191003702197,0.587808996297803
"Yuen","ghEqual",288060,1000,20,20,1.5,3,-1,1,0,0,0.153,0.123675320161748,0.182324679838252,0.461,0.430104095313456,0.491895904686544,0.636,0.610970904698731,0.661029095301269
"Yuen","ghEqual",131892964,1000,20,20,1.5,3,-3,3,0,0,0.388,0.348304851356167,0.427695148643833,0.847,0.82468774360133,0.86931225639867,0.963,0.953180714039453,0.972819285960547
"Yuen","ghEqual",8114217,1000,20,20,1.5,3,-1,3,0,0,0.285,0.248227656392337,0.321772343607662,0.674,0.644946743411452,0.703053256588548,0.827,0.807323778239332,0.846676221760668
"Yuen","ghEqual",615498,1000,20,20,1.5,3,1,-3,0,0,0.053,0.03475017169352,0.07124982830648,0.114,0.0943018537318863,0.133698146268114,0.168,0.148551674869028,0.187448325130972
"Yuen","ghEqual",71622021,1000,20,20,2,3,1,1,0,0,0.215,0.181534299732413,0.248465700267587,0.484,0.453025550038782,0.514974449961218,0.597,0.571484411416254,0.622515588583746
"Yuen","ghEqual",6633125,1000,20,20,2,3,3,3,0,0,0.227,0.19287689564978,0.26112310435022,0.462,0.43109930859026,0.49290069140974,0.588,0.562396273857112,0.613603726142888
"Yuen","ghEqual",18706,1000,20,20,2,3,1,3,0,0,0.314,0.276192954446241,0.351807045553759,0.614,0.583825928905764,0.644174071094236,0.744,0.721297569610282,0.766702430389718
"Yuen","ghEqual",20982469,1000,20,20,2,3,-1,1,0,0,0.389,0.349286216449399,0.428713783550601,0.731,0.703515306397924,0.758484693602076,0.866,0.848279447945958,0.883720552054042
"Yuen","ghEqual",4875324,1000,20,20,2,3,-3,3,0,0,0.71,0.673036419567363,0.746963580432637,0.98,0.971322710100498,0.988677289899502,0.997,0.994155053467111,0.999844946532889
"Yuen","ghEqual",10361823,1000,20,20,2,3,-1,3,0,0,0.484,0.443290722908113,0.524709277091887,0.889,0.869529888382446,0.908470111617554,0.963,0.953180714039453,0.972819285960547
"Yuen","ghEqual",1772284,1000,20,20,2,3,1,-3,0,0,0.1,0.0755619182422188,0.124438081757781,0.195,0.170443225781874,0.219556774218126,0.283,0.259567496105303,0.306432503894697
"Yuen","ghEqual",26370,1000,20,20,2.5,3,1,1,0,0,0.402,0.362059869713583,0.441940130286417,0.656,0.626556650625311,0.685443349374689,0.769,0.74707522919219,0.79092477080781
"Yuen","ghEqual",662530,1000,20,20,2.5,3,3,3,0,0,0.382,0.342420365653837,0.421579634346163,0.624,0.593977815562488,0.654022184437512,0.744,0.721297569610282,0.766702430389718
"Yuen","ghEqual",1990651,1000,20,20,2.5,3,1,3,0,0,0.493,0.45227385548599,0.53372614451401,0.756,0.729379765170082,0.782620234829918,0.841,0.821977724716139,0.860022275283861
"Yuen","ghEqual",543475,1000,20,20,2.5,3,-1,1,0,0,0.589,0.548920304164028,0.629079695835972,0.908,0.890085985999782,0.925914014000218,0.958,0.947565460149101,0.968434539850899
"Yuen","ghEqual",95136,1000,20,20,2.5,3,-3,3,0,0,0.924,0.902413181479801,0.945586818520199,0.999,0.997040980245123,1.00095901975488,1,1,1
"Yuen","ghEqual",195980,1000,20,20,2.5,3,-1,3,0,0,0.764,0.729410161088782,0.798589838911218,0.974,0.964136700430383,0.983863299569617,0.993,0.988662998757782,0.997337001242218
"Yuen","ghEqual",32878,1000,20,20,2.5,3,1,-3,0,0,0.157,0.127364690158934,0.186635309841066,0.305,0.276463651950539,0.333536348049461,0.401,0.37550520643396,0.42649479356604
"Yuen","ghEqual",182851878,1000,100,100,0,1,1,1,0,1,0.01,0.00189480522134107,0.0181051947786589,0.054,0.0399912779169547,0.0680087220830453,0.111,0.0946590134638388,0.127340986536161
"Yuen","ghEqual",3424661,1000,100,100,0,1,3,3,0,1,0.006,-0.000290927440687899,0.0122909274406879,0.064,0.0488300558208015,0.0791699441791986,0.128,0.110620826072566,0.145379173927434
"Yuen","ghEqual",301917851,1000,100,100,0,1,1,3,0,1,0.032,0.017662992035435,0.046337007964565,0.109,0.0896844013709127,0.128315598629087,0.19,0.16959271582253,0.21040728417747
"Yuen","ghEqual",414259,1000,100,100,0,1,-1,1,0,1,0.057,0.0381140370704589,0.0758859629295411,0.184,0.159983480885024,0.208016519114976,0.29,0.266395539669376,0.313604460330624
"Yuen","ghEqual",37187,1000,100,100,0,1,-3,3,0,1,0.473,0.432329291630265,0.513670708369735,0.77,0.743916530905572,0.796083469094428,0.867,0.84933550315534,0.88466449684466
"Yuen","ghEqual",63453,1000,100,100,0,1,-1,3,0,1,0.198,0.165538720208593,0.230461279791407,0.463,0.432094646910284,0.493905353089716,0.614,0.588675333188766,0.639324666811234
"Yuen","ghEqual",17982180,1000,100,100,0,1,1,-3,0,1,0.209,0.175878709980679,0.242121290019321,0.48,0.44903448111205,0.51096551888795,0.627,0.601843275794035,0.652156724205965
"Yuen","ghEqual",280587,1000,100,100,0.5,3,1,1,0,0,0.082,0.0596501750750481,0.104349824924952,0.199,0.17425434990953,0.22374565009047,0.295,0.271276898403139,0.318723101596861
"Yuen","ghEqual",655543,1000,100,100,0.5,3,3,3,0,0,0.06,0.0406542571504736,0.0793457428495263,0.178,0.154291614445517,0.201708385554483,0.276,0.252746425229656,0.299253574770344
"Yuen","ghEqual",440537,1000,100,100,0.5,3,1,3,0,0,0.232,0.197614886584802,0.266385113415198,0.464,0.433090110216955,0.494909889783045,0.591,0.565424667021229,0.616575332978771
"Yuen","ghEqual",8480822,1000,100,100,0.5,3,-1,1,0,0,0.323,0.284907326508947,0.361092673491053,0.586,0.555471529248913,0.616528470751087,0.729,0.705878590160308,0.752121409839692
"Yuen","ghEqual",15268033,1000,100,100,0.5,3,-3,3,0,0,0.922,0.900154669450521,0.943845330549479,0.992,0.986478502232184,0.997521497767816,0.997,0.994155053467111,0.999844946532889
"Yuen","ghEqual",57250,1000,100,100,0.5,3,-1,3,0,0,0.655,0.616276370500688,0.693723629499312,0.86,0.838493520976227,0.881506479023773,0.925,0.911298522547732,0.938701477452268
"Yuen","ghEqual",116317410,1000,100,100,0.5,3,1,-3,0,0,0.027,0.0137966492398331,0.0402033507601669,0.128,0.107292899150291,0.148707100849709,0.208,0.186886503501315,0.229113496498685
"Yuen","ghEqual",6278641,1000,100,100,1,3,1,1,0,0,0.324,0.285876592457861,0.362123407542139,0.553,0.522184274378169,0.583815725621831,0.674,0.649616016791755,0.698383983208246
"Yuen","ghEqual",58117,1000,100,100,1,3,3,3,0,0,0.327,0.288785580468938,0.365214419531062,0.564,0.533264600109971,0.594735399890029,0.699,0.675139049600341,0.722860950399659
"Yuen","ghEqual",81495176,1000,100,100,1,3,1,3,0,0,0.603,0.563143444047234,0.642856555952766,0.826,0.802502550810779,0.84949744918922,0.906,0.890819225543471,0.921180774456529
"Yuen","ghEqual",2745384,1000,100,100,1,3,-1,1,0,0,0.786,0.752590958315091,0.819409041684909,0.952,0.938750631954693,0.965249368045307,0.979,0.971541235492724,0.986458764507276
"Yuen","ghEqual",9288494,1000,100,100,1,3,-3,3,0,0,0.999,0.996425288322161,1.00157471167784,1,1,1,1,1,1
"Yuen","ghEqual",87610,1000,100,100,1,3,-1,3,0,0,0.968,0.953662992035435,0.982337007964565,0.998,0.995230914663648,1.00076908533635,0.999,0.997355822705728,1.00064417729427
"Yuen","ghEqual",43306,1000,100,100,1,3,1,-3,0,0,0.024,0.0115325857923946,0.0364674142076054,0.076,0.0595752467781096,0.0924247532218904,0.126,0.108737372821613,0.143262627178387
"Yuen","ghEqual",3224218,1000,100,100,1.5,3,1,1,0,0,0.743,0.707403538617216,0.778596461382783,0.904,0.885741045637825,0.922258954362175,0.949,0.937555835374524,0.960444164625476
"Yuen","ghEqual",21184,1000,100,100,1.5,3,3,3,0,0,0.677,0.638907326508947,0.715092673491053,0.871,0.850224092453036,0.891775907546964,0.918,0.903727693322381,0.932272306677619
"Yuen","ghEqual",26546,1000,100,100,1.5,3,1,3,0,0,0.923,0.901283388015254,0.944716611984746,0.978,0.968908472867554,0.987091527132446,0.994,0.989982695791952,0.998017304208048
"Yuen","ghEqual",34416618,1000,100,100,1.5,3,-1,1,0,0,0.985,0.975098303660483,0.994901696339517,0.998,0.995230914663648,1.00076908533635,0.999,0.997355822705728,1.00064417729427
"Yuen","ghEqual",678136,1000,100,100,1.5,3,-3,3,0,0,1,1,1,1,1,1,1,1,1
"Yuen","ghEqual",1497677,1000,100,100,1.5,3,-1,3,0,0,1,1,1,1,1,1,1,1,1
"Yuen","ghEqual",36736870,1000,100,100,1.5,3,1,-3,0,0,0.125,0.0980595471456028,0.151940452854397,0.285,0.257021042907213,0.312978957092787,0.376,0.350802809489945,0.401197190510055
"Yuen","ghEqual",377142,1000,100,100,2,3,1,1,0,0,0.95,0.932246145207308,0.967753854792692,0.987,0.979979204489518,0.994020795510482,0.993,0.988662998757782,0.997337001242218
"Yuen","ghEqual",19155,1000,100,100,2,3,3,3,0,0,0.924,0.902413181479801,0.945586818520199,0.98,0.971322710100498,0.988677289899502,0.993,0.988662998757782,0.997337001242218
"Yuen","ghEqual",667383,1000,100,100,2,3,1,3,0,0,0.991,0.9833068546001,0.9986931453999,0.997,0.993610276471451,1.00038972352855,1,1,1
"Yuen","ghEqual",10874922,1000,100,100,2,3,-1,1,0,0,1,1,1,1,1,1,1,1,1
"Yuen","ghEqual",56767,1000,100,100,2,3,-3,3,0,0,1,1,1,1,1,1,1,1,1
"Yuen","ghEqual",140175707,1000,100,100,2,3,-1,3,0,0,1,1,1,1,1,1,1,1,1
"Yuen","ghEqual",71665210,1000,100,100,2,3,1,-3,0,0,0.397,0.357143444047234,0.436856555952766,0.606,0.575714099280358,0.636285900719642,0.713,0.68946839143248,0.73653160856752
"Yuen","ghEqual",2613788,1000,100,100,2.5,3,1,1,0,0,0.999,0.996425288322161,1.00157471167784,1,1,1,1,1,1
"Yuen","ghEqual",22540441,1000,100,100,2.5,3,3,3,0,0,0.985,0.975098303660483,0.994901696339517,0.996,0.992087847855719,0.999912152144281,0.997,0.994155053467111,0.999844946532889
"Yuen","ghEqual",55276,1000,100,100,2.5,3,1,3,0,0,1,1,1,1,1,1,1,1,1
"Yuen","ghEqual",2624004,1000,100,100,2.5,3,-1,1,0,0,1,1,1,1,1,1,1,1,1
"Yuen","ghEqual",306244,1000,100,100,2.5,3,-3,3,0,0,1,1,1,1,1,1,1,1,1
"Yuen","ghEqual",424342,1000,100,100,2.5,3,-1,3,0,0,1,1,1,1,1,1,1,1,1
"Yuen","ghEqual",82924158,1000,100,100,2.5,3,1,-3,0,0,0.738,0.702180073921684,0.773819926078316,0.893,0.873840962404129,0.912159037595871,0.946,0.934242679680301,0.957757320319699
"Yuen","ghEqual",36649,1000,10,100,0,1,1,1,0,1,0.043,0.0264752059566238,0.0595247940433761,0.094,0.0759122687326464,0.112087731267354,0.143,0.124789396776191,0.161210603223809
"Yuen","ghEqual",199128,1000,10,100,0,1,3,3,0,1,0.074,0.0526760717825256,0.0953239282174744,0.115,0.0952268151275522,0.134773184872448,0.156,0.137124458270026,0.174875541729974
"Yuen","ghEqual",4136900,1000,10,100,0,1,1,3,0,1,0.055,0.0364286657022173,0.0735713342977827,0.098,0.079572247190718,0.116427752809282,0.15,0.131425334794403,0.168574665205597
"Yuen","ghEqual",38747489,1000,10,100,0,1,-1,1,0,1,0.021,0.00931989217584016,0.0326801078241598,0.061,0.0461661533512039,0.0758338466487961,0.114,0.0974676272392618,0.130532372760738
"Yuen","ghEqual",1411527,1000,10,100,0,1,-3,3,0,1,0.021,0.00931989217584016,0.0326801078241598,0.089,0.071351399874211,0.106648600125789,0.187,0.166717009915326,0.207282990084674
"Yuen","ghEqual",148021,1000,10,100,0,1,-1,3,0,1,0.011,0.00250349441805633,0.0194965055819437,0.079,0.062281418289819,0.095718581710181,0.154,0.135223638235803,0.172776361764197
"Yuen","ghEqual",649701,1000,10,100,0,1,1,-3,0,1,0.021,0.00931989217584016,0.0326801078241598,0.083,0.0659006427723145,0.100099357227685,0.157,0.138075277683015,0.175924722316985
"Yuen","ghEqual",74076127,1000,10,100,0.5,3,1,1,0,0,0.062,0.0423554030569217,0.0816445969430783,0.133,0.111952939929767,0.154047060070233,0.19,0.16959271582253,0.21040728417747
"Yuen","ghEqual",1614746,1000,10,100,0.5,3,3,3,0,0,0.122,0.0953392089011597,0.14866079109884,0.188,0.163783408794795,0.212216591205205,0.251,0.228444956351738,0.273555043648262
"Yuen","ghEqual",28612055,1000,10,100,0.5,3,1,3,0,0,0.1,0.0755619182422188,0.124438081757781,0.185,0.16093306749916,0.20906693250084,0.258,0.2352397143713,0.2807602856287
"Yuen","ghEqual",119972,1000,10,100,0.5,3,-1,1,0,0,0.02,0.00859556184636876,0.0314044381536312,0.08,0.0631850732978107,0.0968149267021893,0.164,0.144738461857889,0.183261538142111
"Yuen","ghEqual",228056772,1000,10,100,0.5,3,-3,3,0,0,0.031,0.0168814988308249,0.0451185011691751,0.205,0.179978314205474,0.230021685794526,0.422,0.396308701981021,0.447691298018979
"Yuen","ghEqual",9992795,1000,10,100,0.5,3,-1,3,0,0,0.037,0.0216234160277388,0.0523765839722612,0.162,0.139163182148119,0.184836817851881,0.297,0.273230404593788,0.320769595406212
"Yuen","ghEqual",1239301,1000,10,100,0.5,3,1,-3,0,0,0.026,0.0130368062799324,0.0389631937200676,0.072,0.0559787533069364,0.0880212466930635,0.134,0.116279447945958,0.151720552054042
"Yuen","ghEqual",1082189,1000,10,100,1,3,1,1,0,0,0.12,0.0935285447018869,0.146471455298113,0.227,0.20103676842918,0.25296323157082,0.301,0.277139049600341,0.324860950399659
"Yuen","ghEqual",17943,1000,10,100,1,3,3,3,0,0,0.196,0.163662836778963,0.228337163221037,0.274,0.246356077731263,0.301643922268737,0.329,0.304558654436079,0.353441345563921
"Yuen","ghEqual",618480,1000,10,100,1,3,1,3,0,0,0.15,0.120912864699321,0.179087135300679,0.274,0.246356077731263,0.301643922268737,0.366,0.340941730604449,0.391058269395551
"Yuen","ghEqual",4010663,1000,10,100,1,3,-1,1,0,0,0.055,0.0364286657022173,0.0735713342977827,0.208,0.182843493533481,0.233156506466519,0.342,0.317323026078954,0.366676973921046
"Yuen","ghEqual",91587711,1000,10,100,1,3,-3,3,0,0,0.144,0.115400134740457,0.172599865259543,0.48,0.44903448111205,0.51096551888795,0.742,0.7192397143713,0.7647602856287
"Yuen","ghEqual",5248869,1000,10,100,1,3,-1,3,0,0,0.088,0.0649227202934141,0.111077279706586,0.329,0.299878396774903,0.358121603225097,0.502,0.475990474323817,0.528009525676183
"Yuen","ghEqual",6791889,1000,10,100,1,3,1,-3,0,0,0.036,0.0208247579820287,0.0511752420179712,0.092,0.0740859859997822,0.109914014000218,0.144,0.125736499086977,0.162263500913023
"Yuen","ghEqual",19861652,1000,10,100,1.5,3,1,1,0,0,0.171,0.140329477181111,0.201670522818889,0.289,0.260904304130348,0.317095695869652,0.375,0.34981618358201,0.40018381641799
"Yuen","ghEqual",434626,1000,10,100,1.5,3,3,3,0,0,0.233,0.19856330206399,0.26743669793601,0.337,0.307702687331429,0.366297312668571,0.406,0.380454045073633,0.431545954926368
"Yuen","ghEqual",359578,1000,10,100,1.5,3,1,3,0,0,0.227,0.19287689564978,0.26112310435022,0.385,0.354840509951261,0.415159490048739,0.48,0.454011082361899,0.505988917638101
"Yuen","ghEqual",350992,1000,10,100,1.5,3,-1,1,0,0,0.09,0.0666875558038201,0.11331244419618,0.31,0.281334371801755,0.338665628198245,0.532,0.506043588838208,0.557956411161792
"Yuen","ghEqual",141944,1000,10,100,1.5,3,-3,3,0,0,0.307,0.269426498968342,0.344573501031658,0.712,0.683933237992244,0.740066762007756,0.885,0.868404648410624,0.901595351589376
"Yuen","ghEqual",167151716,1000,10,100,1.5,3,-1,3,0,0,0.185,0.153369174427467,0.216630825572533,0.508,0.477013645945352,0.538986354054648,0.734,0.711014457911548,0.756985542088452
"Yuen","ghEqual",492867,1000,10,100,1.5,3,1,-3,0,0,0.058,0.0389591949346673,0.0770408050653327,0.138,0.116622877424686,0.159377122575314,0.191,0.170551717016458,0.211448282983542
"Yuen","ghEqual",146808,1000,10,100,2,3,1,1,0,0,0.234,0.199511987106474,0.268488012893526,0.386,0.355825928905764,0.416174071094236,0.49,0.463995468712165,0.516004531287835
"Yuen","ghEqual",98624750,1000,10,100,2,3,3,3,0,0,0.299,0.261705871590504,0.336294128409496,0.44,0.409233618347293,0.470766381652707,0.499,0.472990318264635,0.525009681735365
"Yuen","ghEqual",1120974,1000,10,100,2,3,1,3,0,0,0.295,0.257850632393,0.332149367607,0.452,0.421152812873781,0.482847187126219,0.568,0.54223192691721,0.59376807308279
"Yuen","ghEqual",10098744,1000,10,100,2,3,-1,1,0,0,0.189,0.157107601070098,0.220892398929902,0.557,0.526211712590662,0.587788287409338,0.774,0.752243421291481,0.795756578708519
"Yuen","ghEqual",4200478,1000,10,100,2,3,-3,3,0,0,0.469,0.428348222434142,0.509651777565858,0.865,0.84381975354251,0.88618024645749,0.969,0.959984109307728,0.978015890692272
"Yuen","ghEqual",1886815,1000,10,100,2,3,-1,3,0,0,0.332,0.293637832983837,0.370362167016163,0.763,0.736643210180297,0.789356789819703,0.914,0.899415611459509,0.928584388540491
"Yuen","ghEqual",212761472,1000,10,100,2,3,1,-3,0,0,0.128,0.100784953168954,0.155215046831046,0.245,0.218342919139561,0.271657080860439,0.315,0.290836131427791,0.339163868572209
"Yuen","ghEqual",177296,1000,10,100,2.5,3,1,1,0,0,0.319,0.281032259186725,0.356967740813275,0.522,0.491039692094554,0.552960307905446,0.632,0.606913021895812,0.657086978104188
"Yuen","ghEqual",1741175,1000,10,100,2.5,3,3,3,0,0,0.326,0.287815719912194,0.364184280087806,0.481,0.450032062025379,0.511967937974621,0.561,0.535184556347508,0.586815443652492
"Yuen","ghEqual",27647636,1000,10,100,2.5,3,1,3,0,0,0.394,0.354195673339899,0.433804326660101,0.591,0.560527262833805,0.621472737166195,0.688,0.663898869271339,0.712101130728661
"Yuen","ghEqual",46623408,1000,10,100,2.5,3,-1,1,0,0,0.366,0.326759816435903,0.405240183564097,0.795,0.769978314205474,0.820021685794526,0.929,0.915640108422034,0.942359891577966
"Yuen","ghEqual",1529083,1000,10,100,2.5,3,-3,3,0,0,0.569,0.528659560358568,0.609340439641432,0.925,0.908674835376022,0.941325164623979,0.995,0.991330875530184,0.998669124469816
"Yuen","ghEqual",16147738,1000,10,100,2.5,3,-1,3,0,0,0.461,0.420393953840542,0.501606046159458,0.861,0.839558012069773,0.882441987930227,0.969,0.959984109307728,0.978015890692272
"Yuen","ghEqual",14028030,1000,10,100,2.5,3,1,-3,0,0,0.18,0.148703985276077,0.211296014723923,0.311,0.282308987358408,0.339691012641592,0.402,0.376494753757315,0.427505246242685
