"method","distribution","seed","N","n1","n2","delta","sd1","sd2","null","power0.01","l_CI","u_CI","power0.05","l_CI","u_CI","power0.10","l_CI","u_CI","ct_0.10","ct_0.05","ct_0.01"
"WMW_Asymp","Normal2Var",9606797,10000,10,10,0.5,1,3,0,0.0219,0.0181298420474383,0.0256701579525617,0.0854,0.0799222702098041,0.0908777297901959,0.1468,0.140978239254281,0.152621760745719,1468,854,219
"WMW_Asymp","Normal2Var",110289,10000,10,10,1.5,1,3,0,0.108,0.100004600593241,0.115995399406759,0.2759,0.267139453576951,0.284660546423049,0.3881,0.380083626379093,0.396116373620907,3881,2759,1080
"WMW_Asymp","Normal2Var",2397487,10000,10,10,2,1,3,0,0.1996,0.189303736056045,0.209896263943955,0.4338,0.424086275593286,0.443513724406714,0.5587,0.550531878265368,0.566868121734632,5587,4338,1996
"WMW_Asymp","Normal2Var",362933,10000,10,10,2.5,1,3,0,0.3176,0.30560761356082,0.32959238643918,0.5922,0.582568057449009,0.601831942550991,0.7085,0.701024244153975,0.715975755846025,7085,5922,3176
"WMW_Asymp","Normal2Var",125571,10000,10,10,0.5,3,5,0,0.0088,0.00639415390545114,0.0112058460945489,0.0554,0.0509163167491001,0.0598836832508999,0.1125,0.107302118858672,0.117697881141328,1125,554,88
"WMW_Asymp","Normal2Var",45692,10000,10,10,1.5,3,5,0,0.0282,0.0239355909120517,0.0324644090879483,0.1143,0.108063764475134,0.120536235524866,0.1898,0.183349251267031,0.196250748732969,1898,1143,282
"WMW_Asymp","Normal2Var",76700756,10000,10,10,2,3,5,0,0.0444,0.0390939001985956,0.0497060998014044,0.1618,0.154581962097523,0.169018037902477,0.2511,0.24396652450092,0.25823347549908,2511,1618,444
"WMW_Asymp","Normal2Var",167055,10000,10,10,2.5,3,5,0,0.0738,0.0670651732541768,0.0805348267458232,0.2267,0.218493540387134,0.234906459612866,0.3381,0.33031811733544,0.34588188266456,3381,2267,738
"WMW_Asymp","Normal2Var",2455492,10000,10,10,0.5,1,5,0,0.0198,0.0162113111701213,0.0233886888298787,0.0831,0.077689747061144,0.088510252938856,0.1326,0.127021115462111,0.138178884537889,1326,831,198
"WMW_Asymp","Normal2Var",729359,10000,10,10,1.5,1,5,0,0.0511,0.0454276041309598,0.0567723958690402,0.1642,0.156939043563166,0.171460956436834,0.2366,0.229608838249969,0.243591161750031,2366,1642,511
"WMW_Asymp","Normal2Var",53238514,10000,10,10,2,1,5,0,0.0804,0.0733955608888945,0.0874044391111055,0.2264,0.218197381500618,0.234602618499382,0.3136,0.305967926103502,0.321232073896498,3136,2264,804
"WMW_Asymp","Normal2Var",210820,10000,10,10,2.5,1,5,0,0.1218,0.113375071589303,0.130224928410697,0.3088,0.299744830545506,0.317855169454494,0.4047,0.396625782468822,0.412774217531178,4047,3088,1218
"WMW_Asymp","Normal2Var",885871,10000,10,10,1,1,3,0,0.0464,0.0409813890515831,0.0518186109484169,0.1513,0.144276515368451,0.158323484631549,0.2398,0.232776486455064,0.246823513544936,2398,1513,464
"WMW_Asymp","Normal2Var",123236,10000,10,10,1,3,5,0,0.0154,0.012227978408588,0.018572021591412,0.0751,0.0699343684066322,0.0802656315933678,0.1352,0.129575135194656,0.140824864805344,1352,751,154
"WMW_Asymp","Normal2Var",465941,10000,10,10,1,1,5,0,0.0299,0.0255127770480834,0.0342872229519166,0.1143,0.108063764475134,0.120536235524866,0.1716,0.165397816816024,0.177802183183976,1716,1143,299
"WMW_Asymp","Normal2Var",49555,10000,10,10,5,1,3,0,0.9213,0.914363605895376,0.928236394104624,0.9863,0.984021647742424,0.988578352257576,0.9948,0.993616861838837,0.995983138161163,9948,9863,9213
"WMW_Asymp","Normal2Var",21046,10000,10,10,5,3,5,0,0.3794,0.366900276463151,0.391899723536849,0.6758,0.66662572676788,0.68497427323212,0.7875,0.780770688214284,0.794229311785716,7875,6758,3794
"WMW_Asymp","Normal2Var",471757,10000,10,10,5,1,5,0,0.5043,0.491420476311207,0.517179523688793,0.765,0.75668962311324,0.77331037688676,0.8398,0.833766280822254,0.845833719177746,8398,7650,5043
"WMW_Asymp","Normal2Var",166664036,10000,20,20,0.5,1,3,0,0.0369,0.0320438204786001,0.0417561795213999,0.1231,0.116660381596523,0.129539618403477,0.1963,0.189766091682479,0.202833908317521,1963,1231,369
"WMW_Asymp","Normal2Var",54386,10000,20,20,1.5,1,3,0,0.2806,0.269026228369349,0.292173771630651,0.5154,0.505604649438923,0.525195350561077,0.6335,0.625573596049003,0.641426403950997,6335,5154,2806
"WMW_Asymp","Normal2Var",237480,10000,20,20,2,1,3,0,0.5121,0.49922377207395,0.52497622792605,0.7473,0.738782616864694,0.755817383135306,0.8372,0.831126938034533,0.843273061965467,8372,7473,5121
"WMW_Asymp","Normal2Var",1057379,10000,20,20,2.5,1,3,0,0.7342,0.722820307230512,0.745579692769488,0.8943,0.888273916011073,0.900326083988927,0.9362,0.932179680577379,0.940220319422621,9362,8943,7342
"WMW_Asymp","Normal2Var",128419,10000,20,20,0.5,3,5,0,0.0141,0.0110628107899994,0.0171371892100006,0.0684,0.0634523512260469,0.0733476487739531,0.1257,0.120246644871753,0.131153355128247,1257,684,141
"WMW_Asymp","Normal2Var",3311489,10000,20,20,1.5,3,5,0,0.0678,0.0613238745205782,0.0742761254794218,0.1978,0.189992526050918,0.205607473949082,0.292,0.284520476055256,0.299479523944744,2920,1978,678
"WMW_Asymp","Normal2Var",286431,10000,20,20,2,3,5,0,0.1249,0.116383602578307,0.133416397421693,0.307,0.297959511951227,0.316040488048773,0.4257,0.417566319000307,0.433833680999693,4257,3070,1249
"WMW_Asymp","Normal2Var",185219414,10000,20,20,2.5,3,5,0,0.2093,0.198820601821604,0.219779398178396,0.4436,0.433862546410565,0.453337453589435,0.5716,0.563459768735005,0.579740231264995,5716,4436,2093
"WMW_Asymp","Normal2Var",39223682,10000,20,20,0.5,1,5,0,0.028,0.0237503026035258,0.0322496973964743,0.1005,0.0946069559682623,0.106393044031738,0.1722,0.165989233713631,0.178410766286369,1722,1005,280
"WMW_Asymp","Normal2Var",249230,10000,20,20,1.5,1,5,0,0.1078,0.0998111117067006,0.115788888293299,0.2631,0.25446980172288,0.27173019827712,0.3629,0.354990242136261,0.370809757863739,3629,2631,1078
"WMW_Asymp","Normal2Var",149179344,10000,20,20,2,1,5,0,0.1981,0.187832890279107,0.208367109720893,0.3974,0.387808543391205,0.406991456608795,0.5061,0.497875612127278,0.514324387872722,5061,3974,1981
"WMW_Asymp","Normal2Var",98236818,10000,20,20,2.5,1,5,0,0.3022,0.290370712930509,0.314029287069491,0.5402,0.530431725737184,0.549968274262816,0.6465,0.638635975172065,0.654364024827935,6465,5402,3022
"WMW_Asymp","Normal2Var",77403068,10000,20,20,1,1,3,0,0.1131,0.104941421649818,0.121258578350182,0.2817,0.27288337380527,0.29051662619473,0.3918,0.38376989311479,0.39983010688521,3918,2817,1131
"WMW_Asymp","Normal2Var",451267,10000,20,20,1,3,5,0,0.0316,0.0270937343496256,0.0361062656503744,0.1185,0.112165294857691,0.124834705142309,0.192,0.185520787899752,0.198479212100248,1920,1185,316
"WMW_Asymp","Normal2Var",6896752,10000,20,20,1,1,5,0,0.0558,0.0498871759436344,0.0617128240563656,0.1649,0.157626630668088,0.172173369331912,0.2438,0.236736806739165,0.250863193260835,2438,1649,558
"WMW_Asymp","Normal2Var",39124,10000,20,20,5,1,3,0,1,1,1,1,1,1,1,1,1,10000,10000,10000
"WMW_Asymp","Normal2Var",169741174,10000,20,20,5,3,5,0,0.822,0.812146471691744,0.831853528308256,0.9476,0.943232486652751,0.951967513347249,0.9768,0.974323646045009,0.979276353954991,9768,9476,8220
"WMW_Asymp","Normal2Var",356431,10000,20,20,5,1,5,0,0.8953,0.887413151621413,0.903186848378587,0.9714,0.96813308272428,0.97466691727572,0.986,0.984067282506417,0.987932717493583,9860,9714,8953
"WMW_Asymp","Normal2Var",425580,10000,100,100,0.5,1,3,0,0.1661,0.156512891071741,0.175687108928259,0.3463,0.336974512170959,0.355625487829041,0.4609,0.452700187490438,0.469099812509562,4609,3463,1661
"WMW_Asymp","Normal2Var",88528,10000,100,100,1.5,1,3,0,0.9694,0.964963320268662,0.973836679731338,0.9936,0.992037025653953,0.995162974346047,0.9969,0.995985523504963,0.997814476495037,9969,9936,9694
"WMW_Asymp","Normal2Var",3809152,10000,100,100,2,1,3,0,0.9998,0.999435735018296,1.0001642649817,0.9999,0.999704009800245,1.00009599019976,1,1,1,10000,9999,9998
"WMW_Asymp","Normal2Var",5114809,10000,100,100,2.5,1,3,0,1,1,1,1,1,1,1,1,1,10000,10000,10000
"WMW_Asymp","Normal2Var",6432921,10000,100,100,0.5,3,5,0,0.0464,0.0409813890515831,0.0518186109484169,0.1368,0.130064732703033,0.143535267296968,0.2182,0.211405756485973,0.224994243514027,2182,1368,464
"WMW_Asymp","Normal2Var",38254401,10000,100,100,1.5,3,5,0,0.4608,0.447959644860179,0.473640355139821,0.6975,0.688496925025304,0.706503074974696,0.7935,0.786841147486663,0.800158852513337,7935,6975,4608
"WMW_Asymp","Normal2Var",3388960,10000,100,100,2,3,5,0,0.7555,0.744428600432755,0.766571399567245,0.905,0.899252987210733,0.910747012789267,0.9456,0.941869052963978,0.949330947036022,9456,9050,7555
"WMW_Asymp","Normal2Var",61155,10000,100,100,2.5,3,5,0,0.9374,0.93115984323881,0.94364015676119,0.9846,0.982186505310882,0.987013494689118,0.9927,0.991299650813984,0.994100349186016,9927,9846,9374
"WMW_Asymp","Normal2Var",4625078,10000,100,100,0.5,1,5,0,0.0718,0.0651498894826194,0.0784501105173806,0.1907,0.183000080441875,0.198399919558125,0.2782,0.270828550341493,0.285571449658507,2782,1907,718
"WMW_Asymp","Normal2Var",47505701,10000,100,100,1.5,1,5,0,0.5908,0.578134162421066,0.603465837578934,0.7892,0.781205617698809,0.797194382301191,0.8595,0.853783542158874,0.865216457841126,8595,7892,5908
"WMW_Asymp","Normal2Var",19612561,10000,100,100,2,1,5,0,0.8625,0.853628914609812,0.871371085390188,0.9521,0.947914328792846,0.956285671207154,0.9759,0.973377233341751,0.978422766658249,9759,9521,8625
"WMW_Asymp","Normal2Var",56150049,10000,100,100,2.5,1,5,0,0.9696,0.965177386839754,0.974022613160246,0.9929,0.991254348003252,0.994545651996748,0.9973,0.996446387641974,0.998153612358026,9973,9929,9696
"WMW_Asymp","Normal2Var",1947765,10000,100,100,1,1,3,0,0.6652,0.653043327874155,0.677356672125845,0.8474,0.840351810567359,0.854448189432642,0.9075,0.902733933633553,0.912266066366447,9075,8474,6652
"WMW_Asymp","Normal2Var",1314754,10000,100,100,1,3,5,0,0.1903,0.180188226745441,0.200411773254559,0.3922,0.38263047868984,0.40176952131016,0.5157,0.507479055760451,0.523920944239549,5157,3922,1903
"WMW_Asymp","Normal2Var",92816,10000,100,100,1,1,5,0,0.2713,0.259846317495292,0.282753682504708,0.479,0.469208647415193,0.488791352584807,0.5955,0.587426421948766,0.603573578051234,5955,4790,2713
"WMW_Asymp","Normal2Var",135437431,10000,100,100,5,1,3,0,1,1,1,1,1,1,1,1,1,10000,10000,10000
"WMW_Asymp","Normal2Var",3332311,10000,100,100,5,3,5,0,1,1,1,1,1,1,1,1,1,10000,10000,10000
"WMW_Asymp","Normal2Var",7148469,10000,100,100,5,1,5,0,1,1,1,1,1,1,1,1,1,10000,10000,10000
"WMW_Asymp","Normal2Var",467797,10000,10,100,0.5,1,3,0,4e-04,-0.000115096949693939,0.000915096949693939,0.0143,0.0119729995441341,0.0166270004558659,0.0529,0.0492179332559044,0.0565820667440956,529,143,4
"WMW_Asymp","Normal2Var",12489738,10000,10,100,1.5,1,3,0,0.1032,0.0953632948491489,0.111036705150851,0.4521,0.442345074092829,0.461854925907171,0.6755,0.66779831185068,0.68320168814932,6755,4521,1032
"WMW_Asymp","Normal2Var",29505,10000,10,100,2,1,3,0,0.4225,0.409775661626631,0.435224338373369,0.8302,0.822841042769957,0.837558957230043,0.9372,0.933209182535319,0.941190817464681,9372,8302,4225
"WMW_Asymp","Normal2Var",1515048,10000,10,100,2.5,1,3,0,0.7954,0.785008183562342,0.805791816437658,0.9789,0.976083132213539,0.981716867786461,0.996,0.994961693513456,0.997038306486544,9960,9789,7954
"WMW_Asymp","Normal2Var",2775855,10000,10,100,0.5,3,5,0,0.0017,0.000638791170063121,0.00276120882993688,0.0196,0.0168830242742343,0.0223169757257657,0.0533,0.0496048191771207,0.0569951808228793,533,196,17
"WMW_Asymp","Normal2Var",988659,10000,10,100,1.5,3,5,0,0.0196,0.0160291176175651,0.0231708823824349,0.1124,0.106209184322046,0.118590815677954,0.224,0.217141632194173,0.230858367805827,2240,1124,196
"WMW_Asymp","Normal2Var",2747576,10000,10,100,2,3,5,0,0.0509,0.0452381190088325,0.0565618809911675,0.2224,0.214249174625941,0.230550825374059,0.3752,0.367235329244821,0.383164670755179,3752,2224,509
"WMW_Asymp","Normal2Var",350454,10000,10,100,2.5,3,5,0,0.117,0.108720213442751,0.125279786557249,0.3755,0.366008665849313,0.384991334150687,0.5532,0.545021689967946,0.561378310032054,5532,3755,1170
"WMW_Asymp","Normal2Var",802808,10000,10,100,0.5,1,5,0,0,0,0,9e-04,0.000312264659561806,0.00148773534043819,0.0081,0.00662550821637589,0.00957449178362411,81,9,0
"WMW_Asymp","Normal2Var",14206542,10000,10,100,1.5,1,5,0,0.0025,0.00121361100750978,0.00378638899249022,0.066,0.0611336708865922,0.0708663291134078,0.198,0.191444804000642,0.204555195999358,1980,660,25
"WMW_Asymp","Normal2Var",51301808,10000,10,100,2,1,5,0,0.0208,0.0171236806630631,0.0244763193369369,0.2202,0.212078124197354,0.228321875802646,0.454,0.445809882167514,0.462190117832486,4540,2202,208
"WMW_Asymp","Normal2Var",2825896,10000,10,100,2.5,1,5,0,0.1049,0.0970065042158861,0.112793495784114,0.4929,0.483100988085812,0.502699011914188,0.7321,0.72481486737403,0.73938513262597,7321,4929,1049
"WMW_Asymp","Normal2Var",135090,10000,10,100,1,1,3,0,0.0112,0.00848912745672984,0.0139108725432702,0.1161,0.109821241947136,0.122378758052864,0.2715,0.264184136440626,0.278815863559374,2715,1161,112
"WMW_Asymp","Normal2Var",135669,10000,10,100,1,3,5,0,0.006,0.00401063406925724,0.00798936593074276,0.047,0.0428518786710126,0.0511481213289874,0.111,0.105832526333159,0.116167473666841,1110,470,60
"WMW_Asymp","Normal2Var",176401,10000,10,100,1,1,5,0,4e-04,-0.000115096949693939,0.000915096949693939,0.0127,0.0105052629238107,0.0148947370761893,0.057,0.05318618891691,0.06081381108309,570,127,4
"WMW_Asymp","Normal2Var",19365798,10000,10,100,5,1,3,0,1,1,1,1,1,1,1,1,1,10000,10000,10000
"WMW_Asymp","Normal2Var",8563233,10000,10,100,5,3,5,0,0.8451,0.83577979170459,0.85442020829541,0.9755,0.972469929380361,0.978530070619639,0.9932,0.991848118222477,0.994551881777523,9932,9755,8451
"WMW_Asymp","Normal2Var",29485,10000,10,100,5,1,5,0,0.9873,0.984415488414151,0.990184511585849,0.9999,0.999704009800245,1.00009599019976,1,1,1,10000,9999,9873
