"method","distribution","seed","N","n1","n2","delta","scale1","scale2","null","power0.01","l_CI","u_CI","power0.05","l_CI","u_CI","power0.10","l_CI","u_CI","ct_0.10","ct_0.05","ct_0.01"
"Gastwirth","Cauchy",241124909,10000,10,10,0,1,1,1,0.121,0.112598961376211,0.129401038623789,0.2182,0.210104731132223,0.226295268867777,0.357,0.349118561395437,0.364881438604563,3570,2182,1210
"Gastwirth","Cauchy",75960,10000,10,10,0,0.5,0.5,1,0.1261,0.117548658082435,0.134651341917565,0.2183,0.21020339420142,0.22639660579858,0.365,0.357080473850192,0.372919526149808,3650,2183,1261
"Gastwirth","Cauchy",13908311,10000,10,10,0,2,2,1,0.122,0.113569117590572,0.130430882409428,0.2097,0.201720948327928,0.217679051672072,0.3542,0.346332455626315,0.362067544373685,3542,2097,1220
"Gastwirth","Cauchy",289841349,10000,10,10,0.5,1,1,0,0.1351,0.126294450115466,0.143905549884534,0.2315,0.223232894022695,0.239767105977305,0.3742,0.366239587494866,0.382160412505134,3742,2315,1351
"Gastwirth","Cauchy",2196323,10000,10,10,0.5,0.5,0.5,0,0.1707,0.161007887378999,0.180392112621001,0.2789,0.27011021856208,0.28768978143792,0.4128,0.404701049025559,0.420898950974441,4128,2789,1707
"Gastwirth","Cauchy",2357586,10000,10,10,0.5,2,2,0,0.1254,0.116869011363999,0.133930988636001,0.2209,0.212768876985902,0.229031123014098,0.3648,0.356881397151113,0.372718602848887,3648,2209,1254
"Gastwirth","Cauchy",49696212,10000,10,10,0.5,0.5,2,0,0.073,0.0662988836922793,0.0797011163077207,0.1387,0.131925589250009,0.145474410749991,0.2751,0.267754011445423,0.282445988554577,2751,1387,730
"Gastwirth","Cauchy",85218,10000,10,10,0.5,1,2,0,0.1107,0.1026175353229,0.1187824646771,0.1953,0.187529943198045,0.203070056801955,0.3377,0.329920372369273,0.345479627630727,3377,1953,1107
"Gastwirth","Cauchy",38230,10000,10,10,1,1,1,0,0.1765,0.166679128800845,0.186320871199155,0.2877,0.278827265740844,0.296572734259156,0.429,0.420858346740526,0.437141653259474,4290,2877,1765
"Gastwirth","Cauchy",6616323,10000,10,10,1,0.5,0.5,0,0.2734,0.261918653852037,0.284881346147963,0.4249,0.415211174799884,0.434588825200116,0.5367,0.528497186263313,0.544902813736687,5367,4249,2734
"Gastwirth","Cauchy",11629524,10000,10,10,1,2,2,0,0.1274,0.118811087526757,0.135988912473243,0.2278,0.219579507643359,0.236020492356641,0.377,0.369027755662456,0.384972244337544,3770,2278,1274
"Gastwirth","Cauchy",19602706,10000,10,10,1,0.5,2,0,0.0938,0.08628966504202,0.10131033495798,0.18,0.172469925896779,0.187530074103221,0.3139,0.306265945258843,0.321534054741157,3139,1800,938
"Gastwirth","Cauchy",586603,10000,10,10,1,1,2,0,0.1306,0.121919849302779,0.139280150697221,0.2237,0.215532223290907,0.231867776709093,0.3635,0.355587434577245,0.371412565422755,3635,2237,1306
"Gastwirth","Cauchy",34052,10000,10,10,1.5,1,1,0,0.2312,0.220339584,0.242060416,0.3529,0.343533709997315,0.362266290002685,0.4816,0.473380571198824,0.489819428801176,4816,3529,2312
"Gastwirth","Cauchy",89068,10000,10,10,1.5,0.5,0.5,0,0.3698,0.357364349394515,0.382235650605485,0.5517,0.541952529426687,0.561447470573313,0.6392,0.631300173560489,0.647099826439511,6392,5517,3698
"Gastwirth","Cauchy",73015,10000,10,10,1.5,2,2,0,0.1525,0.143239154604465,0.161760845395535,0.2583,0.249721084030159,0.266878915969841,0.3932,0.385164823092153,0.401235176907847,3932,2583,1525
"Gastwirth","Cauchy",40536153,10000,10,10,1.5,0.5,2,0,0.1311,0.122405750417805,0.139794249582195,0.232,0.223726663782971,0.240273336217029,0.3532,0.345337489193623,0.361062510806377,3532,2320,1311
"Gastwirth","Cauchy",72490561,10000,10,10,1.5,1,2,0,0.1531,0.143824239631639,0.162375760368361,0.2584,0.24982000200056,0.26697999799944,0.3946,0.386559822232618,0.402640177767382,3946,2584,1531
"Gastwirth","Cauchy",24975,10000,10,10,2,1,1,0,0.2715,0.260043668979363,0.282956331020637,0.412,0.402352976367812,0.421647023632188,0.5275,0.519287449734743,0.535712550265257,5275,4120,2715
"Gastwirth","Cauchy",642025,10000,10,10,2,0.5,0.5,0,0.4464,0.433594221300588,0.459205778699412,0.6494,0.640047705602239,0.658752294397761,0.7137,0.706264084863531,0.721135915136469,7137,6494,4464
"Gastwirth","Cauchy",1918638,10000,10,10,2,2,2,0,0.1714,0.161692134918001,0.181107865081999,0.2834,0.274567281365831,0.292232718634169,0.4171,0.408988838944209,0.425211161055791,4171,2834,1714
"Gastwirth","Cauchy",1009974,10000,10,10,2,0.5,2,0,0.1654,0.155829099495639,0.174970900504361,0.2957,0.286755407126001,0.304644592873999,0.4125,0.404401924635484,0.420598075364516,4125,2957,1654
"Gastwirth","Cauchy",479053,10000,10,10,2,1,2,0,0.1936,0.183421734043684,0.203778265956316,0.3095,0.300439164632331,0.318560835367669,0.4388,0.430636844998875,0.446963155001125,4388,3095,1936
"Gastwirth","Cauchy",302079490,10000,10,10,2.5,1,1,0,0.3252,0.313132740166513,0.337267259833487,0.489,0.479202371887033,0.498797628112967,0.5905,0.582410851535892,0.598589148464108,5905,4890,3252
"Gastwirth","Cauchy",5801636,10000,10,10,2.5,0.5,0.5,0,0.5016,0.488720065945769,0.514479934054231,0.7182,0.70938242289279,0.72701757710721,0.767,0.7600458901808,0.7739541098192,7670,7182,5016
"Gastwirth","Cauchy",2466057,10000,10,10,2.5,2,2,0,0.1987,0.188421201236241,0.208978798763759,0.3128,0.303712780489853,0.321887219510147,0.4516,0.443413625808235,0.459786374191765,4516,3128,1987
"Gastwirth","Cauchy",146706782,10000,10,10,2.5,0.5,2,0,0.2025,0.192148012990735,0.212851987009265,0.364,0.354569486936545,0.373430513063455,0.4664,0.458193592405833,0.474606407594167,4664,3640,2025
"Gastwirth","Cauchy",63632,10000,10,10,2.5,1,2,0,0.2251,0.214341383261208,0.235858616738792,0.3546,0.345223518145146,0.363976481854854,0.4753,0.467085042110834,0.483514957889166,4753,3546,2251
"Gastwirth","Cauchy",106341372,10000,10,10,5,1,1,0,0.5041,0.491220433032879,0.516979566967121,0.7282,0.719480207812017,0.736919792187982,0.7732,0.766311362205748,0.780088637794252,7732,7282,5041
"Gastwirth","Cauchy",52891,10000,10,10,5,0.5,0.5,0,0.6622,0.650016550443572,0.674383449556428,0.8878,0.881613997799419,0.893986002200582,0.9013,0.896393642789016,0.906206357210984,9013,8878,6622
"Gastwirth","Cauchy",96175,10000,10,10,5,2,2,0,0.3255,0.313429859313761,0.337570140686239,0.4911,0.481301552638994,0.500898447361006,0.5856,0.577496431461041,0.593703568538959,5856,4911,3255
"Gastwirth","Cauchy",355991,10000,10,10,5,0.5,2,0,0.377,0.364515804611846,0.389484195388154,0.6167,0.607170668060268,0.626229331939732,0.6746,0.666892778419489,0.682307221580511,6746,6167,3770
"Gastwirth","Cauchy",539426,10000,10,10,5,1,2,0,0.3782,0.365707999878107,0.390692000121893,0.5773,0.56761782397425,0.58698217602575,0.652,0.644164272539196,0.659835727460804,6520,5773,3782
"Gastwirth","Cauchy",27874,10000,10,10,5,0.5,1,0,0.5606,0.547814949974096,0.573385050025904,0.8034,0.795610425383219,0.811189574616781,0.8287,0.822502118718725,0.834897881281275,8287,8034,5606
"Gastwirth","Cauchy",62384410,10000,10,10,0.5,0.5,1,0,0.1235,0.115024695748801,0.131975304251199,0.2221,0.213953102798341,0.230246897201659,0.3672,0.359270414726709,0.375129585273291,3672,2221,1235
"Gastwirth","Cauchy",39638781,10000,10,10,1,0.5,1,0,0.1808,0.170886202503504,0.190713797496496,0.3015,0.292505377626604,0.310494622373396,0.4292,0.421057875456344,0.437342124543656,4292,3015,1808
"Gastwirth","Cauchy",68371,10000,10,10,1.5,0.5,1,0,0.2543,0.243082370023478,0.265517629976523,0.4069,0.397271383747267,0.416528616252733,0.5169,0.508679699627144,0.525120300372856,5169,4069,2543
"Gastwirth","Cauchy",2825352,10000,10,10,2,0.5,1,0,0.3268,0.314717440672747,0.338882559327252,0.5049,0.4951004706073,0.5146995293927,0.5992,0.591138503661577,0.607261496338423,5992,5049,3268
"Gastwirth","Cauchy",198682327,10000,10,10,2.5,0.5,1,0,0.3736,0.361138360973455,0.386061639026545,0.5733,0.563605880618767,0.582994119381233,0.6495,0.641651268161392,0.657348731838608,6495,5733,3736
"Gastwirth","Cauchy",5831979,10000,20,20,0,1,1,1,0.0424,0.037209360639206,0.047590639360794,0.1265,0.119984724438675,0.133015275561325,0.2047,0.198062717314987,0.211337282685013,2047,1265,424
"Gastwirth","Cauchy",348418211,10000,20,20,0,0.5,0.5,1,0.0402,0.035140014666494,0.045259985333506,0.1224,0.11597615449451,0.12882384550549,0.2046,0.197963921568343,0.211236078431657,2046,1224,402
"Gastwirth","Cauchy",1961286,10000,20,20,0,2,2,1,0.0435,0.0382454809081706,0.0487545190918294,0.1256,0.119104599034517,0.132095400965483,0.2068,0.200137572098672,0.213462427901328,2068,1256,435
"Gastwirth","Cauchy",225933813,10000,20,20,0.5,1,1,0,0.0537,0.0478930588920968,0.0595069411079032,0.1462,0.139275190462576,0.153124809537424,0.2289,0.221988948167176,0.235811051832824,2289,1462,537
"Gastwirth","Cauchy",1196148,10000,20,20,0.5,0.5,0.5,0,0.0837,0.0765660932047401,0.0908339067952599,0.2011,0.193243876225109,0.208956123774891,0.2908,0.283329537898871,0.298270462101129,2908,2011,837
"Gastwirth","Cauchy",4939136,10000,20,20,0.5,2,2,0,0.0446,0.0392825194931073,0.0499174805068927,0.1331,0.126442217541674,0.139757782458326,0.2235,0.216647084195806,0.230352915804194,2235,1331,446
"Gastwirth","Cauchy",753242,10000,20,20,0.5,0.5,2,0,0.0174,0.01403171475587,0.02076828524413,0.0716,0.0665466410467492,0.0766533589532508,0.1367,0.131048925535902,0.142351074464098,1367,716,174
"Gastwirth","Cauchy",953853,10000,20,20,0.5,1,2,0,0.0377,0.0327935002993075,0.0426064997006925,0.1141,0.107868519441545,0.120331480558455,0.1927,0.186211799891898,0.199188200108102,1927,1141,377
"Gastwirth","Cauchy",41202,10000,20,20,1,1,1,0,0.0881,0.0807985784929191,0.0954014215070809,0.2011,0.193243876225109,0.208956123774891,0.2926,0.285115968772974,0.300084031227026,2926,2011,881
"Gastwirth","Cauchy",53746727,10000,20,20,1,0.5,0.5,0,0.1879,0.177837312077403,0.197962687922597,0.3526,0.343235522017838,0.361964477982162,0.4528,0.444611729979635,0.460988270020364,4528,3526,1879
"Gastwirth","Cauchy",338312286,10000,20,20,1,2,2,0,0.0542,0.0483676287996102,0.0600323712003898,0.1487,0.14172646680874,0.15567353319126,0.2326,0.225650050403989,0.239549949596011,2326,1487,542
"Gastwirth","Cauchy",27077243,10000,20,20,1,0.5,2,0,0.0336,0.0289581194766879,0.0382418805233121,0.1018,0.0958732516738434,0.107726748326157,0.1727,0.166482102146804,0.178917897853196,1727,1018,336
"Gastwirth","Cauchy",824544,10000,20,20,1,1,2,0,0.0516,0.0459014221962542,0.0572985778037458,0.1427,0.135844573644652,0.149555426355348,0.2279,0.220999590870247,0.234800409129753,2279,1427,516
"Gastwirth","Cauchy",606596,10000,20,20,1.5,1,1,0,0.1305,0.121822674122888,0.139177325877112,0.2712,0.26248624999615,0.27991375000385,0.3735,0.365542589859485,0.381457410140515,3735,2712,1305
"Gastwirth","Cauchy",5940094,10000,20,20,1.5,0.5,0.5,0,0.3032,0.291359650330612,0.315040349669388,0.4936,0.483800802848886,0.503399197151114,0.5939,0.585821345041965,0.601978654958034,5939,4936,3032
"Gastwirth","Cauchy",72673,10000,20,20,1.5,2,2,0,0.0655,0.0591268203381985,0.0718731796618015,0.1671,0.159787923484098,0.174412076515902,0.2497,0.242579792557743,0.256820207442257,2497,1671,655
"Gastwirth","Cauchy",8336458,10000,20,20,1.5,0.5,2,0,0.0526,0.0468495024737486,0.0583504975262514,0.1524,0.145355599667935,0.159444400332065,0.2326,0.225650050403989,0.239549949596011,2326,1524,526
"Gastwirth","Cauchy",14055966,10000,20,20,1.5,1,2,0,0.0718,0.0651498894826194,0.0784501105173806,0.1773,0.169814321206891,0.184785678793109,0.2696,0.262300279553736,0.276899720446264,2696,1773,718
"Gastwirth","Cauchy",30548,10000,20,20,2,1,1,0,0.1839,0.17392050850823,0.19387949149177,0.3488,0.339458825062681,0.358141174937319,0.4555,0.447307639876118,0.463692360123882,4555,3488,1839
"Gastwirth","Cauchy",4136160,10000,20,20,2,0.5,0.5,0,0.4135,0.400814206902901,0.426185793097099,0.6124,0.60285083172426,0.62194916827574,0.7042,0.696692194769981,0.711707805230019,7042,6124,4135
"Gastwirth","Cauchy",192320,10000,20,20,2,2,2,0,0.0813,0.0742599135905121,0.0883400864094879,0.1978,0.189992526050918,0.205607473949082,0.2853,0.277871883966592,0.292728116033408,2853,1978,813
"Gastwirth","Cauchy",90254,10000,20,20,2,0.5,2,0,0.0773,0.0704203575759713,0.0841796424240287,0.2008,0.192948264463343,0.208651735536657,0.2981,0.290575381057823,0.305624618942177,2981,2008,773
"Gastwirth","Cauchy",206132,10000,20,20,2,1,2,0,0.0943,0.0867717524942537,0.101828247505746,0.22,0.211880772450534,0.228119227549466,0.3201,0.312425832749804,0.327774167250196,3201,2200,943
"Gastwirth","Cauchy",743089,10000,20,20,2.5,1,1,0,0.2424,0.231360938587098,0.253439061412902,0.4242,0.414513269130527,0.433886730869473,0.53,0.521789818348538,0.538210181651462,5300,4242,2424
"Gastwirth","Cauchy",2957908,10000,20,20,2.5,0.5,0.5,0,0.4874,0.47452409030708,0.50027590969292,0.686,0.676903319251507,0.695096680748493,0.7709,0.763986826289831,0.777813173710169,7709,6860,4874
"Gastwirth","Cauchy",357757389,10000,20,20,2.5,2,2,0,0.1069,0.0989405188974115,0.114859481102589,0.2367,0.22836889071386,0.245031109286139,0.3329,0.325147919566466,0.340652080433534,3329,2367,1069
"Gastwirth","Cauchy",45512,10000,20,20,2.5,0.5,2,0,0.1142,0.106006928430147,0.122393071569853,0.2574,0.248830848618539,0.265969151381461,0.3596,0.351705922142289,0.367494077857711,3596,2574,1142
"Gastwirth","Cauchy",21800,10000,20,20,2.5,1,2,0,0.1321,0.123377678074435,0.140822321925565,0.2756,0.266842404159679,0.284357595840321,0.379,0.37101947784932,0.38698052215068,3790,2756,1321
"Gastwirth","Cauchy",969418,10000,20,20,5,1,1,0,0.4816,0.468728724260286,0.494471275739714,0.6779,0.668741291203756,0.687058708796244,0.7674,0.760450050403988,0.774349949596011,7674,6779,4816
"Gastwirth","Cauchy",3678955,10000,20,20,5,0.5,0.5,0,0.7298,0.718360936771042,0.741239063228958,0.8734,0.866882522838521,0.879917477161479,0.9226,0.918204147538065,0.926995852461935,9226,8734,7298
"Gastwirth","Cauchy",300835,10000,20,20,5,2,2,0,0.2473,0.236186038835802,0.258413961164198,0.4311,0.421393491265836,0.440806508734164,0.5349,0.526695060728502,0.543104939271498,5349,4311,2473
"Gastwirth","Cauchy",243566,10000,20,20,5,0.5,2,0,0.3308,0.318679889613641,0.342920110386359,0.5632,0.553478602324686,0.572921397675314,0.6526,0.644767428932522,0.660432571067478,6526,5632,3308
"Gastwirth","Cauchy",282402934,10000,20,20,5,1,2,0,0.3079,0.29600854141251,0.31979145858749,0.5141,0.504303897451006,0.523896102548994,0.6104,0.602378000346946,0.618421999653054,6104,5141,3079
"Gastwirth","Cauchy",4388775,10000,20,20,5,0.5,1,0,0.5774,0.56467525772925,0.590124742270751,0.7719,0.763675694496044,0.780124305503956,0.8404,0.834375439532746,0.846424560467254,8404,7719,5774
"Gastwirth","Cauchy",97340867,10000,20,20,0.5,0.5,1,0,0.0497,0.0441017225572489,0.0552982774427511,0.1395,0.132709236393453,0.146290763606547,0.2259,0.21902104368476,0.23277895631524,2259,1395,497
"Gastwirth","Cauchy",35913293,10000,20,20,1,0.5,1,0,0.0987,0.0910168533887569,0.106383146611243,0.2151,0.207046522659224,0.223153477340776,0.3133,0.305669910654273,0.320930089345727,3133,2151,987
"Gastwirth","Cauchy",103636295,10000,20,20,1.5,0.5,1,0,0.1686,0.158955501410363,0.178244498589637,0.333,0.323762783873915,0.342237216126085,0.434,0.425846971083701,0.442153028916299,4340,3330,1686
"Gastwirth","Cauchy",3614188,10000,20,20,2,0.5,1,0,0.2354,0.2244713571145,0.2463286428855,0.4232,0.413516295537265,0.432883704462735,0.5265,0.518286560136315,0.534713439863685,5265,4232,2354
"Gastwirth","Cauchy",244416695,10000,20,20,2.5,0.5,1,0,0.3098,0.297888291885741,0.321711708114259,0.5149,0.505104352362483,0.524695647637517,0.6162,0.608200198066208,0.624199801933792,6162,5149,3098
"Gastwirth","Cauchy",199344080,10000,100,100,0,1,1,1,0.0144,0.011331137346041,0.017468862653959,0.0663,0.0614234069546865,0.0711765930453135,0.1218,0.116419950607299,0.127180049392701,1218,663,144
"Gastwirth","Cauchy",6636842,10000,100,100,0,0.5,0.5,1,0.013,0.0100820616549351,0.0159179383450649,0.0625,0.0577555954008959,0.0672444045991041,0.1176,0.112300897588308,0.122899102411692,1176,625,130
"Gastwirth","Cauchy",404051,10000,100,100,0,2,2,1,0.0132,0.0102599995648,0.0161400004352,0.0601,0.055441628370514,0.064758371629486,0.1146,0.109360040021994,0.119839959978006,1146,601,132
"Gastwirth","Cauchy",1487070,10000,100,100,0.5,1,1,0,0.0298,0.0254198939478483,0.0341801060521517,0.1029,0.096944966799891,0.108855033200109,0.1729,0.166679254854282,0.179120745145718,1729,1029,298
"Gastwirth","Cauchy",323579788,10000,100,100,0.5,0.5,0.5,0,0.0865,0.0792588392572461,0.0937411607427539,0.2212,0.213064924196444,0.229335075803556,0.3173,0.309643753812881,0.324956246187119,3173,2212,865
"Gastwirth","Cauchy",21671148,10000,100,100,0.5,2,2,0,0.0167,0.0133989879183596,0.0200010120816404,0.0764,0.0711935139060591,0.0816064860939409,0.138,0.132326395238475,0.143673604761525,1380,764,167
"Gastwirth","Cauchy",342542,10000,100,100,0.5,0.5,2,0,0.0058,0.00384387440854734,0.00775612559145266,0.0376,0.0338715544849898,0.0413284455150102,0.0826,0.0780716989292782,0.0871283010707218,826,376,58
"Gastwirth","Cauchy",7856920,10000,100,100,0.5,1,2,0,0.015,0.0118688086867775,0.0181311913132225,0.0664,0.0615199920157442,0.0712800079842558,0.1222,0.116812351007731,0.127587648992269,1222,664,150
"Gastwirth","Cauchy",51617757,10000,100,100,1,1,1,0,0.0827,0.075604968789632,0.089795031210368,0.2168,0.208723521343952,0.224876478656048,0.3136,0.305967926103502,0.321232073896498,3136,2168,827
"Gastwirth","Cauchy",6443474,10000,100,100,1,0.5,0.5,0,0.3226,0.310557944170158,0.334642055829842,0.5491,0.539347366343884,0.558852633656116,0.663,0.65522433365058,0.67077566634942,6630,5491,3226
"Gastwirth","Cauchy",55913,10000,100,100,1,2,2,0,0.0299,0.0255127770480834,0.0342872229519166,0.1054,0.099381464539076,0.111418535460924,0.1751,0.168848134486893,0.181351865513107,1751,1054,299
"Gastwirth","Cauchy",49685,10000,100,100,1,0.5,2,0,0.0151,0.0119585481968644,0.0182414518031356,0.0754,0.0702249006836197,0.0805750993163803,0.1424,0.136651384214474,0.148148615785526,1424,754,151
"Gastwirth","Cauchy",35826,10000,100,100,1,1,2,0,0.0314,0.0269075534872963,0.0358924465127037,0.1106,0.104452731290858,0.116747268709142,0.1858,0.179401851641928,0.192198148358072,1858,1106,314
"Gastwirth","Cauchy",4693710,10000,100,100,1.5,1,1,0,0.1833,0.173333139747587,0.193266860252413,0.3799,0.370386910474593,0.389413089525407,0.4971,0.488875138345663,0.505324861654337,4971,3799,1833
"Gastwirth","Cauchy",1205335,10000,100,100,1.5,0.5,0.5,0,0.5939,0.581249170108269,0.606550829891731,0.7912,0.783233556913553,0.799166443086447,0.8681,0.86253361580647,0.873666384193529,8681,7912,5939
"Gastwirth","Cauchy",3451034,10000,100,100,1.5,2,2,0,0.0483,0.0427770710186771,0.0538229289813229,0.1514,0.144374608633934,0.158425391366066,0.2339,0.226936561499448,0.240863438500552,2339,1514,483
"Gastwirth","Cauchy",221127,10000,100,100,1.5,0.5,2,0,0.0402,0.035140014666494,0.045259985333506,0.1531,0.146042356241464,0.160157643758536,0.2562,0.24901902273086,0.26338097726914,2562,1531,402
"Gastwirth","Cauchy",12430875,10000,100,100,1.5,1,2,0,0.065,0.058649493828048,0.071350506171952,0.1834,0.175814915473747,0.190985084526253,0.2811,0.273705129603504,0.288494870396496,2811,1834,650
"Gastwirth","Cauchy",17228,10000,100,100,2,1,1,0,0.3176,0.30560761356082,0.32959238643918,0.5398,0.530031096520407,0.549568903479593,0.656,0.648185574713391,0.663814425286609,6560,5398,3176
"Gastwirth","Cauchy",519354,10000,100,100,2,0.5,0.5,0,0.7955,0.785110070352808,0.805889929647192,0.9203,0.914991767421674,0.925608232578326,0.9524,0.948897492515411,0.955902507484589,9524,9203,7955
"Gastwirth","Cauchy",36474,10000,100,100,2,2,2,0,0.0822,0.0751245218501351,0.0892754781498649,0.2095,0.201523745141985,0.217476254858015,0.3053,0.297724209541191,0.312875790458809,3053,2095,822
"Gastwirth","Cauchy",471171,10000,100,100,2,0.5,2,0,0.0908,0.0833985212520783,0.0982014787479217,0.2517,0.243193800744304,0.260206199255696,0.3777,0.369724842012049,0.385675157987951,3777,2517,908
"Gastwirth","Cauchy",1507966,10000,100,100,2,1,2,0,0.1134,0.105231990213146,0.121568009786854,0.2824,0.273576728713317,0.291223271286683,0.4027,0.39463223992314,0.41076776007686,4027,2824,1134
"Gastwirth","Cauchy",21554,10000,100,100,2.5,1,1,0,0.47,0.457143204903243,0.482856795096757,0.6895,0.680431112617305,0.698568887382695,0.7855,0.77874768576158,0.79225231423842,7855,6895,4700
"Gastwirth","Cauchy",3578454,10000,100,100,2.5,0.5,0.5,0,0.896,0.88813648837488,0.90386351162512,0.9684,0.964971319613846,0.971828680386154,0.9834,0.981298230679856,0.985501769320144,9834,9684,8960
"Gastwirth","Cauchy",14578275,10000,100,100,2.5,2,2,0,0.1266,0.118034172873485,0.135165827126515,0.2919,0.282989123675956,0.300810876324044,0.4026,0.394532566453506,0.410667433546494,4026,2919,1266
"Gastwirth","Cauchy",1500183,10000,100,100,2.5,0.5,2,0,0.1667,0.157099046870902,0.176300953129098,0.3958,0.38621517193594,0.40538482806406,0.5291,0.520888941840605,0.537311058159396,5291,3958,1667
"Gastwirth","Cauchy",3344372,10000,100,100,2.5,1,2,0,0.1874,0.177347616214836,0.197452383785164,0.4029,0.393286572826801,0.412513427173199,0.5218,0.513582821416818,0.530017178583182,5218,4029,1874
"Gastwirth","Cauchy",115899294,10000,100,100,5,1,1,0,0.8963,0.888446523743039,0.904153476256961,0.9663,0.962763065546324,0.969836934453676,0.9826,0.980449056977254,0.984750943022746,9826,9663,8963
"Gastwirth","Cauchy",76701145,10000,100,100,5,0.5,0.5,0,0.9965,0.99497868715433,0.99802131284567,0.9997,0.99936056896783,1.00003943103217,0.9999,0.999735508225206,1.00006449177479,9999,9997,9965
"Gastwirth","Cauchy",325335007,10000,100,100,5,2,2,0,0.4606,0.447760051064087,0.473439948935913,0.692,0.682951335691938,0.701048664308062,0.7876,0.780871844624297,0.794328155375703,7876,6920,4606
"Gastwirth","Cauchy",344231,10000,100,100,5,0.5,2,0,0.7091,0.697400387926305,0.720799612073695,0.881,0.874653745180029,0.887346254819971,0.936,0.931973814192067,0.940026185807933,9360,8810,7091
"Gastwirth","Cauchy",1169613,10000,100,100,5,1,2,0,0.6393,0.626929954927464,0.651670045072536,0.8323,0.824977446557819,0.839622553442181,0.9018,0.896904728746239,0.906695271253761,9018,8323,6393
"Gastwirth","Cauchy",53094,10000,100,100,5,0.5,1,0,0.9649,0.960159320774296,0.969640679225704,0.9917,0.989921780885942,0.993478219114058,0.9964,0.995414778201825,0.997385221798175,9964,9917,9649
"Gastwirth","Cauchy",73703954,10000,100,100,0.5,0.5,1,0,0.0321,0.0275593960792441,0.0366406039207559,0.111,0.104843010099083,0.117156989900917,0.1865,0.180092566625834,0.192907433374166,1865,1110,321
"Gastwirth","Cauchy",7199211,10000,100,100,1,0.5,1,0,0.1173,0.10901101358162,0.12558898641838,0.2807,0.271892912567619,0.289507087432381,0.394,0.385961956997502,0.402038043002498,3940,2807,1173
"Gastwirth","Cauchy",14051492,10000,100,100,1.5,0.5,1,0,0.2738,0.262313421025203,0.285286578974797,0.5033,0.493500213446324,0.513099786553675,0.6236,0.615630267166862,0.631569732833138,6236,5033,2738
"Gastwirth","Cauchy",22563451,10000,100,100,2,0.5,1,0,0.4653,0.452451054796303,0.478148945203697,0.6958,0.686782671558738,0.704817328441262,0.7942,0.787549511774922,0.800850488225078,7942,6958,4653
"Gastwirth","Cauchy",142558220,10000,100,100,2.5,0.5,1,0,0.6462,0.633882906170551,0.658517093829449,0.8361,0.828844377818105,0.843355622181895,0.9006,0.89567818749005,0.90552181250995,9006,8361,6462
"Gastwirth","Cauchy",88238321,10000,10,100,0,1,1,1,0.0149,0.0117791050358873,0.0180208949641127,0.0673,0.0623893996340977,0.0722106003659023,0.1248,0.119363406651367,0.130236593348633,1248,673,149
"Gastwirth","Cauchy",16995741,10000,10,100,0,0.5,0.5,1,0.0145,0.011420656237183,0.017579343762817,0.061,0.0563091258128148,0.0656908741871852,0.1179,0.112595044858533,0.123204955141467,1179,610,145
"Gastwirth","Cauchy",6962353,10000,10,100,0,2,2,1,0.016,0.0127677614979089,0.0192322385020911,0.0607,0.0560199275303047,0.0653800724696953,0.1211,0.115733295213916,0.126466704786084,1211,607,160
"Gastwirth","Cauchy",189288345,10000,10,100,0.5,1,1,0,0.015,0.0118688086867775,0.0181311913132225,0.0704,0.0653859292411854,0.0754140707588146,0.1294,0.123878686947555,0.134921313052445,1294,704,150
"Gastwirth","Cauchy",563630,10000,10,100,0.5,0.5,0.5,0,0.0291,0.0247700826783247,0.0334299173216753,0.103,0.0970424059755636,0.108957594024436,0.1715,0.165299250015573,0.177700749984427,1715,1030,291
"Gastwirth","Cauchy",37885878,10000,10,100,0.5,2,2,0,0.0145,0.011420656237183,0.017579343762817,0.0669,0.0620029648089482,0.0717970351910518,0.1254,0.119952221930814,0.130847778069186,1254,669,145
"Gastwirth","Cauchy",174315,10000,10,100,0.5,0.5,2,0,2e-04,-0.000164264981704253,0.000564264981704253,0.0043,0.00301750833078729,0.00558249166921271,0.0169,0.0147796473241522,0.0190203526758478,169,43,2
"Gastwirth","Cauchy",7016408,10000,10,100,0.5,1,2,0,0.0031,0.0016679687226656,0.0045320312773344,0.0179,0.0153012742941203,0.0204987257058797,0.0467,0.0432291236749525,0.0501708763250475,467,179,31
"Gastwirth","Cauchy",5596748,10000,10,100,1,1,1,0,0.0294,0.0250484931913573,0.0337515068086427,0.1054,0.099381464539076,0.111418535460924,0.1743,0.168059408745577,0.180540591254423,1743,1054,294
"Gastwirth","Cauchy",255360,10000,10,100,1,0.5,0.5,0,0.1139,0.105716311523286,0.122083688476714,0.2561,0.247545036913791,0.264654963086209,0.3575,0.349616111176305,0.365383888823694,3575,2561,1139
"Gastwirth","Cauchy",11625038,10000,10,100,1,2,2,0,0.0203,0.0166672088434902,0.0239327911565098,0.0737,0.068578871806955,0.078821128193045,0.1363,0.130655892329892,0.141944107670108,1363,737,203
"Gastwirth","Cauchy",45080337,10000,10,100,1,0.5,2,0,1e-04,-0.000157587119677984,0.000357587119677984,0.0039,0.00267836956226525,0.00512163043773475,0.0152,0.0131873803145154,0.0172126196854846,152,39,1
"Gastwirth","Cauchy",30338,10000,10,100,1,1,2,0,0.0036,0.00205718458838914,0.00514281541161086,0.0217,0.0188442382981768,0.0245557617018232,0.0559,0.0521209659498789,0.0596790340501211,559,217,36
"Gastwirth","Cauchy",194968215,10000,10,100,1.5,1,1,0,0.0579,0.0518836423927775,0.0639163576072225,0.1659,0.158608979405433,0.173191020594567,0.2538,0.24664121476786,0.26095878523214,2538,1659,579
"Gastwirth","Cauchy",360405535,10000,10,100,1.5,0.5,0.5,0,0.3227,0.310656966922469,0.334743033077531,0.5221,0.512309577516042,0.531890422483958,0.6276,0.619647343837459,0.635552656162541,6276,5221,3227
"Gastwirth","Cauchy",71270,10000,10,100,1.5,2,2,0,0.0223,0.0184963451818947,0.0261036548181053,0.0812,0.0758464165188539,0.0865535834811461,0.1433,0.137536273282088,0.149063726717912,1433,812,223
"Gastwirth","Cauchy",3144136,10000,10,100,1.5,0.5,2,0,4e-04,-0.000115096949693939,0.000915096949693939,0.0045,0.0031881536827814,0.0058118463172186,0.018,0.015812954095132,0.020187045904868,180,45,4
"Gastwirth","Cauchy",75490,10000,10,100,1.5,1,2,0,0.0046,0.00285689482302874,0.00634310517697126,0.0263,0.0231634910537988,0.0294365089462012,0.0603,0.0563842119942756,0.0642157880057244,603,263,46
"Gastwirth","Cauchy",18212,10000,10,100,2,1,1,0,0.1123,0.104166661513936,0.120433338486064,0.2547,0.246160428002201,0.263239571997799,0.3556,0.347725471769331,0.363474528230669,3556,2547,1123
"Gastwirth","Cauchy",10330545,10000,10,100,2,0.5,0.5,0,0.5595,0.546711522006056,0.572288477993944,0.7387,0.730088876344541,0.747311123655459,0.8164,0.81003125678398,0.82276874321602,8164,7387,5595
"Gastwirth","Cauchy",218694741,10000,10,100,2,2,2,0,0.0301,0.0256985822944619,0.0345014177055381,0.098,0.0921726328964103,0.10382736710359,0.1692,0.163032426616213,0.175367573383787,1692,980,301
"Gastwirth","Cauchy",520366,10000,10,100,2,0.5,2,0,8e-04,7.16886721078684e-05,0.00152831132789213,0.0093,0.00741865420467156,0.0111813457953284,0.0249,0.0223367547924603,0.0274632452075397,249,93,8
"Gastwirth","Cauchy",1236757,10000,10,100,2,1,2,0,0.0053,0.00342961998908885,0.00717038001091115,0.0336,0.0300681343844365,0.0371318656155635,0.0761,0.0717381501234023,0.0804618498765977,761,336,53
"Gastwirth","Cauchy",204959,10000,10,100,2.5,1,1,0,0.2006,0.190284426092162,0.210915573907838,0.3793,0.369789828136064,0.388810171863936,0.4866,0.478377954292568,0.494822045707432,4866,3793,2006
"Gastwirth","Cauchy",199430,10000,10,100,2.5,0.5,0.5,0,0.7511,0.739962000655813,0.762237999344187,0.8715,0.864940944119769,0.878059055880232,0.9178,0.913281691942342,0.922318308057658,9178,8715,7511
"Gastwirth","Cauchy",44813,10000,10,100,2.5,2,2,0,0.0424,0.037209360639206,0.047590639360794,0.1345,0.127812700877036,0.141187299122964,0.2118,0.20507879571744,0.21852120428256,2118,1345,424
"Gastwirth","Cauchy",22415,10000,10,100,2.5,0.5,2,0,0.0018,0.000708079815840004,0.00289192018416,0.0146,0.0122490749789923,0.0169509250210077,0.0351,0.0320726640814117,0.0381273359185883,351,146,18
"Gastwirth","Cauchy",9592669,10000,10,100,2.5,1,2,0,0.0112,0.00848912745672984,0.0139108725432702,0.0518,0.0474561889403889,0.0561438110596111,0.0966,0.0917404673028058,0.101459532697194,966,518,112
"Gastwirth","Cauchy",3113355,10000,10,100,5,1,1,0,0.7421,0.73083054936379,0.75336945063621,0.8657,0.859016902664064,0.872383097335936,0.9082,0.903450170814871,0.912949829185129,9082,8657,7421
"Gastwirth","Cauchy",165922489,10000,10,100,5,0.5,0.5,0,0.9813,0.977810464978101,0.984789535021898,0.9935,0.991924941512197,0.995075058487803,0.9964,0.995414778201825,0.997385221798175,9964,9935,9813
"Gastwirth","Cauchy",64384,10000,10,100,5,2,2,0,0.1958,0.18557803859628,0.20602196140372,0.3819,0.372377296279816,0.391422703720184,0.4908,0.482576392445867,0.499023607554133,4908,3819,1958
"Gastwirth","Cauchy",1517989,10000,10,100,5,0.5,2,0,0.1348,0.126002706929555,0.143597293070445,0.2769,0.268129653941696,0.285670346058303,0.3706,0.362655218107267,0.378544781892733,3706,2769,1348
"Gastwirth","Cauchy",3070922,10000,10,100,5,1,2,0,0.1571,0.147726064128383,0.166473935871617,0.318,0.308872290311365,0.327127709688635,0.4255,0.417366814063703,0.433633185936297,4255,3180,1571
"Gastwirth","Cauchy",9210434,10000,10,100,5,0.5,1,0,0.7755,0.764751572474748,0.786248427525252,0.8986,0.892683590088035,0.904516409911965,0.9351,0.931047553601345,0.939152446398655,9351,8986,7755
"Gastwirth","Cauchy",2064094,10000,10,100,0.5,0.5,1,0,0.0037,0.00213598185986991,0.00526401814013009,0.0232,0.0202494506068191,0.0261505493931809,0.0506,0.0469944977211074,0.0542055022788926,506,232,37
"Gastwirth","Cauchy",625994,10000,10,100,1,0.5,1,0,0.0064,0.00434580514519581,0.00845419485480419,0.0333,0.0297833912902343,0.0368166087097657,0.0735,0.0692072827493096,0.0777927172506904,735,333,64
"Gastwirth","Cauchy",687925,10000,10,100,1.5,0.5,1,0,0.0184,0.0149380400048897,0.0218619599951103,0.0779,0.0726469224625559,0.0831530775374441,0.1446,0.138814582942337,0.150385417057663,1446,779,184
"Gastwirth","Cauchy",39110600,10000,10,100,2,0.5,1,0,0.0572,0.0512179001190873,0.0631820998809127,0.1713,0.163915290388268,0.178684709611732,0.262,0.254766562574405,0.269233437425595,2620,1713,572
"Gastwirth","Cauchy",6691496,10000,10,100,2.5,0.5,1,0,0.1666,0.15700135112276,0.17619864887724,0.3306,0.321379587517773,0.339820412482227,0.4354,0.427243937379403,0.443556062620597,4354,3306,1666
