"method","distribution","seed","N","n1","n2","delta","sd","null","power0.01","l_CI","u_CI","power0.05","l_CI","u_CI","power0.10","l_CI","u_CI","ct_0.10","ct_0.05","ct_0.01"
"Mood","Normal",9208325,10000,10,10,0,1,1,0.0015,0.000503068031207746,0.00249693196879225,0.0266,0.0234461389139025,0.0297538610860975,0.0266,0.0239530094455968,0.0292469905544032,266,266,15
"Mood","Normal",22337,10000,10,10,0,3,1,0.0015,0.000503068031207746,0.00249693196879225,0.0243,0.0212820130282587,0.0273179869717413,0.0243,0.0217670466487172,0.0268329533512828,243,243,15
"Mood","Normal",2634941,10000,10,10,0,5,1,0.001,0.00018580467797954,0.00181419532202046,0.0229,0.0199681393869421,0.0258318606130579,0.0229,0.0204393312711836,0.0253606687288164,229,229,10
"Mood","Normal",24441,10000,10,10,0.5,1,0,0.0085,0.00613516044552701,0.010864839554473,0.0843,0.0788543908695537,0.0897456091304463,0.0843,0.0797295780512326,0.0888704219487674,843,843,85
"Mood","Normal",1037810,10000,10,10,1.5,1,0,0.2252,0.214439688155407,0.235960311844593,0.6334,0.623955231200797,0.642844768799203,0.6334,0.625473140472097,0.641326859527903,6334,6334,2252
"Mood","Normal",3996312,10000,10,10,2,1,0,0.513,0.50012435417598,0.52587564582402,0.88,0.873630753890765,0.886369246109235,0.88,0.874654382729749,0.885345617270251,8800,8800,5130
"Mood","Normal",45607,10000,10,10,2.5,1,0,0.7836,0.772992288477117,0.794207711522883,0.9777,0.974805914812311,0.980594085187689,0.9777,0.975271035646047,0.980128964353953,9777,9777,7836
"Mood","Normal",637787,10000,10,10,0.5,3,0,0.0018,0.000708079815840004,0.00289192018416,0.0302,0.0268457098048022,0.0335542901951978,0.0302,0.0273847921576019,0.0330152078423981,302,302,18
"Mood","Normal",394910,10000,10,10,1.5,3,0,0.0079,0.00561946296632043,0.0101805370336796,0.0846,0.0791456034784405,0.0900543965215595,0.0846,0.0800222029194054,0.0891777970805945,846,846,79
"Mood","Normal",31521,10000,10,10,2,3,0,0.0179,0.0144845319294152,0.0213154680705848,0.1301,0.123506296943416,0.136693703056584,0.1301,0.124565999220367,0.135634000779633,1301,1301,179
"Mood","Normal",313085299,10000,10,10,2.5,3,0,0.0319,0.0273730957334549,0.0364269042665451,0.2116,0.203594523060404,0.219605476939596,0.2116,0.204881117568554,0.218318882431446,2116,2116,319
"Mood","Normal",283834,10000,10,10,0.5,5,0,0.0012,0.00030818299620606,0.00209181700379394,0.0239,0.0209063420425172,0.0268936579574828,0.0239,0.0213874656428269,0.0264125343571731,239,239,12
"Mood","Normal",22218,10000,10,10,1.5,5,0,0.0028,0.00143881858974786,0.00416118141025214,0.0446,0.0405540909186686,0.0486459090813314,0.0446,0.0412043263067397,0.0479956736932603,446,446,28
"Mood","Normal",22185,10000,10,10,2,5,0,0.0053,0.00342961998908885,0.00717038001091115,0.0642,0.0593958660741399,0.0690041339258601,0.0642,0.0601679590265103,0.0682320409734897,642,642,53
"Mood","Normal",457351,10000,10,10,2.5,5,0,0.0092,0.00674057959837363,0.0116594204016264,0.0833,0.0778838312417725,0.0887161687582275,0.0833,0.078754286935059,0.087845713064941,833,833,92
"Mood","Normal",28374197,10000,10,10,1,1,0,0.058,0.0519787687510277,0.0640212312489723,0.2947,0.285764207380115,0.303635792619885,0.2947,0.28720031690831,0.30219968309169,2947,2947,580
"Mood","Normal",88319427,10000,10,10,1,3,0,0.0037,0.00213598185986991,0.00526401814013009,0.0511,0.0467840466213825,0.0554159533786175,0.0511,0.0474776819858031,0.0547223180141969,511,511,37
"Mood","Normal",2797354,10000,10,10,1,5,0,0.0015,0.000503068031207746,0.00249693196879225,0.0303,0.0269403341616167,0.0336596658383833,0.0303,0.0274802804570711,0.0331197195429289,303,303,15
"Mood","Normal",318115325,10000,10,10,5,1,0,0.9999,0.999642412880322,1.00015758711968,1,1,1,1,1,1,10000,10000,9999
"Mood","Normal",6437467,10000,10,10,5,3,0,0.3117,0.29976827749106,0.32363172250894,0.7221,0.713319908997374,0.730880091002626,0.7221,0.714730995051367,0.729469004948633,7221,7221,3117
"Mood","Normal",1239150,10000,10,10,5,5,0,0.0582,0.0521690365835817,0.0642309634164183,0.3037,0.294686848628277,0.312713151371723,0.3037,0.296135390813018,0.311264609186982,3037,3037,582
"Mood","Normal",113070,10000,20,20,0,1,1,0.0049,0.00310122326515379,0.00669877673484621,0.0258,0.0226926513331137,0.0289073486668863,0.0258,0.0231920466545776,0.0284079533454224,258,258,49
"Mood","Normal",144082,10000,20,20,0,3,1,0.0033,0.00182264434886653,0.00477735565113347,0.0243,0.0212820130282587,0.0273179869717413,0.0243,0.0217670466487172,0.0268329533512828,243,243,33
"Mood","Normal",1169405,10000,20,20,0,5,1,0.0046,0.00285689482302874,0.00634310517697126,0.0274,0.0242003793914903,0.0305996206085097,0.0274,0.0247146041321436,0.0300853958678564,274,274,46
"Mood","Normal",16846,10000,20,20,0.5,1,0,0.0474,0.0419261824444521,0.0528738175555479,0.159,0.151832748710977,0.166167251289023,0.159,0.152984628382427,0.165015371617573,1590,1590,474
"Mood","Normal",496836,10000,20,20,1.5,1,0,0.787,0.776453143754388,0.797546856245612,0.9305,0.925515671443414,0.935484328556586,0.9305,0.926316724247151,0.934683275752849,9305,9305,7870
"Mood","Normal",3487268,10000,20,20,2,1,0,0.9728,0.968609729189132,0.976990270810868,0.9967,0.995575925048051,0.997824074951949,0.9967,0.995756579951042,0.997643420048958,9967,9967,9728
"Mood","Normal",77470,10000,20,20,2.5,1,0,0.9989,0.998046107482698,0.999753892517302,1,1,1,1,1,1,10000,10000,9989
"Mood","Normal",98316,10000,20,20,0.5,3,0,0.0088,0.00639415390545114,0.0112058460945489,0.0413,0.0373999294712018,0.0452000705287982,0.0413,0.038026726520473,0.044573273479527,413,413,88
"Mood","Normal",23317,10000,20,20,1.5,3,0,0.0522,0.0464702000093881,0.0579297999906119,0.1645,0.157233717982352,0.171766282017648,0.1645,0.158401513306617,0.170598486693383,1645,1645,522
"Mood","Normal",170730129,10000,20,20,2,3,0,0.1085,0.100488360455038,0.116511639544962,0.2907,0.281799927033917,0.299600072966083,0.2907,0.283230295903466,0.298169704096534,2907,2907,1085
"Mood","Normal",23190990,10000,20,20,2.5,3,0,0.2016,0.191265216415554,0.211934783584446,0.4374,0.427677111069317,0.447122888930683,0.4374,0.429239718218891,0.445560281781109,4374,4374,2016
"Mood","Normal",21543,10000,20,20,0.5,5,0,0.0058,0.00384387440854734,0.00775612559145266,0.0315,0.0280765722966594,0.0349234277033406,0.0315,0.0286267660346963,0.0343732339653037,315,315,58
"Mood","Normal",39327,10000,20,20,1.5,5,0,0.0161,0.0128578412422733,0.0193421587577267,0.0666,0.0617131716553167,0.0714868283446833,0.0666,0.0624985547821408,0.0707014452178592,666,666,161
"Mood","Normal",166635,10000,20,20,2,5,0,0.0286,0.0243063372947676,0.0328936627052324,0.1093,0.103184501295757,0.115415498704243,0.1093,0.104167349301796,0.114432650698204,1093,1093,286
"Mood","Normal",361557,10000,20,20,2.5,5,0,0.0461,0.0406980850054167,0.0515019149945833,0.165,0.157724861238437,0.172275138761563,0.165,0.158894079967974,0.171105920032026,1650,1650,461
"Mood","Normal",2443046,10000,20,20,1,1,0,0.3313,0.319175265478657,0.343424734521343,0.5992,0.589594812873369,0.608805187126631,0.5992,0.591138503661577,0.607261496338423,5992,5992,3313
"Mood","Normal",8513459,10000,20,20,1,3,0,0.0191,0.0155740600663449,0.0226259399336551,0.0836,0.0781749749192838,0.0890250250807162,0.0836,0.0790468539501132,0.0881531460498868,836,836,191
"Mood","Normal",48714,10000,20,20,1,5,0,0.0091,0.00665385910075809,0.0115461408992419,0.0451,0.0410325400163739,0.0491674599836261,0.0451,0.0416862389423138,0.0485137610576862,451,451,91
"Mood","Normal",57904,10000,20,20,5,1,0,1,1,1,1,1,1,1,1,1,10000,10000,10000
"Mood","Normal",259690191,10000,20,20,5,3,0,0.8745,0.865966098447627,0.883033901552373,0.9702,0.966867310612493,0.973532689387507,0.9702,0.967402921406914,0.972997078593086,9702,9702,8745
"Mood","Normal",4870980,10000,20,20,5,5,0,0.3349,0.322742426428624,0.347057573571376,0.6073,0.597728320183291,0.616871679816709,0.6073,0.599266625868119,0.615333374131881,6073,6073,3349
"Mood","Normal",128412,10000,100,100,0,1,1,0.0066,0.00451416522232848,0.00868583477767152,0.0343,0.030732826384713,0.037867173615287,0.069,0.0648306794321497,0.0731693205678504,690,343,66
"Mood","Normal",312172228,10000,100,100,0,3,1,0.0065,0.00442992313031617,0.00857007686968383,0.0333,0.0297833912902343,0.0368166087097657,0.0648,0.0607504603621646,0.0688495396378354,648,333,65
"Mood","Normal",36136902,10000,100,100,0,5,1,0.0073,0.00510711276402639,0.00949288723597361,0.0346,0.0310178170043394,0.0381821829956606,0.0666,0.0624985547821408,0.0707014452178592,666,346,73
"Mood","Normal",3593844,10000,100,100,0.5,1,0,0.5426,0.529766833363716,0.555433166636284,0.7429,0.734334114027469,0.751465885972531,0.8291,0.822907865356198,0.835292134643802,8291,7429,5426
"Mood","Normal",123328,10000,100,100,1.5,1,0,1,1,1,1,1,1,1,1,1,10000,10000,10000
"Mood","Normal",51297609,10000,100,100,2,1,0,1,1,1,1,1,1,1,1,1,10000,10000,10000
"Mood","Normal",32038820,10000,100,100,2.5,1,0,1,1,1,1,1,1,1,1,1,10000,10000,10000
"Mood","Normal",68416560,10000,100,100,0.5,3,0,0.0416,0.0364564149362002,0.0467435850637998,0.1208,0.114412463744322,0.127187536255678,0.1919,0.185422074589811,0.198377925410189,1919,1208,416
"Mood","Normal",416069,10000,100,100,1.5,3,0,0.544,0.531169968286618,0.556830031713383,0.7569,0.748492482046264,0.765307517953736,0.8355,0.829401513306617,0.841598486693383,8355,7569,5440
"Mood","Normal",96345551,10000,100,100,2,3,0,0.8508,0.841622085429994,0.859977914570006,0.9484,0.944064125584106,0.952735874415894,0.9698,0.966984792157602,0.972615207842398,9698,9484,8508
"Mood","Normal",5635169,10000,100,100,2.5,3,0,0.9766,0.972705854742136,0.980494145257864,0.9945,0.993050427939011,0.995949572060989,0.9974,0.996562302425036,0.998237697574964,9974,9945,9766
"Mood","Normal",105726,10000,100,100,0.5,5,0,0.0169,0.0135796179373958,0.0202203820626042,0.0621,0.0573697930769997,0.0668302069230003,0.1114,0.106224388702858,0.116575611297142,1114,621,169
"Mood","Normal",220301421,10000,100,100,1.5,5,0,0.1548,0.145482249418014,0.164117750581986,0.3251,0.315919120861355,0.334280879138645,0.4328,0.424649624094166,0.440950375905834,4328,3251,1548
"Mood","Normal",44951,10000,100,100,2,5,0,0.3257,0.313627941875597,0.337772058124403,0.5427,0.532935801880666,0.552464198119334,0.6563,0.64848719705792,0.66411280294208,6563,5427,3257
"Mood","Normal",5966485,10000,100,100,2.5,5,0,0.5452,0.532372736674563,0.558027263325437,0.7589,0.750516083332571,0.767283916667429,0.837,0.830923934687851,0.843076065312149,8370,7589,5452
"Mood","Normal",41069,10000,100,100,1,1,0,0.9985,0.997503068031208,0.999496931968792,0.9998,0.999522841861747,1.00007715813825,0.9999,0.999735508225206,1.00006449177479,9999,9998,9985
"Mood","Normal",46554,10000,100,100,1,3,0,0.2093,0.198820601821604,0.219779398178396,0.4082,0.398566589831135,0.417833410168865,0.52,0.511781582634108,0.528218417365892,5200,4082,2093
"Mood","Normal",83441153,10000,100,100,1,5,0,0.0581,0.0520739001520333,0.0641260998479667,0.1612,0.153992779636392,0.168407220363608,0.2397,0.23267748921996,0.24672251078004,2397,1612,581
"Mood","Normal",1499802,10000,100,100,5,1,0,1,1,1,1,1,1,1,1,1,10000,10000,10000
"Mood","Normal",48676889,10000,100,100,5,3,0,1,1,1,1,1,1,1,1,1,10000,10000,10000
"Mood","Normal",30033046,10000,100,100,5,5,0,0.9984,0.997370424649992,0.999429575350008,0.9999,0.999704009800245,1.00009599019976,1,1,1,10000,9999,9984
"Mood","Normal",221903884,10000,10,100,0,1,1,0.0011,0.000246107482698203,0.0019538925173018,0.0167,0.0141883603726649,0.0192116396273351,0.092,0.0872455231160516,0.0967544768839484,920,167,11
"Mood","Normal",2235148,10000,10,100,0,3,1,0.0013,0.000371813901280567,0.00222818609871943,0.0144,0.0120649958067704,0.0167350041932296,0.0881,0.0834374074615108,0.0927625925384892,881,144,13
"Mood","Normal",1232209,10000,10,100,0,5,1,0.001,0.00018580467797954,0.00181419532202046,0.0148,0.0124332677393503,0.0171667322606497,0.0928,0.088027000254934,0.097572999745066,928,148,10
"Mood","Normal",1443104,10000,10,100,0.5,1,0,0.0149,0.0117791050358873,0.0180208949641127,0.104,0.0980168933287129,0.109983106671287,0.3082,0.300604217888334,0.315795782111666,3082,1040,149
"Mood","Normal",56599,10000,10,100,1.5,1,0,0.4273,0.414556876366193,0.440043123633807,0.8082,0.800483154667767,0.815916845332233,0.9611,0.957919283281873,0.964280716718127,9611,8082,4273
"Mood","Normal",927262,10000,10,100,2,1,0,0.7367,0.725354683309914,0.748045316690086,0.9647,0.961083074500961,0.968316925499039,0.9973,0.996446387641974,0.998153612358026,9973,9647,7367
"Mood","Normal",29416,10000,10,100,2.5,1,0,0.9197,0.912699537644325,0.926700462355674,0.9975,0.996521225766584,0.998478774233416,1,1,1,10000,9975,9197
"Mood","Normal",305200,10000,10,100,0.5,3,0,0.0017,0.000638791170063121,0.00276120882993688,0.0245,0.0214699293803609,0.0275300706196391,0.1226,0.117204770137696,0.127995229862304,1226,245,17
"Mood","Normal",97251,10000,10,100,1.5,3,0,0.0149,0.0117791050358873,0.0180208949641127,0.101,0.0950939570065906,0.106906042993409,0.311,0.30338524897994,0.31861475102006,3110,1010,149
"Mood","Normal",406581,10000,10,100,2,3,0,0.0374,0.0325122994735536,0.0422877005264464,0.1883,0.180637349731483,0.195962650268517,0.4554,0.447207787030899,0.463592212969101,4554,1883,374
"Mood","Normal",13068513,10000,10,100,2.5,3,0,0.0699,0.0633317561364834,0.0764682438635166,0.3038,0.294786012207153,0.312813987792847,0.6127,0.604686659612073,0.620713340387927,6127,3038,699
"Mood","Normal",47776,10000,10,100,0.5,5,0,0.0014,0.000436823989135942,0.00236317601086406,0.0186,0.0159518927502082,0.0212481072497918,0.1046,0.099565686119132,0.109634313880868,1046,186,14
"Mood","Normal",149657186,10000,10,100,1.5,5,0,0.0037,0.00213598185986991,0.00526401814013009,0.0435,0.0395019963431733,0.0474980036568267,0.1739,0.167665063936096,0.180134936063904,1739,435,37
"Mood","Normal",5191237,10000,10,100,2,5,0,0.0096,0.00708818996570521,0.0121118100342948,0.0695,0.0645156714434139,0.0744843285565861,0.2366,0.229608838249969,0.243591161750031,2366,695,96
"Mood","Normal",25057,10000,10,100,2.5,5,0,0.0185,0.0150288220779683,0.0219711779220317,0.1074,0.101331425983116,0.113468574016884,0.3082,0.300604217888334,0.315795782111666,3082,1074,185
"Mood","Normal",11528812,10000,10,100,1,1,0,0.1333,0.124544210104215,0.142055789895785,0.449,0.439251112892232,0.458748887107768,0.7544,0.747319222896772,0.761480777103228,7544,4490,1333
"Mood","Normal",416958,10000,10,100,1,3,0,0.0077,0.00544828864991625,0.00995171135008375,0.0572,0.0526484022645229,0.0617515977354771,0.2023,0.195691792984268,0.208908207015732,2023,572,77
"Mood","Normal",307432,10000,10,100,1,5,0,0.0028,0.00143881858974786,0.00416118141025214,0.026,0.0228809508115453,0.0291190491884547,0.1289,0.123387782217113,0.134412217782887,1289,260,28
"Mood","Normal",16952,10000,10,100,5,1,0,1,1,1,1,1,1,1,1,1,10000,10000,10000
"Mood","Normal",2353310,10000,10,100,5,3,0,0.5293,0.516442133720318,0.542157866279682,0.8809,0.874551439581259,0.887248560418741,0.9831,0.980979647324152,0.985220352675848,9831,8809,5293
"Mood","Normal",143280993,10000,10,100,5,5,0,0.1346,0.12580821955413,0.14339178044587,0.4424,0.432665245287199,0.452134754712801,0.7421,0.73490347581655,0.74929652418345,7421,4424,1346
