"method","distribution","seed","N","n1","n2","delta","sd","g1","g2","h","null","power0.01","l_CI","u_CI","power0.05","l_CI","u_CI","power0.10","l_CI","u_CI","ct_0.10","ct_0.05","ct_0.01"
"Mood","ghEqual",145421775,10000,10,10,0,3,1,1,0,1,0.0011,0.000246107482698203,0.0019538925173018,0.0215,0.0186571384064644,0.0243428615935356,0.0215,0.019114026876854,0.023885973123146,215,215,11
"Mood","ghEqual",576108,10000,10,10,0,3,3,3,0,1,0.0013,0.000371813901280567,0.00222818609871943,0.0237,0.0207185887285381,0.0266814112714619,0.0237,0.0211977441114516,0.0262022558885484,237,237,13
"Mood","ghEqual",105520560,10000,10,10,0,3,-3,-3,0,1,0.0012,0.00030818299620606,0.00209181700379394,0.0238,0.0208124584673013,0.0267875415326988,0.0238,0.0212925990707707,0.0263074009292293,238,238,12
"Mood","ghEqual",81689377,10000,10,10,0,3,-1,-1,0,1,0.0012,0.00030818299620606,0.00209181700379394,0.0252,0.0221280502879116,0.0282719497120884,0.0252,0.0226217564916401,0.0277782435083599,252,252,12
"Mood","ghEqual",166984,10000,10,10,0.5,3,1,1,0,0,0.0017,0.000638791170063121,0.00276120882993688,0.0306,0.0272242654218082,0.0339757345781918,0.0306,0.0277667941933033,0.0334332058066967,306,306,17
"Mood","ghEqual",2795179,10000,10,10,0.5,3,3,3,0,0,0.005,0.00318305240581903,0.00681694759418097,0.0453,0.0412239581570352,0.0493760418429648,0.0453,0.0418790363103688,0.0487209636896312,453,453,50
"Mood","ghEqual",16991,10000,10,10,0.5,3,1,3,0,0,0.0061,0.0040942254270472,0.0081057745729528,0.0507,0.0464000659817155,0.0549999340182845,0.0507,0.0470911268060827,0.0543088731939173,507,507,61
"Mood","ghEqual",39701,10000,10,10,0.5,3,-1,1,0,0,0.0028,0.00143881858974786,0.00416118141025214,0.0389,0.0351102098677631,0.0426897901322369,0.0389,0.0357192832818726,0.0420807167181274,389,389,28
"Mood","ghEqual",97791,10000,10,10,0.5,3,-3,3,0,0,0.011,0.00831316902087236,0.0136868309791276,0.0786,0.0733253767066832,0.0838746232933168,0.0786,0.0741730840216806,0.0830269159783194,786,786,110
"Mood","ghEqual",45695195,10000,10,10,0.5,3,-1,3,0,0,0.0071,0.00493714308998861,0.00926285691001139,0.0549,0.0504354146980487,0.0593645853019513,0.0549,0.0511529373358623,0.0586470626641377,549,549,71
"Mood","ghEqual",2424973,10000,10,10,0.5,3,1,-3,0,0,0.0016,0.000570424649992046,0.00262957535000795,0.0293,0.0259945362682976,0.0326054637317024,0.0293,0.0265257715108926,0.0320742284891074,293,293,16
"Mood","ghEqual",3838080,10000,10,10,1,3,1,1,0,0,0.0044,0.00269503824744835,0.00610496175255165,0.0515,0.0471681006890741,0.0558318993109259,0.0515,0.0478642987926158,0.0551357012073842,515,515,44
"Mood","ghEqual",469240,10000,10,10,1,3,3,3,0,0,0.0145,0.011420656237183,0.017579343762817,0.093,0.087307524250381,0.098692475749619,0.093,0.0882223864244269,0.0977776135755731,930,930,145
"Mood","ghEqual",21205423,10000,10,10,1,3,1,3,0,0,0.0139,0.0108841222153569,0.0169158777846431,0.0951,0.08935028095309,0.10084971904691,0.0951,0.0902743429427719,0.0999256570572281,951,951,139
"Mood","ghEqual",744927,10000,10,10,1,3,-1,1,0,0,0.0069,0.00476760873419909,0.00903239126580091,0.0716,0.0665466410467492,0.0766533589532508,0.0716,0.0673587880213788,0.0758412119786212,716,716,69
"Mood","ghEqual",92401272,10000,10,10,1,3,-3,3,0,0,0.0316,0.0270937343496256,0.0361062656503744,0.1698,0.162441042769957,0.177158957230043,0.1698,0.163623732324785,0.175976267675215,1698,1698,316
"Mood","ghEqual",2829512,10000,10,10,1,3,-1,3,0,0,0.0191,0.0155740600663449,0.0226259399336551,0.1149,0.108649536030149,0.121150463969851,0.1149,0.109654074882447,0.120145925117553,1149,1149,191
"Mood","ghEqual",100975478,10000,10,10,1,3,1,-3,0,0,0.0023,0.00106601533457826,0.00353398466542174,0.0376,0.0338715544849898,0.0413284455150102,0.0376,0.0344707689427593,0.0407292310572407,376,376,23
"Mood","ghEqual",966494,10000,10,10,1.5,3,1,1,0,0,0.0107,0.00804965901805522,0.0133503409819448,0.0986,0.0927567656348218,0.104443234365178,0.0986,0.0936958568720825,0.103504143127917,986,986,107
"Mood","ghEqual",30106834,10000,10,10,1.5,3,3,3,0,0,0.0315,0.0270006378756095,0.0359993621243905,0.1559,0.148789893939582,0.163010106060419,0.1559,0.149932589556434,0.161867410443566,1559,1559,315
"Mood","ghEqual",174206156,10000,10,10,1.5,3,1,3,0,0,0.036,0.0312011671178921,0.0407988328821079,0.1764,0.168929261572883,0.183870738427117,0.1764,0.170129915962956,0.182670084037044,1764,1764,360
"Mood","ghEqual",2946208,10000,10,10,1.5,3,-1,1,0,0,0.0194,0.0158470207748336,0.0229529792251664,0.1306,0.123995537512984,0.137204462487016,0.1306,0.125056968984112,0.136143031015888,1306,1306,194
"Mood","ghEqual",241601,10000,10,10,1.5,3,-3,3,0,0,0.1534,0.144116800781468,0.162683199218532,0.492,0.482201254480292,0.501798745519708,0.492,0.483776052867388,0.500223947132612,4920,4920,1534
"Mood","ghEqual",315927,10000,10,10,1.5,3,-1,3,0,0,0.0527,0.04694434260164,0.05845565739836,0.226,0.217802512345846,0.234197487654154,0.226,0.219119965718835,0.232880034281165,2260,2260,527
"Mood","ghEqual",961710,10000,10,10,1.5,3,1,-3,0,0,0.005,0.00318305240581903,0.00681694759418097,0.0556,0.0511087062952419,0.0600912937047581,0.0556,0.0518305213549351,0.0593694786450649,556,556,50
"Mood","ghEqual",9051230,10000,10,10,2,3,1,1,0,0,0.0245,0.0205176214713315,0.0284823785286685,0.1575,0.150360277946586,0.164639722053414,0.1575,0.151507733276599,0.163492266723401,1575,1575,245
"Mood","ghEqual",364269,10000,10,10,2,3,3,3,0,0,0.0535,0.0477032701792821,0.0592967298207179,0.2137,0.205665618119009,0.221734381880991,0.2137,0.206956858064168,0.220443141935832,2137,2137,535
"Mood","ghEqual",2226719,10000,10,10,2,3,1,3,0,0,0.0719,0.0652456185829738,0.0785543814170262,0.2576,0.249028674611333,0.266171325388667,0.2576,0.250406209048798,0.264793790951202,2576,2576,719
"Mood","ghEqual",9086059,10000,10,10,2,3,-1,1,0,0,0.0464,0.0409813890515831,0.0518186109484169,0.2368,0.228467676916874,0.245132323083126,0.2368,0.229806800269519,0.243793199730481,2368,2368,464
"Mood","ghEqual",5437569,10000,10,10,2,3,-3,3,0,0,0.9216,0.914675712,0.928524288,0.9947,0.993276884774307,0.996123115225693,0.9947,0.993505599721293,0.995894400278707,9947,9947,9216
"Mood","ghEqual",385903,10000,10,10,2,3,-1,3,0,0,0.136,0.127169766576675,0.144830233423325,0.4316,0.421892132860901,0.441307867139099,0.4316,0.42345232579397,0.43974767420603,4316,4316,1360
"Mood","ghEqual",135704,10000,10,10,2,3,1,-3,0,0,0.0092,0.00674057959837363,0.0116594204016264,0.0826,0.0772045774476506,0.0879954225523494,0.0826,0.0780716989292782,0.0871283010707218,826,826,92
"Mood","ghEqual",25769855,10000,10,10,2.5,3,1,1,0,0,0.0478,0.0423042888871033,0.0532957111128967,0.2405,0.23212321245584,0.24887678754416,0.2405,0.23346948188258,0.24753051811742,2405,2405,478
"Mood","ghEqual",587478,10000,10,10,2.5,3,3,3,0,0,0.0857,0.0784892468304222,0.0929107531695778,0.2928,0.283881070448445,0.301718929551555,0.2928,0.285314469840659,0.300285530159341,2928,2928,857
"Mood","ghEqual",277947,10000,10,10,2.5,3,1,3,0,0,0.1203,0.111919962378914,0.128680037621086,0.3627,0.353276726235877,0.372123273764123,0.3627,0.354791180947969,0.370608819052031,3627,3627,1203
"Mood","ghEqual",5401480,10000,10,10,2.5,3,-1,1,0,0,0.0949,0.0873503425416365,0.102449657458364,0.3917,0.382132647721673,0.401267352278327,0.3917,0.383670257909262,0.399729742090738,3917,3917,949
"Mood","ghEqual",65726372,10000,10,10,2.5,3,-3,3,0,0,0.9984,0.997370424649992,0.999429575350008,1,1,1,1,1,1,10000,10000,9984
"Mood","ghEqual",185975287,10000,10,10,2.5,3,-1,3,0,0,0.3492,0.336919763003658,0.361480236996342,0.7189,0.710089090591409,0.727710909408591,0.7189,0.711505129603504,0.726294870396496,7189,7189,3492
"Mood","ghEqual",73916,10000,10,10,2.5,3,1,-3,0,0,0.0138,0.0107948379142123,0.0168051620857877,0.1211,0.114705628339985,0.127494371660015,0.1211,0.115733295213916,0.126466704786084,1211,1211,138
"Mood","ghEqual",92655548,10000,20,20,0,3,1,1,0,1,0.0042,0.0025340707064416,0.0058659292935584,0.0261,0.0229751188236351,0.029224881176365,0.0261,0.0234773318698366,0.0287226681301634,261,261,42
"Mood","ghEqual",46457202,10000,20,20,0,3,3,3,0,1,0.0038,0.00221506693533891,0.00538493306466109,0.0241,0.021094150364639,0.027105849635361,0.0241,0.0215772333417506,0.0266227666582494,241,241,38
"Mood","ghEqual",190060956,10000,20,20,0,3,-3,-3,0,1,0.0032,0.00174512774259181,0.00465487225740819,0.0217,0.0188442382981768,0.0245557617018232,0.0217,0.0193032000002555,0.0240967999997445,217,217,32
"Mood","ghEqual",50161613,10000,20,20,0,3,-1,-1,0,1,0.0047,0.00293813840191234,0.00646186159808766,0.0258,0.0226926513331137,0.0289073486668863,0.0258,0.0231920466545776,0.0284079533454224,258,258,47
"Mood","ghEqual",24189191,10000,20,20,0.5,3,1,1,0,0,0.0079,0.00561946296632043,0.0101805370336796,0.0422,0.0382595146865392,0.0461404853134608,0.0422,0.0388928069690597,0.0455071930309403,422,422,79
"Mood","ghEqual",22733,10000,20,20,0.5,3,3,3,0,0,0.0124,0.00954932805320851,0.0152506719467915,0.0574,0.0528409355128053,0.0619590644871947,0.0574,0.0535736423053901,0.0612263576946099,574,574,124
"Mood","ghEqual",9332793,10000,20,20,0.5,3,1,3,0,0,0.0165,0.0132184803218021,0.0197815196781979,0.059,0.0543817558488101,0.0636182441511899,0.059,0.0551239736588227,0.0628760263411773,590,590,165
"Mood","ghEqual",498967,10000,20,20,0.5,3,-1,1,0,0,0.0084,0.00604899387398841,0.0107510061260116,0.0444,0.0403627501511053,0.0484372498488947,0.0444,0.0410115938768206,0.0477884061231795,444,444,84
"Mood","ghEqual",311716156,10000,20,20,0.5,3,-3,3,0,0,0.0225,0.0186797173088893,0.0263202826911107,0.0824,0.0770105260183947,0.0877894739816053,0.0824,0.0778766914797242,0.0869233085202758,824,824,225
"Mood","ghEqual",2936732,10000,20,20,0.5,3,-1,3,0,0,0.0171,0.013760368248746,0.020439631751254,0.0651,0.0602646363033997,0.0699353636966003,0.0651,0.0610417483260676,0.0691582516739324,651,651,171
"Mood","ghEqual",421818,10000,20,20,0.5,3,1,-3,0,0,0.0061,0.0040942254270472,0.0081057745729528,0.0344,0.0308278151752184,0.0379721848247816,0.0344,0.0314019163077726,0.0373980836922274,344,344,61
"Mood","ghEqual",96435420,10000,20,20,1,3,1,1,0,0,0.0244,0.02042555338694,0.02837444661306,0.0881,0.0825445705924384,0.0936554294075616,0.0881,0.0834374074615108,0.0927625925384892,881,881,244
"Mood","ghEqual",5513898,10000,20,20,1,3,3,3,0,0,0.0453,0.0399429164349605,0.0506570835650395,0.1278,0.121256207201813,0.134343792798187,0.1278,0.122307888187236,0.133292111812764,1278,1278,453
"Mood","ghEqual",102471,10000,20,20,1,3,1,3,0,0,0.0533,0.0475135040731081,0.0590864959268919,0.1491,0.142118734496497,0.156081265503503,0.1491,0.143240723595274,0.154959276404726,1491,1491,533
"Mood","ghEqual",1411284,10000,20,20,1,3,-1,1,0,0,0.0309,0.0264423148034272,0.0353576851965728,0.1101,0.103964918530419,0.116235081469581,0.1101,0.104950913766601,0.115249086233399,1101,1101,309
"Mood","ghEqual",18037,10000,20,20,1,3,-3,3,0,0,0.0879,0.0806060711248612,0.0951939288751388,0.229,0.220764290835635,0.237235709164365,0.229,0.222087886951337,0.235912113048663,2290,2290,879
"Mood","ghEqual",201006,10000,20,20,1,3,-1,3,0,0,0.0571,0.0511228145488713,0.0630771854511286,0.1643,0.157037267406713,0.171562732593287,0.1643,0.158204492287777,0.170395507712223,1643,1643,571
"Mood","ghEqual",5721080,10000,20,20,1,3,1,-3,0,0,0.0129,0.00999315891531993,0.0158068410846801,0.0611,0.0564055324001118,0.0657944675998882,0.0611,0.0571600004072367,0.0650399995927633,611,611,129
"Mood","ghEqual",84283,10000,20,20,1.5,3,1,1,0,0,0.0591,0.0530254888523484,0.0651745111476516,0.1817,0.174142297183826,0.189257702816174,0.1817,0.175356927993569,0.188043072006431,1817,1817,591
"Mood","ghEqual",229695951,10000,20,20,1.5,3,3,3,0,0,0.1103,0.102230336780484,0.118369663219516,0.2363,0.227973752285117,0.244626247714883,0.2363,0.229311899239294,0.243288100760706,2363,2363,1103
"Mood","ghEqual",2460453,10000,20,20,1.5,3,1,3,0,0,0.1233,0.114830595013772,0.131769404986228,0.2726,0.263872182721986,0.281327817278014,0.2726,0.265274867641667,0.279925132358333,2726,2726,1233
"Mood","ghEqual",28256,10000,20,20,1.5,3,-1,1,0,0,0.0819,0.0748362909392824,0.0889637090607176,0.235,0.22668962311324,0.24331037688676,0.235,0.228025219398612,0.241974780601388,2350,2350,819
"Mood","ghEqual",32547,10000,20,20,1.5,3,-3,3,0,0,0.5264,0.513537966220076,0.539262033779924,0.7621,0.753754367181909,0.770445632818091,0.7621,0.755095629599102,0.769104370400898,7621,7621,5264
"Mood","ghEqual",94241163,10000,20,20,1.5,3,-1,3,0,0,0.1884,0.17832703494982,0.19847296505018,0.3865,0.376955831369889,0.396044168630111,0.3865,0.378489715614014,0.394510284385986,3865,3865,1884
"Mood","ghEqual",258061426,10000,20,20,1.5,3,1,-3,0,0,0.0286,0.0243063372947676,0.0328936627052324,0.11,0.103867360763912,0.116132639236088,0.11,0.104852963498284,0.115147036501716,1100,1100,286
"Mood","ghEqual",182277983,10000,20,20,2,3,1,1,0,0,0.1217,0.113278051349009,0.130121948650991,0.297,0.28804404385004,0.30595595614996,0.297,0.28948339394557,0.30451660605443,2970,2970,1217
"Mood","ghEqual",4649287,10000,20,20,2,3,3,3,0,0,0.1867,0.176662087542206,0.196737912457794,0.3547,0.34532292265652,0.36407707734348,0.3547,0.346829952943865,0.362570047056135,3547,3547,1867
"Mood","ghEqual",47264395,10000,20,20,2,3,1,3,0,0,0.2397,0.228703046948704,0.250696953051296,0.441,0.431268466768284,0.450731533231716,0.441,0.432832463180524,0.449167536819476,4410,4410,2397
"Mood","ghEqual",678787,10000,20,20,2,3,-1,1,0,0,0.1981,0.187832890279107,0.208367109720893,0.4319,0.422191322657416,0.441608677342584,0.4319,0.42375164580176,0.44004835419824,4319,4319,1981
"Mood","ghEqual",62036314,10000,20,20,2,3,-3,3,0,0,1,1,1,1,1,1,1,1,1,10000,10000,10000
"Mood","ghEqual",101399336,10000,20,20,2,3,-1,3,0,0,0.4444,0.431599881143112,0.457200118856888,0.682,0.672872290311365,0.691127709688635,0.682,0.674339243654181,0.689660756345819,6820,6820,4444
"Mood","ghEqual",25019,10000,20,20,2,3,1,-3,0,0,0.0546,0.0487473846904154,0.0604526153095846,0.1738,0.166372826782039,0.181227173217961,0.1738,0.16756647962064,0.18003352037936,1738,1738,546
"Mood","ghEqual",113669528,10000,20,20,2.5,3,1,1,0,0,0.2277,0.216897596598197,0.238502403401804,0.4589,0.449133164632984,0.468666835367016,0.4589,0.450702834602683,0.467097165397317,4589,4589,2277
"Mood","ghEqual",96549950,10000,20,20,2.5,3,3,3,0,0,0.2679,0.256491792313374,0.279308207686626,0.4852,0.475404294124791,0.494995705875209,0.4852,0.476978603997593,0.493421396002407,4852,4852,2679
"Mood","ghEqual",16903807,10000,20,20,2.5,3,1,3,0,0,0.3887,0.376143160970998,0.401256839029001,0.6071,0.597527459726154,0.616672540273846,0.6071,0.599065903698737,0.615134096301263,6071,6071,3887
"Mood","ghEqual",2763638,10000,20,20,2.5,3,-1,1,0,0,0.4222,0.409476876525019,0.434923123474981,0.6821,0.672973056541514,0.691226943458486,0.6821,0.674439886740199,0.689760113259801,6821,6821,4222
"Mood","ghEqual",32614703,10000,20,20,2.5,3,-3,3,0,0,1,1,1,1,1,1,1,1,1,10000,10000,10000
"Mood","ghEqual",2060201,10000,20,20,2.5,3,-1,3,0,0,0.8386,0.829122908953529,0.848077091046471,0.9446,0.9401163167491,0.9490836832509,0.9446,0.940836908700138,0.948363091299862,9446,9446,8386
"Mood","ghEqual",2560699,10000,20,20,2.5,3,1,-3,0,0,0.0963,0.088700742804283,0.103899257195717,0.2596,0.251007063143814,0.268192936856186,0.2596,0.252388070852844,0.266811929147156,2596,2596,963
"Mood","ghEqual",17222,10000,100,100,0,3,1,1,0,1,0.0079,0.00561946296632043,0.0101805370336796,0.0357,0.0320633939006816,0.0393366060993184,0.07,0.0658028315795051,0.074197168420495,700,357,79
"Mood","ghEqual",17013,10000,100,100,0,3,3,3,0,1,0.0063,0.00426181416817406,0.00833818583182594,0.0319,0.0284556163189331,0.0353443836810669,0.0633,0.059294395950824,0.067305604049176,633,319,63
"Mood","ghEqual",116229424,10000,100,100,0,3,-3,-3,0,1,0.0055,0.00359484814841441,0.00740515185158559,0.0338,0.0302580050466439,0.0373419949533561,0.0659,0.0618186363177273,0.0699813636822728,659,338,55
"Mood","ghEqual",23156571,10000,100,100,0,3,-1,-1,0,1,0.0076,0.00536284521817913,0.00983715478182087,0.0321,0.0286451926689901,0.0355548073310099,0.0632,0.0591973475456393,0.0672026524543607,632,321,76
"Mood","ghEqual",49432,10000,100,100,0.5,3,1,1,0,0,0.0444,0.0390939001985956,0.0497060998014044,0.126,0.119495752477035,0.132504247522965,0.1992,0.192629890593422,0.205770109406578,1992,1260,444
"Mood","ghEqual",129739634,10000,100,100,0.5,3,3,3,0,0,0.0456,0.0402260515594524,0.0509739484405476,0.1289,0.122332251152305,0.135467748847695,0.1976,0.191049795901684,0.204150204098316,1976,1289,456
"Mood","ghEqual",1062698,10000,100,100,0.5,3,1,3,0,0,0.0528,0.0470391885030305,0.0585608114969695,0.1374,0.13065232487753,0.14414767512247,0.21,0.203299779499897,0.216700220500103,2100,1374,528
"Mood","ghEqual",65821,10000,100,100,0.5,3,-1,1,0,0,0.0464,0.0409813890515831,0.0518186109484169,0.1378,0.131044077026372,0.144555922973628,0.2068,0.200137572098672,0.213462427901328,2068,1378,464
"Mood","ghEqual",285129042,10000,100,100,0.5,3,-3,3,0,0,0.073,0.0662988836922793,0.0797011163077207,0.1818,0.174240679683887,0.189359320316113,0.2641,0.256847971463654,0.271352028536346,2641,1818,730
"Mood","ghEqual",222013018,10000,100,100,0.5,3,-1,3,0,0,0.058,0.0519787687510277,0.0640212312489723,0.1541,0.147023526197999,0.161176473802001,0.2348,0.2278272767337,0.2417727232663,2348,1541,580
"Mood","ghEqual",12842348,10000,100,100,0.5,3,1,-3,0,0,0.0316,0.0270937343496256,0.0361062656503744,0.1032,0.097237289559135,0.109162710440865,0.1641,0.158007474502148,0.170192525497852,1641,1032,316
"Mood","ghEqual",47167393,10000,100,100,1,3,1,1,0,0,0.2175,0.206872829155415,0.228127170844585,0.4191,0.409429129005596,0.428770870994404,0.5303,0.522090116471546,0.538509883528454,5303,4191,2175
"Mood","ghEqual",9235642,10000,100,100,1,3,3,3,0,0,0.2368,0.225848946805034,0.247751053194966,0.4277,0.418002996118718,0.437397003881282,0.5382,0.529999039628928,0.546400960371072,5382,4277,2368
"Mood","ghEqual",163787856,10000,100,100,1,3,1,3,0,0,0.2856,0.273964215128627,0.297235784871373,0.4849,0.475104470015441,0.494695529984559,0.5964,0.588329316832411,0.604470683167589,5964,4849,2856
"Mood","ghEqual",14424988,10000,100,100,1,3,-1,1,0,0,0.2679,0.256491792313374,0.279308207686626,0.4751,0.46531215973984,0.48488784026016,0.5883,0.580204274765423,0.596395725234578,5883,4751,2679
"Mood","ghEqual",681548,10000,100,100,1,3,-3,3,0,0,0.502,0.489120103040412,0.514879896959588,0.7202,0.711401543626658,0.728998456373342,0.8051,0.798583765045751,0.811616234954249,8051,7202,5020
"Mood","ghEqual",88028697,10000,100,100,1,3,-1,3,0,0,0.354,0.341681332057467,0.366318667942533,0.5765,0.566815383350901,0.586184616649099,0.6789,0.671219509445291,0.686580490554709,6789,5765,3540
"Mood","ghEqual",289667746,10000,100,100,1,3,1,-3,0,0,0.1448,0.135735079790881,0.153864920209119,0.3105,0.301431112617305,0.319568887382695,0.4161,0.40799162179126,0.42420837820874,4161,3105,1448
"Mood","ghEqual",4856869,10000,100,100,1.5,3,1,1,0,0,0.5485,0.535680737166654,0.561319262833346,0.7517,0.743232275761599,0.760167724238401,0.8342,0.828082228412902,0.840317771587098,8342,7517,5485
"Mood","ghEqual",33451,10000,100,100,1.5,3,3,3,0,0,0.5563,0.543501911677244,0.569098088322756,0.7475,0.738984848856303,0.756015151143697,0.8203,0.813984230136731,0.826615769863269,8203,7475,5563
"Mood","ghEqual",21761804,10000,100,100,1.5,3,1,3,0,0,0.6694,0.657281743594788,0.681518256405212,0.8299,0.822535875699148,0.837264124300852,0.8883,0.883118299350235,0.893481700649765,8883,8299,6694
"Mood","ghEqual",125310654,10000,100,100,1.5,3,-1,1,0,0,0.6928,0.680916061274762,0.704683938725238,0.8636,0.856873028722642,0.870326971277358,0.9188,0.914306813864038,0.923293186135962,9188,8636,6928
"Mood","ghEqual",1694382,10000,100,100,1.5,3,-3,3,0,0,0.9997,0.999253890643434,1.00014610935657,0.9999,0.999704009800245,1.00009599019976,1,1,1,10000,9999,9997
"Mood","ghEqual",30208643,10000,100,100,1.5,3,-1,3,0,0,0.8611,0.852191106317174,0.870008893682826,0.9506,0.946352646082277,0.954847353917723,0.9734,0.970753009445597,0.976046990554403,9734,9506,8611
"Mood","ghEqual",70888,10000,100,100,1.5,3,1,-3,0,0,0.3707,0.358258119734936,0.383141880265063,0.5927,0.583069901261482,0.602330098738518,0.6983,0.690749519706749,0.705850480293251,6983,5927,3707
"Mood","ghEqual",176866222,10000,100,100,2,3,1,1,0,0,0.8486,0.839366628490313,0.857833371509687,0.9413,0.936692777872774,0.945907222127226,0.9668,0.963852843047885,0.969747156952115,9668,9413,8486
"Mood","ghEqual",557460,10000,100,100,2,3,3,3,0,0,0.8286,0.818892134918001,0.838307865081999,0.9267,0.921591685348611,0.931808314651389,0.9555,0.952107957746523,0.958892042253477,9555,9267,8286
"Mood","ghEqual",1821996,10000,100,100,2,3,1,3,0,0,0.924,0.917173648603947,0.930826351396053,0.9753,0.972257898781171,0.978342101218829,0.986,0.984067282506417,0.987932717493583,9860,9753,9240
"Mood","ghEqual",43639624,10000,100,100,2,3,-1,1,0,0,0.9608,0.955800743851658,0.965799256148342,0.9895,0.987502169586777,0.991497830413223,0.9954,0.994286875770141,0.996513124229859,9954,9895,9608
"Mood","ghEqual",16725874,10000,100,100,2,3,-3,3,0,0,1,1,1,1,1,1,1,1,1,10000,10000,10000
"Mood","ghEqual",90802666,10000,100,100,2,3,-1,3,0,0,0.9983,0.997238791170063,0.999361208829937,0.9997,0.99936056896783,1.00003943103217,1,1,1,10000,9997,9983
"Mood","ghEqual",9314589,10000,100,100,2,3,1,-3,0,0,0.6357,0.623303429630717,0.648096570369283,0.8295,0.822128999202279,0.836871000797721,0.8926,0.887506732521544,0.897693267478456,8926,8295,6357
"Mood","ghEqual",80325388,10000,100,100,2.5,3,1,1,0,0,0.9726,0.968394784343102,0.976805215656898,0.993,0.991365895915188,0.994634104084812,0.9969,0.995985523504963,0.997814476495037,9969,9930,9726
"Mood","ghEqual",1411444,10000,100,100,2.5,3,3,3,0,0,0.9534,0.947970293047784,0.958829706952216,0.985,0.982617571826896,0.987382428173104,0.9912,0.989663658064622,0.992736341935378,9912,9850,9534
"Mood","ghEqual",2116838,10000,100,100,2.5,3,1,3,0,0,0.9903,0.987775268983908,0.992824731016092,0.9977,0.996761098624136,0.998638901375864,0.9988,0.998230497293773,0.999369502706227,9988,9977,9903
"Mood","ghEqual",717761,10000,100,100,2.5,3,-1,1,0,0,0.9994,0.998769200767229,1.00003079923277,0.9999,0.999704009800245,1.00009599019976,1,1,1,10000,9999,9994
"Mood","ghEqual",11974670,10000,100,100,2.5,3,-3,3,0,0,1,1,1,1,1,1,1,1,1,10000,10000,10000
"Mood","ghEqual",545906,10000,100,100,2.5,3,-1,3,0,0,1,1,1,1,1,1,1,1,1,10000,10000,10000
"Mood","ghEqual",56476096,10000,100,100,2.5,3,1,-3,0,0,0.8435,0.834140652483939,0.852859347516061,0.942,0.937418628397521,0.946581371602479,0.9686,0.965731182254116,0.971468817745884,9686,9420,8435
"Mood","ghEqual",34424820,10000,10,100,0,3,1,1,0,1,0.0011,0.000246107482698203,0.0019538925173018,0.0143,0.0119729995441341,0.0166270004558659,0.0918,0.0870501708148713,0.0965498291851287,918,143,11
"Mood","ghEqual",10519597,10000,10,100,0,3,3,3,0,1,0.0016,0.000570424649992046,0.00262957535000795,0.0165,0.0140031915491973,0.0189968084508027,0.0911,0.086366491705302,0.095833508294698,911,165,16
"Mood","ghEqual",81041,10000,10,100,0,3,-3,-3,0,1,0.0014,0.000436823989135942,0.00236317601086406,0.0178,0.0152084115400782,0.0203915884599218,0.0955,0.0906652739168206,0.100334726083179,955,178,14
"Mood","ghEqual",20245135,10000,10,100,0,3,-1,-1,0,1,0.0018,0.000708079815840004,0.00289192018416,0.0166,0.0140957642142961,0.0191042357857039,0.0952,0.090372073248443,0.100027926751557,952,166,18
"Mood","ghEqual",18806660,10000,10,100,0.5,3,1,1,0,0,0.0013,0.000371813901280567,0.00222818609871943,0.0253,0.0222221190689697,0.0283778809310303,0.1222,0.116812351007731,0.127587648992269,1222,253,13
"Mood","ghEqual",11854381,10000,10,100,0.5,3,3,3,0,0,0.0026,0.00128820124431222,0.00391179875568778,0.0266,0.0234461389139025,0.0297538610860975,0.1212,0.115831385298571,0.126568614701429,1212,266,26
"Mood","ghEqual",410837,10000,10,100,0.5,3,1,3,0,0,0.0026,0.00128820124431222,0.00391179875568778,0.0259,0.0227867949585034,0.0290132050414966,0.1215,0.116125662646021,0.126874337353979,1215,259,26
"Mood","ghEqual",246883,10000,10,100,0.5,3,-1,1,0,0,0.0026,0.00128820124431222,0.00391179875568778,0.027,0.0238231670865467,0.0301768329134533,0.1274,0.12191523252388,0.13288476747612,1274,270,26
"Mood","ghEqual",358641047,10000,10,100,0.5,3,-3,3,0,0,0.0255,0.0214392442248271,0.0295607557751729,0.0852,0.0797280899867048,0.0906719100132952,0.2151,0.208340831517563,0.221859168482437,2151,852,255
"Mood","ghEqual",1397961,10000,10,100,0.5,3,-1,3,0,0,0.0027,0.00136327937126114,0.00403672062873885,0.0294,0.0260890709064675,0.0327109290935325,0.1371,0.131441974972398,0.142758025027602,1371,294,27
"Mood","ghEqual",3566014,10000,10,100,0.5,3,1,-3,0,0,0.0017,0.000638791170063121,0.00276120882993688,0.0203,0.0175359197722208,0.0230640802277792,0.1124,0.107204136841717,0.117595863158283,1124,203,17
"Mood","ghEqual",119402,10000,10,100,1,3,1,1,0,0,0.0064,0.00434580514519581,0.00845419485480419,0.0436,0.0395976128115336,0.0476023871884664,0.1783,0.17200351435809,0.18459648564191,1783,436,64
"Mood","ghEqual",118050,10000,10,100,1,3,3,3,0,0,0.0045,0.00277585912594127,0.00622414087405873,0.0417,0.0377819060734076,0.0456180939265924,0.1666,0.160470428026762,0.172729571973238,1666,417,45
"Mood","ghEqual",1485070,10000,10,100,1,3,1,3,0,0,0.007,0.00485232034567536,0.00914767965432464,0.0524,0.0480324866527508,0.0567675133472492,0.1888,0.182362298016963,0.195237701983037,1888,524,70
"Mood","ghEqual",34498,10000,10,100,1,3,-1,1,0,0,0.0093,0.00682737409756834,0.0117726259024317,0.0718,0.066740133301993,0.076859866698007,0.2407,0.233667485320685,0.247732514679315,2407,718,93
"Mood","ghEqual",335773512,10000,10,100,1,3,-3,3,0,0,0.2083,0.197839057471378,0.218760942528622,0.418,0.408332688679886,0.427667311320114,0.6213,0.613320710325989,0.629279289674011,6213,4180,2083
"Mood","ghEqual",997094,10000,10,100,1,3,-1,3,0,0,0.0105,0.00787428002833509,0.0131257199716649,0.0789,0.073616180611868,0.084183819388132,0.2462,0.239113398804794,0.253286601195206,2462,789,105
"Mood","ghEqual",108124,10000,10,100,1,3,1,-3,0,0,0.005,0.00318305240581903,0.00681694759418097,0.0421,0.0381639808213882,0.0460360191786118,0.166,0.159879273530863,0.172120726469137,1660,421,50
"Mood","ghEqual",50418478,10000,10,100,1.5,3,1,1,0,0,0.0118,0.00901830642683706,0.0145816935731629,0.0855,0.0800193636902272,0.0909806363097728,0.2663,0.259028722069211,0.273571277930789,2663,855,118
"Mood","ghEqual",3667685,10000,10,100,1.5,3,3,3,0,0,0.0098,0.00726241640782102,0.012337583592179,0.0672,0.0622927862380369,0.0721072137619631,0.2326,0.225650050403989,0.239549949596011,2326,672,98
"Mood","ghEqual",72658859,10000,10,100,1.5,3,1,3,0,0,0.0132,0.0102599995648,0.0161400004352,0.0875,0.0819616992678259,0.0930383007321741,0.2761,0.268745749919538,0.283454250080462,2761,875,132
"Mood","ghEqual",64092,10000,10,100,1.5,3,-1,1,0,0,0.0427,0.0374918459011185,0.0479081540988815,0.1926,0.18487090606873,0.20032909393127,0.4509,0.44271475389576,0.45908524610424,4509,1926,427
"Mood","ghEqual",8976537,10000,10,100,1.5,3,-3,3,0,0,0.7372,0.725861614926013,0.748538385073987,0.9486,0.944272080332723,0.952927919667277,0.9926,0.991190163021091,0.994009836978909,9926,9486,7372
"Mood","ghEqual",169303,10000,10,100,1.5,3,-1,3,0,0,0.049,0.0434392399276358,0.0545607600723642,0.2095,0.201523745141985,0.217476254858015,0.4716,0.463388278630665,0.479811721369335,4716,2095,490
"Mood","ghEqual",91287,10000,10,100,1.5,3,1,-3,0,0,0.0111,0.00840112023907993,0.0137988797609201,0.0784,0.07313152,0.08366848,0.2525,0.245353355290112,0.259646644709888,2525,784,111
"Mood","ghEqual",44306056,10000,10,100,2,3,1,1,0,0,0.0247,0.0207018098266821,0.0286981901733179,0.1413,0.134472717339263,0.148127282660737,0.3722,0.364248212926398,0.380151787073602,3722,1413,247
"Mood","ghEqual",295348,10000,10,100,2,3,3,3,0,0,0.0171,0.013760368248746,0.020439631751254,0.1034,0.0974321801040581,0.109367819895942,0.3072,0.299611071737959,0.314788928262041,3072,1034,171
"Mood","ghEqual",297497260,10000,10,100,2,3,1,3,0,0,0.0226,0.0187714330533444,0.0264285669466556,0.1402,0.13339498951701,0.14700501048299,0.3731,0.365144313488141,0.381055686511859,3731,1402,226
"Mood","ghEqual",226325,10000,10,100,2,3,-1,1,0,0,0.1695,0.159835029598721,0.179164970401279,0.4504,0.440648338350086,0.460151661649914,0.7283,0.720982447003009,0.735617552996991,7283,4504,1695
"Mood","ghEqual",56279888,10000,10,100,2,3,-3,3,0,0,0.965,0.960265833395412,0.969734166604588,0.9991,0.998512264659562,0.999687735340438,0.9999,0.999735508225206,1.00006449177479,9999,9991,9650
"Mood","ghEqual",22291,10000,10,100,2,3,-1,3,0,0,0.1835,0.173528924894556,0.193471075105444,0.4768,0.467010555188286,0.486589444811714,0.7572,0.750146648192781,0.764253351807219,7572,4768,1835
"Mood","ghEqual",20498,10000,10,100,2,3,1,-3,0,0,0.0212,0.0174892579174165,0.0249107420825835,0.1236,0.117149156718196,0.130050843281804,0.3558,0.34792448007863,0.36367551992137,3558,1236,212
"Mood","ghEqual",184246359,10000,10,100,2.5,3,1,1,0,0,0.0401,0.035046048838441,0.045153951161559,0.2054,0.197481725169306,0.213318274830694,0.4861,0.477878178918818,0.494321821081182,4861,2054,401
"Mood","ghEqual",7860678,10000,10,100,2.5,3,3,3,0,0,0.0245,0.0205176214713315,0.0284823785286685,0.1407,0.133884848321453,0.147515151678547,0.3843,0.376298237235473,0.392301762764527,3843,1407,245
"Mood","ghEqual",330836653,10000,10,100,2.5,3,1,3,0,0,0.0443,0.0389996015927314,0.0496003984072686,0.208,0.200044814159305,0.215955185840695,0.4803,0.472081386560023,0.488518613439977,4803,2080,443
"Mood","ghEqual",12456639,10000,10,100,2.5,3,-1,1,0,0,0.5343,0.521450342121699,0.547149657878301,0.8063,0.798554147697664,0.814045852302336,0.9401,0.936196390737539,0.944003609262462,9401,8063,5343
"Mood","ghEqual",37983878,10000,10,100,2.5,3,-3,3,0,0,0.9981,0.996978214849062,0.999221785150938,1,1,1,1,1,1,10000,10000,9981
"Mood","ghEqual",61402290,10000,10,100,2.5,3,-1,3,0,0,0.5673,0.554537207805026,0.580062792194974,0.8467,0.839638581863563,0.853761418136437,0.9644,0.961351968140652,0.967448031859348,9644,8467,5673
"Mood","ghEqual",1802162,10000,10,100,2.5,3,1,-3,0,0,0.0367,0.0318564959082978,0.0415435040917022,0.1857,0.17807825805202,0.19332174194798,0.456,0.447806909096074,0.464193090903926,4560,1857,367
