"method","distribution","seed","N","n1","n2","delta","sd","g1","g2","h","null","power0.01","l_CI","u_CI","power0.05","l_CI","u_CI","power0.10","l_CI","u_CI","ct_0.10","ct_0.05","ct_0.01"
"BWS","ghEqualK",3309521,10000,10,10,0,3,1,1,0.2,1,0.0129,0.00999315891531993,0.0158068410846801,0.0527,0.0483206954577696,0.0570793045422304,0.0973,0.0924247819630528,0.102175218036947,973,527,129
"BWS","ghEqualK",112245866,10000,10,10,0,3,3,3,0.2,1,0.0111,0.00840112023907993,0.0137988797609201,0.0535,0.0490894447016277,0.0579105552983723,0.1025,0.0975106374420799,0.10748936255792,1025,535,111
"BWS","ghEqualK",149808,10000,10,10,0,3,-3,-3,0.2,1,0.0113,0.00857718993386318,0.0140228100661368,0.0537,0.0492816752439867,0.0581183247560133,0.1001,0.0951628074279025,0.105037192572098,1001,537,113
"BWS","ghEqualK",130531083,10000,10,10,0,3,-1,-1,0.2,1,0.0124,0.00954932805320851,0.0152506719467915,0.0532,0.0488011311679478,0.0575988688320522,0.1034,0.0983912940159059,0.108408705984094,1034,532,124
"BWS","ghEqualK",572671,10000,10,10,0.5,3,1,1,0.2,0,0.017,0.0136699781872186,0.0203300218127814,0.069,0.0640322988978804,0.0739677011021196,0.1224,0.117008558236464,0.127791441763536,1224,690,170
"BWS","ghEqualK",361029408,10000,10,10,0.5,3,3,3,0.2,0,0.0435,0.0382454809081706,0.0487545190918294,0.1483,0.141334216528085,0.155265783471915,0.24,0.232974482510163,0.247025517489837,2400,1483,435
"BWS","ghEqualK",42153,10000,10,10,0.5,3,1,3,0.2,0,0.0586,0.0525496323727641,0.0646503676272359,0.1878,0.180145173390233,0.195454826609767,0.3001,0.29256094525859,0.30763905474141,3001,1878,586
"BWS","ghEqualK",41512,10000,10,10,0.5,3,-1,1,0.2,0,0.0502,0.0445751130300338,0.0558248869699662,0.1768,0.169322612587167,0.184277387412833,0.2809,0.273506732562529,0.288293267437471,2809,1768,502
"BWS","ghEqualK",248488,10000,10,10,0.5,3,-3,3,0.2,0,0.194,0.183813752023125,0.204186247976875,0.4464,0.436656472728709,0.456143527271291,0.5866,0.57849930710895,0.59470069289105,5866,4464,1940
"BWS","ghEqualK",48300,10000,10,10,0.5,3,-1,3,0.2,0,0.1159,0.107654096045979,0.124145903954021,0.3198,0.310658581012031,0.328941418987969,0.4571,0.448905330668479,0.465294669331521,4571,3198,1159
"BWS","ghEqualK",76572767,10000,10,10,0.5,3,1,-3,0.2,0,0.0325,0.0279321374626637,0.0370678625373363,0.1412,0.134374736265198,0.148025263734802,0.2422,0.235152578092387,0.249247421907613,2422,1412,325
"BWS","ghEqualK",10368842,10000,10,10,1,3,1,1,0.2,0,0.041,0.0358920446698899,0.0461079553301101,0.1246,0.118126809864186,0.131073190135814,0.1981,0.19154355765106,0.20465644234894,1981,1246,410
"BWS","ghEqualK",260081527,10000,10,10,1,3,3,3,0.2,0,0.0956,0.0880254806102523,0.103174519389748,0.2651,0.256448825763031,0.273751174236969,0.398,0.389947964444316,0.406052035555684,3980,2651,956
"BWS","ghEqualK",17982,10000,10,10,1,3,1,3,0.2,0,0.1205,0.112113952769415,0.128886047230585,0.3169,0.307780745553369,0.326019254446631,0.448,0.439819601730967,0.456180398269033,4480,3169,1205
"BWS","ghEqualK",3045319,10000,10,10,1,3,-1,1,0.2,0,0.0981,0.0904376928714085,0.105762307128591,0.2737,0.264961206194812,0.282438793805188,0.399,0.390944554084503,0.407055445915497,3990,2737,981
"BWS","ghEqualK",9230326,10000,10,10,1,3,-3,3,0.2,0,0.3422,0.32997826688416,0.35442173311584,0.6282,0.618727606522024,0.637672393477976,0.7437,0.736518104260589,0.750881895739411,7437,6282,3422
"BWS","ghEqualK",759155,10000,10,10,1,3,-1,3,0.2,0,0.2193,0.208641225746467,0.229958774253533,0.4621,0.45232819419276,0.47187180580724,0.6016,0.593546596094967,0.609653403905033,6016,4621,2193
"BWS","ghEqualK",230769505,10000,10,10,1,3,1,-3,0.2,0,0.0259,0.0218083590883187,0.0299916409116813,0.1088,0.102696792888194,0.114903207111806,0.1947,0.188186300373384,0.201213699626616,1947,1088,259
"BWS","ghEqualK",22098,10000,10,10,1.5,3,1,1,0.2,0,0.0803,0.0732995376443255,0.0873004623556745,0.2106,0.202608398572101,0.218591601427899,0.3116,0.303981226586412,0.319218773413588,3116,2106,803
"BWS","ghEqualK",557583,10000,10,10,1.5,3,3,3,0.2,0,0.173,0.163256350231582,0.182743649768418,0.399,0.389402021887918,0.408597978112082,0.549,0.540814591739107,0.557185408260893,5490,3990,1730
"BWS","ghEqualK",288202,10000,10,10,1.5,3,1,3,0.2,0,0.2064,0.195974388562511,0.216825611437489,0.4387,0.428973929580267,0.448426070419733,0.5827,0.574588286492499,0.590811713507501,5827,4387,2064
"BWS","ghEqualK",4044007,10000,10,10,1.5,3,-1,1,0.2,0,0.1867,0.176662087542206,0.196737912457794,0.4185,0.408831064523951,0.428168935476049,0.5462,0.538010186803113,0.554389813196887,5462,4185,1867
"BWS","ghEqualK",7869658,10000,10,10,1.5,3,-3,3,0.2,0,0.626,0.613535673222255,0.638464326777745,0.8476,0.840555599667935,0.854644400332065,0.9139,0.909285583233931,0.918514416766069,9139,8476,6260
"BWS","ghEqualK",78709,10000,10,10,1.5,3,-1,3,0.2,0,0.3675,0.355080480453737,0.379919519546263,0.6433,0.633911106739471,0.652688893260529,0.765,0.758025219398612,0.771974780601388,7650,6433,3675
"BWS","ghEqualK",256602,10000,10,10,1.5,3,1,-3,0.2,0,0.0271,0.0229172240157063,0.0312827759842937,0.1051,0.0990890282983198,0.11111097170168,0.1889,0.18246099026123,0.19533900973877,1889,1051,271
"BWS","ghEqualK",127728201,10000,10,10,2,3,1,1,0.2,0,0.1445,0.135442886938014,0.153557113061986,0.3369,0.3276360523802,0.3461639476198,0.4635,0.455296944787497,0.471703055212503,4635,3369,1445
"BWS","ghEqualK",1167104,10000,10,10,2,3,3,3,0.2,0,0.2512,0.240027802767215,0.262372197232785,0.5072,0.497401016116678,0.516998983883322,0.6609,0.653112506931497,0.668687493068503,6609,5072,2512
"BWS","ghEqualK",6030227,10000,10,10,2,3,1,3,0.2,0,0.3044,0.292546462734118,0.316253537265882,0.5597,0.549970106928357,0.569429893071643,0.7081,0.700621228799463,0.715578771200536,7081,5597,3044
"BWS","ghEqualK",437414,10000,10,10,2,3,-1,1,0.2,0,0.3222,0.310161859466528,0.334238140533472,0.5874,0.577750881182284,0.597049118817716,0.706,0.698505512872117,0.713494487127883,7060,5874,3222
"BWS","ghEqualK",59870050,10000,10,10,2,3,-3,3,0.2,0,0.9539,0.948498085005417,0.959301914994583,0.9916,0.989811190991078,0.993388809008922,0.9967,0.995756579951042,0.997643420048958,9967,9916,9539
"BWS","ghEqualK",1299649,10000,10,10,2,3,-1,3,0.2,0,0.5692,0.556443951796832,0.581956048203168,0.813,0.805357734042838,0.820642265957162,0.887,0.881792048466287,0.892207951533713,8870,8130,5692
"BWS","ghEqualK",1839306,10000,10,10,2,3,1,-3,0.2,0,0.0335,0.028864792384542,0.038135207615458,0.1136,0.107380433570867,0.119819566429133,0.2022,0.195593012366903,0.208806987633097,2022,1136,335
"BWS","ghEqualK",454062,10000,10,10,2.5,3,1,1,0.2,0,0.2317,0.220831382817601,0.242568617182399,0.4589,0.449133164632984,0.468666835367016,0.5898,0.581708740789228,0.597891259210772,5898,4589,2317
"BWS","ghEqualK",119948,10000,10,10,2.5,3,3,3,0.2,0,0.3318,0.31967065678366,0.34392934321634,0.6086,0.599033954195886,0.618166045804114,0.7491,0.741968413872989,0.756231586127011,7491,6086,3318
"BWS","ghEqualK",47960375,10000,10,10,2.5,3,1,3,0.2,0,0.4214,0.40868013977552,0.43411986022448,0.6819,0.672771524566369,0.691028475433631,0.8007,0.794128652013873,0.807271347986127,8007,6819,4214
"BWS","ghEqualK",62280888,10000,10,10,2.5,3,-1,1,0.2,0,0.4926,0.479721410694854,0.505478589305146,0.7459,0.737367059693728,0.754432940306272,0.8415,0.835492308879913,0.847507691120087,8415,7459,4926
"BWS","ghEqualK",67381924,10000,10,10,2.5,3,-3,3,0.2,0,0.9965,0.99497868715433,0.99802131284567,0.9997,0.99936056896783,1.00003943103217,0.9999,0.999735508225206,1.00006449177479,9999,9997,9965
"BWS","ghEqualK",77663,10000,10,10,2.5,3,-1,3,0.2,0,0.7729,0.762107648553221,0.783692351446779,0.9317,0.926755703906763,0.936644296093237,0.9654,0.962393524985785,0.968406475014215,9654,9317,7729
"BWS","ghEqualK",7615520,10000,10,10,2.5,3,1,-3,0.2,0,0.0515,0.045806646619926,0.057193353380074,0.1507,0.143687978168773,0.157712021831227,0.2463,0.239212429924383,0.253387570075617,2463,1507,515
"BWS","ghEqualK",129686,10000,20,20,0,3,1,1,0.2,1,0.0127,0.00981548841415119,0.0155845115858488,0.0562,0.0516859723428406,0.0607140276571594,0.1047,0.0996635614973699,0.10973643850263,1047,562,127
"BWS","ghEqualK",31171,10000,20,20,0,3,3,3,0.2,1,0.014,0.0109734466483473,0.0170265533516527,0.0563,0.0517821974490246,0.0608178025509754,0.1071,0.102012996350702,0.112187003649298,1071,563,140
"BWS","ghEqualK",136615,10000,20,20,0,3,-3,-3,0.2,1,0.0137,0.0107055941757577,0.0166944058242423,0.0542,0.049762326260573,0.058637673739427,0.1035,0.0984891520558517,0.108510847944148,1035,542,137
"BWS","ghEqualK",759908,10000,20,20,0,3,-1,-1,0.2,1,0.0112,0.00848912745672984,0.0139108725432702,0.0554,0.0509163167491001,0.0598836832508999,0.1041,0.0990763307859718,0.109123669214028,1041,554,112
"BWS","ghEqualK",6770810,10000,20,20,0.5,3,1,1,0.2,0,0.0296,0.0252341671115371,0.0339658328884629,0.1001,0.094217387573671,0.105982612426329,0.1615,0.155446539692509,0.167553460307491,1615,1001,296
"BWS","ghEqualK",91737,10000,20,20,0.5,3,3,3,0.2,0,0.1224,0.113957231621356,0.130842768378644,0.3009,0.291910473514673,0.309889526485327,0.4402,0.432034037739746,0.448365962260254,4402,3009,1224
"BWS","ghEqualK",80236,10000,20,20,0.5,3,1,3,0.2,0,0.2082,0.197740908316963,0.218659091683037,0.4462,0.43645689618604,0.45594310381396,0.5986,0.59053651202524,0.60666348797476,5986,4462,2082
"BWS","ghEqualK",198585759,10000,20,20,0.5,3,-1,1,0.2,0,0.1883,0.178229088218521,0.198370911781479,0.4164,0.406737954609587,0.426062045390413,0.5685,0.560352553134915,0.576647446865085,5685,4164,1883
"BWS","ghEqualK",2695224,10000,20,20,0.5,3,-3,3,0.2,0,0.6602,0.647999003404209,0.672400996595791,0.8923,0.88622397755488,0.89837602244512,0.9617,0.958542923559878,0.964857076440122,9617,8923,6602
"BWS","ghEqualK",24483977,10000,20,20,0.5,3,-1,3,0.2,0,0.4486,0.43578823764957,0.46141176235043,0.7342,0.725541538110172,0.742858461889828,0.8586,0.852868265712797,0.864331734287203,8586,7342,4486
"BWS","ghEqualK",1466433,10000,20,20,0.5,3,1,-3,0.2,0,0.1367,0.127850657860477,0.145549342139523,0.3987,0.389103236526328,0.408296763473672,0.6134,0.605389332367705,0.621410667632295,6134,3987,1367
"BWS","ghEqualK",90257185,10000,20,20,1,3,1,1,0.2,0,0.0832,0.0760854927848672,0.0903145072151327,0.2219,0.213755724990989,0.230044275009011,0.3248,0.317096463770553,0.332503536229447,3248,2219,832
"BWS","ghEqualK",198997861,10000,20,20,1,3,3,3,0.2,0,0.3334,0.321256012512006,0.345543987487994,0.6099,0.600339659437112,0.619460340562888,0.7437,0.736518104260589,0.750881895739411,7437,6099,3334
"BWS","ghEqualK",30888,10000,20,20,1,3,1,3,0.2,0,0.4013,0.388673439394283,0.413926560605717,0.6842,0.675089259662486,0.693310740337514,0.8068,0.800305400001509,0.813294599998491,8068,6842,4013
"BWS","ghEqualK",18458,10000,20,20,1,3,-1,1,0.2,0,0.3479,0.33563040653751,0.36016959346249,0.6094,0.599837456676051,0.618962543323949,0.7396,0.732380870316749,0.746819129683251,7396,6094,3479
"BWS","ghEqualK",235753,10000,20,20,1,3,-3,3,0.2,0,0.8512,0.842032242189921,0.860367757810078,0.9635,0.959824398982479,0.967175601017521,0.9868,0.984922554069913,0.988677445930087,9868,9635,8512
"BWS","ghEqualK",965911,10000,20,20,1,3,-1,3,0.2,0,0.6643,0.652135236906845,0.676464763093155,0.8783,0.871891995591637,0.884708004408363,0.9412,0.937330137587407,0.945069862412593,9412,8783,6643
"BWS","ghEqualK",3584555,10000,20,20,1,3,1,-3,0.2,0,0.0746,0.0678316934582139,0.0813683065417861,0.2885,0.279619929119652,0.297380070880348,0.512,0.503777369141206,0.520222630858794,5120,2885,746
"BWS","ghEqualK",48861704,10000,20,20,1.5,3,1,1,0.2,0,0.2046,0.194208183562342,0.214991816437658,0.4111,0.401456146887971,0.420743853112029,0.5463,0.538110339620792,0.554489660379208,5463,4111,2046
"BWS","ghEqualK",1493791,10000,20,20,1.5,3,3,3,0.2,0,0.5476,0.534778498823577,0.560421501176423,0.8028,0.795001461714808,0.810598538285192,0.8955,0.890467812175666,0.900532187824334,8955,8028,5476
"BWS","ghEqualK",47426883,10000,20,20,1.5,3,1,3,0.2,0,0.6238,0.611321053020056,0.636278946979944,0.8481,0.841065090904468,0.855134909095532,0.9195,0.915024519087363,0.923975480912637,9195,8481,6238
"BWS","ghEqualK",256938908,10000,20,20,1.5,3,-1,1,0.2,0,0.5533,0.540493390416198,0.566106609583802,0.7871,0.779076592348983,0.795123407651017,0.8756,0.870170885901402,0.881029114098598,8756,7871,5533
"BWS","ghEqualK",4207079,10000,20,20,1.5,3,-3,3,0.2,0,0.9764,0.972489648969734,0.980310351030266,0.9965,0.995342479356556,0.997657520643444,0.9992,0.998734909885721,0.999665090114279,9992,9965,9764
"BWS","ghEqualK",12924239,10000,20,20,1.5,3,-1,3,0.2,0,0.852,0.842852624362715,0.861147375637285,0.9598,0.955950011159289,0.963649988840711,0.9833,0.981192016741344,0.985407983258656,9833,9598,8520
"BWS","ghEqualK",70668597,10000,20,20,1.5,3,1,-3,0.2,0,0.0508,0.0451433855370605,0.0564566144629395,0.246,0.237558700725599,0.254441299274401,0.4699,0.461689917392074,0.478110082607926,4699,2460,508
"BWS","ghEqualK",27680,10000,20,20,2,3,1,1,0.2,0,0.3951,0.382506653127392,0.407693346872608,0.6422,0.632804684033754,0.651595315966246,0.753,0.745905662146648,0.760094337853352,7530,6422,3951
"BWS","ghEqualK",6308682,10000,20,20,2,3,3,3,0.2,0,0.7253,0.713801689632732,0.736798310367268,0.9104,0.904802086276621,0.915997913723379,0.9606,0.957399739697603,0.963800260302397,9606,9104,7253
"BWS","ghEqualK",351672417,10000,20,20,2,3,1,3,0.2,0,0.7875,0.776962184097262,0.798037815902738,0.9329,0.927996175964168,0.937803824035832,0.9698,0.966984792157602,0.972615207842398,9698,9329,7875
"BWS","ghEqualK",575019,10000,20,20,2,3,-1,1,0.2,0,0.7787,0.768006456190455,0.789393543809545,0.9235,0.918290389684439,0.928709610315561,0.961,0.957815363270717,0.964184636729283,9610,9235,7787
"BWS","ghEqualK",57581210,10000,20,20,2,3,-3,3,0.2,0,0.9999,0.999642412880322,1.00015758711968,1,1,1,1,1,1,10000,10000,9999
"BWS","ghEqualK",2481212,10000,20,20,2,3,-1,3,0.2,0,0.9625,0.95760602370255,0.96739397629745,0.9934,0.991812951799598,0.994987048200402,0.9975,0.996678528768383,0.998321471231617,9975,9934,9625
"BWS","ghEqualK",10972223,10000,20,20,2,3,1,-3,0.2,0,0.0683,0.0618017822774598,0.0747982177225402,0.2622,0.253579315710131,0.270820684289869,0.4813,0.473080754413465,0.489519245586535,4813,2622,683
"BWS","ghEqualK",224640,10000,20,20,2.5,3,1,1,0.2,0,0.5938,0.581148677843757,0.606451322156243,0.8141,0.806475091374292,0.821724908625708,0.888,0.882812221839747,0.893187778160253,8880,8141,5938
"BWS","ghEqualK",190227,10000,20,20,2.5,3,3,3,0.2,0,0.8337,0.824108271350614,0.843291728649386,0.9556,0.951562750151105,0.959637249848895,0.981,0.978754168306061,0.983245831693939,9810,9556,8337
"BWS","ghEqualK",256616409,10000,20,20,2.5,3,1,3,0.2,0,0.8925,0.884520894576458,0.900479105423542,0.9776,0.974699581430483,0.980500418569517,0.9911,0.989555031448225,0.992644968551775,9911,9776,8925
"BWS","ghEqualK",197306,10000,20,20,2.5,3,-1,1,0.2,0,0.915,0.907816007527844,0.922183992472156,0.9787,0.975870102749286,0.981529897250714,0.991,0.989446454475241,0.992553545524759,9910,9787,9150
"BWS","ghEqualK",342575,10000,20,20,2.5,3,-3,3,0.2,0,1,1,1,1,1,1,1,1,1,10000,10000,10000
"BWS","ghEqualK",13013247,10000,20,20,2.5,3,-1,3,0.2,0,0.9949,0.993065065094717,0.996734934905283,0.9997,0.99936056896783,1.00003943103217,1,1,1,10000,9997,9949
"BWS","ghEqualK",16084555,10000,20,20,2.5,3,1,-3,0.2,0,0.0999,0.0921754358597896,0.10762456414021,0.3126,0.303514364240275,0.321685635759725,0.5171,0.508879811551858,0.525320188448142,5171,3126,999
"BWS","ghEqualK",52544142,10000,100,100,0,3,1,1,0.2,1,0.0103,0.00769914430765258,0.0129008556923474,0.055,0.0505315868588502,0.0594684131411498,0.11,0.104852963498284,0.115147036501716,1100,550,103
"BWS","ghEqualK",2761292,10000,100,100,0,3,3,3,0.2,1,0.0103,0.00769914430765258,0.0129008556923474,0.0525,0.0481285518417806,0.0568714481582194,0.096,0.0911539740652778,0.100846025934722,960,525,103
"BWS","ghEqualK",74477,10000,100,100,0,3,-3,-3,0.2,1,0.0101,0.00752425890101043,0.0126757410989896,0.0476,0.0434267995928305,0.0517732004071695,0.0976,0.092718083416362,0.102481916583638,976,476,101
"BWS","ghEqualK",30628,10000,100,100,0,3,-1,-1,0.2,1,0.0112,0.00848912745672984,0.0139108725432702,0.054,0.0495700531109279,0.0584299468890721,0.1007,0.0957496838681984,0.105650316131802,1007,540,112
"BWS","ghEqualK",9493499,10000,100,100,0.5,3,1,1,0.2,0,0.1205,0.112113952769415,0.128886047230585,0.2908,0.281899023879506,0.299700976120494,0.4089,0.400812674235201,0.416987325764799,4089,2908,1205
"BWS","ghEqualK",26093495,10000,100,100,0.5,3,3,3,0.2,0,0.8471,0.837829205760002,0.856370794239998,0.9711,0.967816500384285,0.974383499615715,0.9897,0.988039127479072,0.991360872520928,9897,9711,8471
"BWS","ghEqualK",72174,10000,100,100,0.5,3,1,3,0.2,0,0.9916,0.989248993873988,0.993951006126012,0.9995,0.99906184025744,0.99993815974256,1,1,1,10000,9995,9916
"BWS","ghEqualK",51578,10000,100,100,0.5,3,-1,1,0.2,0,0.9969,0.995467968722666,0.998332031277334,0.9999,0.999704009800245,1.00009599019976,1,1,1,10000,9999,9969
"BWS","ghEqualK",63226,10000,100,100,0.5,3,-3,3,0.2,0,1,1,1,1,1,1,1,1,1,10000,10000,10000
"BWS","ghEqualK",155650,10000,100,100,0.5,3,-1,3,0.2,0,1,1,1,1,1,1,1,1,1,10000,10000,10000
"BWS","ghEqualK",13838754,10000,100,100,0.5,3,1,-3,0.2,0,1,1,1,1,1,1,1,1,1,10000,10000,10000
"BWS","ghEqualK",23736965,10000,100,100,1,3,1,1,0.2,0,0.6042,0.591602797401521,0.616797202598479,0.8216,0.814096157470309,0.829103842529691,0.8925,0.887404647351814,0.897595352648186,8925,8216,6042
"BWS","ghEqualK",122188538,10000,100,100,1,3,3,3,0.2,0,0.999,0.99818580467798,0.99981419532202,1,1,1,1,1,1,10000,10000,9990
"BWS","ghEqualK",58020595,10000,100,100,1,3,1,3,0.2,0,0.9998,0.999435735018296,1.0001642649817,1,1,1,1,1,1,10000,10000,9998
"BWS","ghEqualK",663893,10000,100,100,1,3,-1,1,0.2,0,1,1,1,1,1,1,1,1,1,10000,10000,10000
"BWS","ghEqualK",122986237,10000,100,100,1,3,-3,3,0.2,0,1,1,1,1,1,1,1,1,1,10000,10000,10000
"BWS","ghEqualK",60070,10000,100,100,1,3,-1,3,0.2,0,1,1,1,1,1,1,1,1,1,10000,10000,10000
"BWS","ghEqualK",5588511,10000,100,100,1,3,1,-3,0.2,0,0.9996,0.999084903050306,1.00011509694969,1,1,1,1,1,1,10000,10000,9996
"BWS","ghEqualK",104982573,10000,100,100,1.5,3,1,1,0.2,0,0.9548,0.94944855235099,0.96015144764901,0.9912,0.989369464928061,0.993030535071939,0.9967,0.995756579951042,0.997643420048958,9967,9912,9548
"BWS","ghEqualK",114270389,10000,100,100,1.5,3,3,3,0.2,0,1,1,1,1,1,1,1,1,1,10000,10000,10000
"BWS","ghEqualK",59914,10000,100,100,1.5,3,1,3,0.2,0,1,1,1,1,1,1,1,1,1,10000,10000,10000
"BWS","ghEqualK",12324044,10000,100,100,1.5,3,-1,1,0.2,0,1,1,1,1,1,1,1,1,1,10000,10000,10000
"BWS","ghEqualK",774506,10000,100,100,1.5,3,-3,3,0.2,0,1,1,1,1,1,1,1,1,1,10000,10000,10000
"BWS","ghEqualK",9301218,10000,100,100,1.5,3,-1,3,0.2,0,1,1,1,1,1,1,1,1,1,10000,10000,10000
"BWS","ghEqualK",113670,10000,100,100,1.5,3,1,-3,0.2,0,0.9997,0.999253890643434,1.00014610935657,1,1,1,1,1,1,10000,10000,9997
"BWS","ghEqualK",197404437,10000,100,100,2,3,1,1,0.2,0,0.9994,0.998769200767229,1.00003079923277,1,1,1,1,1,1,10000,10000,9994
"BWS","ghEqualK",10194216,10000,100,100,2,3,3,3,0.2,0,1,1,1,1,1,1,1,1,1,10000,10000,10000
"BWS","ghEqualK",12351312,10000,100,100,2,3,1,3,0.2,0,1,1,1,1,1,1,1,1,1,10000,10000,10000
"BWS","ghEqualK",829175,10000,100,100,2,3,-1,1,0.2,0,1,1,1,1,1,1,1,1,1,10000,10000,10000
"BWS","ghEqualK",1880919,10000,100,100,2,3,-3,3,0.2,0,1,1,1,1,1,1,1,1,1,10000,10000,10000
"BWS","ghEqualK",188608,10000,100,100,2,3,-1,3,0.2,0,1,1,1,1,1,1,1,1,1,10000,10000,10000
"BWS","ghEqualK",481245,10000,100,100,2,3,1,-3,0.2,0,0.9994,0.998769200767229,1.00003079923277,1,1,1,1,1,1,10000,10000,9994
"BWS","ghEqualK",313344124,10000,100,100,2.5,3,1,1,0.2,0,1,1,1,1,1,1,1,1,1,10000,10000,10000
"BWS","ghEqualK",5732407,10000,100,100,2.5,3,3,3,0.2,0,1,1,1,1,1,1,1,1,1,10000,10000,10000
"BWS","ghEqualK",25940,10000,100,100,2.5,3,1,3,0.2,0,1,1,1,1,1,1,1,1,1,10000,10000,10000
"BWS","ghEqualK",4107902,10000,100,100,2.5,3,-1,1,0.2,0,1,1,1,1,1,1,1,1,1,10000,10000,10000
"BWS","ghEqualK",40882940,10000,100,100,2.5,3,-3,3,0.2,0,1,1,1,1,1,1,1,1,1,10000,10000,10000
"BWS","ghEqualK",3418138,10000,100,100,2.5,3,-1,3,0.2,0,1,1,1,1,1,1,1,1,1,10000,10000,10000
"BWS","ghEqualK",586712,10000,100,100,2.5,3,1,-3,0.2,0,0.9998,0.999435735018296,1.0001642649817,1,1,1,1,1,1,10000,10000,9998
"BWS","ghEqualK",26972,10000,10,100,0,3,1,1,0.2,1,0.0128,0.00990430099526626,0.0156956990047337,0.0574,0.0528409355128053,0.0619590644871947,0.1086,0.103481801445909,0.113718198554091,1086,574,128
"BWS","ghEqualK",153638341,10000,10,100,0,3,3,3,0.2,1,0.0126,0.00972672170157083,0.0154732782984292,0.0549,0.0504354146980487,0.0593645853019513,0.1051,0.100055077321804,0.110144922678196,1051,549,126
"BWS","ghEqualK",145420,10000,10,100,0,3,-3,-3,0.2,1,0.0128,0.00990430099526626,0.0156956990047337,0.057,0.0524558846669566,0.0615441153330434,0.1073,0.102208819076798,0.112391180923202,1073,570,128
"BWS","ghEqualK",99206,10000,10,100,0,3,-1,-1,0.2,1,0.0129,0.00999315891531993,0.0158068410846801,0.0592,0.0545744265763475,0.0638255734236525,0.1091,0.103971471691901,0.114228528308099,1091,592,129
"BWS","ghEqualK",193843,10000,10,100,0.5,3,1,1,0.2,0,0.0471,0.0416426730191069,0.0525573269808931,0.1345,0.127812700877036,0.141187299122964,0.2163,0.209527186989753,0.223072813010247,2163,1345,471
"BWS","ghEqualK",337354,10000,10,100,0.5,3,3,3,0.2,0,0.1749,0.165114251340841,0.184685748659159,0.3538,0.344428298173245,0.363171701826755,0.4737,0.465486386181663,0.481913613818337,4737,3538,1749
"BWS","ghEqualK",128490953,10000,10,100,0.5,3,1,3,0.2,0,0.3283,0.316203242510163,0.340396757489837,0.5373,0.52752730732942,0.54707269267058,0.6495,0.641651268161392,0.657348731838608,6495,5373,3283
"BWS","ghEqualK",15210687,10000,10,100,0.5,3,-1,1,0.2,0,0.2481,0.236973994168397,0.259226005831603,0.4769,0.467110464342861,0.486689535657139,0.6191,0.611111747378057,0.627088252621943,6191,4769,2481
"BWS","ghEqualK",125176133,10000,10,100,0.5,3,-3,3,0.2,0,0.694,0.682129027274633,0.705870972725367,0.928,0.922933636949448,0.933066363050552,0.9835,0.981404464335933,0.985595535664067,9835,9280,6940
"BWS","ghEqualK",8566227,10000,10,100,0.5,3,-1,3,0.2,0,0.5124,0.499523961466809,0.525276038533191,0.7481,0.739591559180296,0.756608440819704,0.8666,0.861006892592208,0.872193107407792,8666,7481,5124
"BWS","ghEqualK",107683,10000,10,100,0.5,3,1,-3,0.2,0,0.1601,0.150653839611725,0.169546160388275,0.3528,0.343434313555024,0.362165686444976,0.5156,0.507379004246711,0.523820995753289,5156,3528,1601
"BWS","ghEqualK",156976,10000,10,100,1,3,1,1,0.2,0,0.1353,0.126488953636916,0.144111046363084,0.2911,0.282196317554719,0.300003682445281,0.3973,0.389250372557828,0.405349627442172,3973,2911,1353
"BWS","ghEqualK",21478781,10000,10,100,1,3,3,3,0.2,0,0.4189,0.406190558203701,0.431609441796299,0.6382,0.628781781699196,0.647618218300804,0.7395,0.732279972441232,0.746720027558768,7395,6382,4189
"BWS","ghEqualK",76440873,10000,10,100,1,3,1,3,0.2,0,0.5309,0.51804461943497,0.54375538056503,0.7242,0.715440436555535,0.732959563444465,0.8121,0.805674098745081,0.818525901254919,8121,7242,5309
"BWS","ghEqualK",8176468,10000,10,100,1,3,-1,1,0.2,0,0.4101,0.397429902952186,0.422770097047814,0.6641,0.654842839077212,0.673357160922788,0.786,0.779253413981131,0.792746586018869,7860,6641,4101
"BWS","ghEqualK",37140953,10000,10,100,1,3,-3,3,0.2,0,0.8696,0.860925500627864,0.878274499372136,0.9823,0.979715569982839,0.98488443001716,0.9959,0.994848847574338,0.996951152425662,9959,9823,8696
"BWS","ghEqualK",156955573,10000,10,100,1,3,-1,3,0.2,0,0.7016,0.689813358935755,0.713386641064245,0.8845,0.878235361976938,0.890764638023062,0.9496,0.946001251279458,0.953198748720542,9496,8845,7016
"BWS","ghEqualK",239885,10000,10,100,1,3,1,-3,0.2,0,0.1087,0.100681879403036,0.116718120596964,0.2866,0.277737408808345,0.295462591191655,0.4634,0.455197065359574,0.471602934640426,4634,2866,1087
"BWS","ghEqualK",92340761,10000,10,100,1.5,3,1,1,0.2,0,0.2895,0.277817058989723,0.301182941010276,0.4974,0.487600132496896,0.507199867503104,0.6088,0.600772087186423,0.616827912813577,6088,4974,2895
"BWS","ghEqualK",11930723,10000,10,100,1.5,3,3,3,0.2,0,0.624,0.611522370785185,0.636477629214815,0.8016,0.793783618295503,0.809416381704497,0.8734,0.867929974525187,0.878870025474813,8734,8016,6240
"BWS","ghEqualK",59993232,10000,10,100,1.5,3,1,3,0.2,0,0.6906,0.67869253536393,0.70250746463607,0.8424,0.835258435597266,0.849541564402734,0.9017,0.896802508442195,0.906597491557805,9017,8424,6906
"BWS","ghEqualK",160913978,10000,10,100,1.5,3,-1,1,0.2,0,0.5971,0.584465210000938,0.609734789999061,0.8297,0.822332435605602,0.837067564394398,0.9161,0.91153943841989,0.92066056158011,9161,8297,5971
"BWS","ghEqualK",14869973,10000,10,100,1.5,3,-3,3,0.2,0,0.9817,0.978247284463276,0.985152715536724,0.9983,0.997492558498961,0.999107441501039,0.9998,0.999567385133966,1.00003261486603,9998,9983,9817
"BWS","ghEqualK",311771986,10000,10,100,1.5,3,-1,3,0.2,0,0.8559,0.846853317217027,0.864946682782973,0.9596,0.955740848096485,0.963459151903515,0.9835,0.981404464335933,0.985595535664067,9835,9596,8559
"BWS","ghEqualK",211280,10000,10,100,1.5,3,1,-3,0.2,0,0.0837,0.0765660932047401,0.0908339067952599,0.2647,0.256053002667654,0.273346997332346,0.4531,0.444911263526345,0.461288736473655,4531,2647,837
"BWS","ghEqualK",5303641,10000,10,100,2,3,1,1,0.2,0,0.4719,0.459040356439961,0.484759643560039,0.6822,0.673073823256938,0.691326176743062,0.7754,0.768535108515708,0.782264891484292,7754,6822,4719
"BWS","ghEqualK",2498276,10000,10,100,2,3,3,3,0.2,0,0.7597,0.748693637629825,0.770706362370176,0.8938,0.887761368823185,0.899838631176815,0.9413,0.937433224286078,0.945166775713922,9413,8938,7597
"BWS","ghEqualK",27266,10000,10,100,2,3,1,3,0.2,0,0.8155,0.805507917143978,0.825492082856022,0.9206,0.915300903750412,0.925899096249588,0.9547,0.951279036310369,0.958120963689631,9547,9206,8155
"BWS","ghEqualK",49011,10000,10,100,2,3,-1,1,0.2,0,0.801,0.790715370407137,0.811284629592863,0.9401,0.935448891091535,0.944751108908465,0.9746,0.972011811136895,0.977188188863105,9746,9401,8010
"BWS","ghEqualK",27700028,10000,10,100,2,3,-3,3,0.2,0,1,1,1,1,1,1,1,1,1,10000,10000,10000
"BWS","ghEqualK",125518,10000,10,100,2,3,-1,3,0.2,0,0.9547,0.94934291643496,0.960057083565039,0.9889,0.986846504529735,0.990953495470265,0.9964,0.995414778201825,0.997385221798175,9964,9889,9547
"BWS","ghEqualK",176235343,10000,10,100,2,3,1,-3,0.2,0,0.101,0.0932377720658048,0.108762227934195,0.3013,0.292307074226393,0.310292925773607,0.5026,0.494375111202752,0.510824888797248,5026,3013,1010
"BWS","ghEqualK",5312137,10000,10,100,2.5,3,1,1,0.2,0,0.6507,0.638418948434642,0.662981051565358,0.8176,0.81003099260151,0.82516900739849,0.8774,0.872004770137696,0.882795229862304,8774,8176,6507
"BWS","ghEqualK",61068,10000,10,100,2.5,3,3,3,0.2,0,0.8396,0.830146682255695,0.849053317744305,0.9372,0.932444983446338,0.941955016553662,0.9659,0.962914554311836,0.968885445688164,9659,9372,8396
"BWS","ghEqualK",1057192,10000,10,100,2.5,3,1,3,0.2,0,0.8943,0.886380003900268,0.902219996099732,0.9606,0.956786923895016,0.964413076104984,0.9787,0.976324907664579,0.981075092335421,9787,9606,8943
"BWS","ghEqualK",92606516,10000,10,100,2.5,3,-1,1,0.2,0,0.9359,0.929590577690363,0.942209422309637,0.9877,0.985539664740463,0.989860335259537,0.996,0.994961693513456,0.997038306486544,9960,9877,9359
"BWS","ghEqualK",15848961,10000,10,100,2.5,3,-3,3,0.2,0,1,1,1,1,1,1,1,1,1,10000,10000,10000
"BWS","ghEqualK",306399227,10000,10,100,2.5,3,-1,3,0.2,0,0.9937,0.991661814168174,0.995738185831826,0.9988,0.99812144358407,0.99947855641593,0.9998,0.999567385133966,1.00003261486603,9998,9988,9937
"BWS","ghEqualK",10463431,10000,10,100,2.5,3,1,-3,0.2,0,0.1293,0.120656703857314,0.137943296142686,0.3636,0.354171706487047,0.373028293512953,0.5721,0.563960963063238,0.580239036936762,5721,3636,1293
