"method","distribution","seed","N","n1","n2","delta","sd1","sd2","null","power0.01","l_CI","u_CI","power0.05","l_CI","u_CI","power0.10","l_CI","u_CI","ct_0.10","ct_0.05","ct_0.01"
"Mood","Normal2Var",13418354,10000,10,10,0.5,1,3,0,0.0063,0.00426181416817406,0.00833818583182594,0.0576,0.0530334843350318,0.0621665156649682,0.0576,0.0537673886383303,0.0614326113616697,576,576,63
"Mood","Normal2Var",3696950,10000,10,10,1.5,1,3,0,0.0386,0.0336376022651238,0.0435623977348762,0.2024,0.194524939515254,0.210275060484746,0.2024,0.195790574236017,0.209009425763983,2024,2024,386
"Mood","Normal2Var",63654459,10000,10,10,2,1,3,0,0.0789,0.0719555516613122,0.0858444483386878,0.3214,0.312246526359551,0.330553473640449,0.3214,0.31371762033748,0.32908237966252,3214,3214,789
"Mood","Normal2Var",36841,10000,10,10,2.5,1,3,0,0.1495,0.140314482815562,0.158685517184438,0.4681,0.458319965493803,0.477880034506197,0.4681,0.459891756753728,0.476308243246272,4681,4681,1495
"Mood","Normal2Var",3003543,10000,10,10,0.5,3,5,0,9e-04,0.00012754783828123,0.00167245216171877,0.0293,0.0259945362682976,0.0326054637317024,0.0293,0.0265257715108926,0.0320742284891074,293,293,9
"Mood","Normal2Var",94617705,10000,10,10,1.5,3,5,0,0.0056,0.00367770325743812,0.00752229674256188,0.0626,0.0578520546382251,0.0673479453617749,0.0626,0.0586151172856532,0.0665848827143468,626,626,56
"Mood","Normal2Var",713272,10000,10,10,2,3,5,0,0.0104,0.00778668132697445,0.0130133186730255,0.0897,0.0840992709344586,0.0953007290655414,0.0897,0.0849993881057063,0.0944006118942937,897,897,104
"Mood","Normal2Var",77339,10000,10,10,2.5,3,5,0,0.016,0.0127677614979089,0.0192322385020911,0.1321,0.12546345070881,0.13873654929119,0.1321,0.126530038987751,0.137669961012249,1321,1321,160
"Mood","Normal2Var",206667,10000,10,10,0.5,1,5,0,0.0083,0.00596291202152422,0.0106370879784758,0.0613,0.0565983562651345,0.0660016437348655,0.0613,0.0573539775796665,0.0652460224203335,613,613,83
"Mood","Normal2Var",13796031,10000,10,10,1.5,1,5,0,0.0239,0.0199654781130226,0.0278345218869774,0.131,0.124386953029049,0.137613046970951,0.131,0.125449764149381,0.136550235850619,1310,1310,239
"Mood","Normal2Var",498801,10000,10,10,2,1,5,0,0.0377,0.0327935002993075,0.0426064997006925,0.1831,0.175519729710465,0.190680270289535,0.1831,0.176737987435569,0.189462012564431,1831,1831,377
"Mood","Normal2Var",128965345,10000,10,10,2.5,1,5,0,0.0629,0.0566459096594641,0.0691540903405359,0.2528,0.244281501764654,0.261318498235346,0.2528,0.245650546123906,0.259949453876094,2528,2528,629
"Mood","Normal2Var",204648273,10000,10,10,1,1,3,0,0.0144,0.011331137346041,0.017468862653959,0.1029,0.096944966799891,0.108855033200109,0.1029,0.0979020257070514,0.107897974292949,1029,1029,144
"Mood","Normal2Var",173426778,10000,10,10,1,3,5,0,0.0032,0.00174512774259181,0.00465487225740819,0.042,0.0380684530067669,0.0459315469932331,0.042,0.0387003087735365,0.0452996912264635,420,420,32
"Mood","Normal2Var",61202,10000,10,10,1,1,5,0,0.013,0.0100820616549351,0.0159179383450649,0.0861,0.0806019715127693,0.0915980284872307,0.0861,0.0814855832339314,0.0907144167660686,861,861,130
"Mood","Normal2Var",60831,10000,10,10,5,1,3,0,0.7571,0.746053206412122,0.768146793587878,0.9636,0.95992924703005,0.96727075296995,0.9636,0.960519189471649,0.966680810528351,9636,9636,7571
"Mood","Normal2Var",6111539,10000,10,10,5,3,5,0,0.1275,0.118908209695296,0.136091790304704,0.4605,0.450730628763324,0.470269371236676,0.4605,0.452300706283504,0.468699293716496,4605,4605,1275
"Mood","Normal2Var",433923,10000,10,10,5,1,5,0,0.3431,0.330870580331084,0.355329419668916,0.6973,0.688295240576584,0.706304759423416,0.6973,0.689742434055347,0.704857565944653,6973,6973,3431
"Mood","Normal2Var",487279,10000,20,20,0.5,1,3,0,0.0213,0.0175807064704899,0.0250192935295101,0.0783,0.0730345954288773,0.0835654045711227,0.0783,0.073880821163522,0.082719178836478,783,783,213
"Mood","Normal2Var",63380274,10000,20,20,1.5,1,3,0,0.1777,0.167852982319134,0.187547017680866,0.3759,0.366406653654775,0.385393346345225,0.3759,0.367932370031686,0.383867629968314,3759,3759,1777
"Mood","Normal2Var",187438,10000,20,20,2,1,3,0,0.3441,0.331862096890736,0.356337903109264,0.5855,0.575844343918718,0.595155656081282,0.5855,0.577396145788924,0.593603854211076,5855,5855,3441
"Mood","Normal2Var",102343,10000,20,20,2.5,1,3,0,0.5695,0.556745034131853,0.582254965868147,0.7844,0.776339736454532,0.792460263545468,0.7844,0.777635135952911,0.791164864047089,7844,7844,5695
"Mood","Normal2Var",290142876,10000,20,20,0.5,3,5,0,0.0074,0.00519225528409102,0.00960774471590898,0.0384,0.0346336653055789,0.0421663346944211,0.0384,0.0352389690957537,0.0415610309042463,384,384,74
"Mood","Normal2Var",11625629,10000,20,20,1.5,3,5,0,0.0256,0.0215314985136952,0.0296685014863048,0.107,0.100941380342025,0.113058619657975,0.107,0.101915087072771,0.112084912927229,1070,1070,256
"Mood","Normal2Var",92799121,10000,20,20,2,3,5,0,0.0546,0.0487473846904154,0.0604526153095846,0.1755,0.168044273612853,0.182955726387147,0.1755,0.169242515353644,0.181757484646355,1755,1755,546
"Mood","Normal2Var",505064,10000,20,20,2.5,3,5,0,0.1024,0.0945902477129538,0.110209752287046,0.2665,0.257834278308185,0.275165721691815,0.2665,0.259226983580084,0.273773016419917,2665,2665,1024
"Mood","Normal2Var",23184299,10000,20,20,0.5,1,5,0,0.0243,0.0203335028371401,0.0282664971628599,0.0827,0.0773016066877635,0.0880983933122365,0.0827,0.0781692056129443,0.0872307943870557,827,827,243
"Mood","Normal2Var",2111747,10000,20,20,1.5,1,5,0,0.0857,0.0784892468304222,0.0929107531695778,0.2113,0.203298678146106,0.219301321853894,0.2113,0.204584604872625,0.218015395127375,2113,2113,857
"Mood","Normal2Var",153304,10000,20,20,2,1,5,0,0.1583,0.148897031532801,0.167702968467199,0.3248,0.315621318535127,0.333978681464873,0.3248,0.317096463770553,0.332503536229447,3248,3248,1583
"Mood","Normal2Var",1196033,10000,20,20,2.5,1,5,0,0.2483,0.237170991000959,0.259429008999041,0.4586,0.448833651392337,0.468366348607663,0.4586,0.450403243132854,0.466796756867146,4586,4586,2483
"Mood","Normal2Var",30743,10000,20,20,1,1,3,0,0.0729,0.0662031138872769,0.0795968861127231,0.1971,0.18930295371218,0.20489704628782,0.1971,0.190556050437009,0.203643949562991,1971,1971,729
"Mood","Normal2Var",78775,10000,20,20,1,3,5,0,0.0157,0.0124977190820642,0.0189022809179358,0.0673,0.0623893996340977,0.0722106003659023,0.0673,0.063178603264332,0.071421396735668,673,673,157
"Mood","Normal2Var",135022789,10000,20,20,1,1,5,0,0.048,0.0424933819807799,0.0535066180192201,0.1343,0.127616902664064,0.140983097335936,0.1343,0.128690971878768,0.139909028121232,1343,1343,480
"Mood","Normal2Var",506351,10000,20,20,5,1,3,0,0.9975,0.99621361100751,0.99878638899249,0.9998,0.999522841861747,1.00007715813825,0.9998,0.999567385133966,1.00003261486603,9998,9998,9975
"Mood","Normal2Var",717251,10000,20,20,5,3,5,0,0.5605,0.547714635707591,0.573285364292409,0.7985,0.790638035891713,0.806361964108287,0.7985,0.791901565837687,0.805098434162313,7985,7985,5605
"Mood","Normal2Var",1087291,10000,20,20,5,1,5,0,0.8307,0.821039570332756,0.840360429667244,0.9375,0.932755595400896,0.942244404599104,0.9375,0.93351808899718,0.94148191100282,9375,9375,8307
"Mood","Normal2Var",160571,10000,100,100,0.5,1,3,0,0.1294,0.120753858709363,0.138046141290637,0.2592,0.250611366773601,0.267788633226399,0.3465,0.338672189243194,0.354327810756806,3465,2592,1294
"Mood","Normal2Var",3323805,10000,100,100,1.5,1,3,0,0.9107,0.90335385905767,0.91804614094233,0.9665,0.962973211596934,0.970026788403066,0.9824,0.980236950724186,0.984563049275814,9824,9665,9107
"Mood","Normal2Var",26277321,10000,100,100,2,1,3,0,0.9945,0.992594848148414,0.996405151851586,0.9987,0.997993771446627,0.999406228553373,0.9995,0.999132258787495,0.999867741212506,9995,9987,9945
"Mood","Normal2Var",10323836,10000,100,100,2.5,1,3,0,0.9999,0.999642412880322,1.00015758711968,1,1,1,1,1,1,10000,10000,9999
"Mood","Normal2Var",168590975,10000,100,100,0.5,3,5,0,0.0286,0.0243063372947676,0.0328936627052324,0.0873,0.0817674261655537,0.0928325738344463,0.1401,0.134390357132537,0.145809642867463,1401,873,286
"Mood","Normal2Var",83301238,10000,100,100,1.5,3,5,0,0.2924,0.280682675567613,0.304117324432387,0.5035,0.493700240102941,0.513299759897059,0.6136,0.605590099216495,0.621609900783505,6136,5035,2924
"Mood","Normal2Var",3248020,10000,100,100,2,3,5,0,0.5403,0.527461904726338,0.553138095273662,0.7448,0.736254917887252,0.753345082112748,0.8227,0.816417376727212,0.828982623272788,8227,7448,5403
"Mood","Normal2Var",87727,10000,100,100,2.5,3,5,0,0.7879,0.777369433302069,0.798430566697932,0.9124,0.90685883907846,0.91794116092154,0.9486,0.944967638850679,0.952232361149321,9486,9124,7879
"Mood","Normal2Var",8856511,10000,100,100,0.5,1,5,0,0.0738,0.0670651732541768,0.0805348267458232,0.1689,0.161556594045921,0.176243405954079,0.2411,0.234063498511265,0.248136501488735,2411,1689,738
"Mood","Normal2Var",590843,10000,100,100,1.5,1,5,0,0.5392,0.526359644860179,0.552040355139821,0.718,0.709180522682154,0.726819477317846,0.7907,0.784007993011078,0.797392006988922,7907,7180,5392
"Mood","Normal2Var",161492916,10000,100,100,2,1,5,0,0.8045,0.794283967549308,0.814716032450692,0.9089,0.903260075223339,0.914539924776661,0.9443,0.940527332813542,0.948072667186458,9443,9089,8045
"Mood","Normal2Var",1441054,10000,100,100,2.5,1,5,0,0.9508,0.945228488944789,0.956371511055211,0.9832,0.980680979817151,0.985719020182849,0.9915,0.989989844306247,0.993010155693753,9915,9832,9508
"Mood","Normal2Var",152778986,10000,100,100,1,1,3,0,0.5406,0.527762531977556,0.553437468022444,0.7328,0.724127046287129,0.741472953712871,0.8068,0.800305400001509,0.813294599998491,8068,7328,5406
"Mood","Normal2Var",2903107,10000,100,100,1,3,5,0,0.1098,0.101746385755992,0.117853614244008,0.2407,0.232320833573583,0.249079166426417,0.3408,0.333003058160125,0.348596941839875,3408,2407,1098
"Mood","Normal2Var",879960,10000,100,100,1,1,5,0,0.2534,0.242195482564477,0.264604517435523,0.4231,0.413416600411921,0.432783399588079,0.5162,0.507979318271585,0.524420681728415,5162,4231,2534
"Mood","Normal2Var",279581672,10000,100,100,5,1,3,0,1,1,1,1,1,1,1,1,1,10000,10000,10000
"Mood","Normal2Var",10743380,10000,100,100,5,3,5,0,1,1,1,1,1,1,1,1,1,10000,10000,10000
"Mood","Normal2Var",19359094,10000,100,100,5,1,5,0,1,1,1,1,1,1,1,1,1,10000,10000,10000
"Mood","Normal2Var",3435752,10000,10,100,0.5,1,3,0,0.0181,0.0146658538321056,0.0215341461678944,0.1008,0.0948991512019371,0.106700848798063,0.2795,0.272118004077529,0.286881995922471,2795,1008,181
"Mood","Normal2Var",240403154,10000,10,100,1.5,1,3,0,0.3012,0.289381842034553,0.313018157965447,0.6507,0.641355721635054,0.660044278364946,0.8807,0.875367877451261,0.886032122548739,8807,6507,3012
"Mood","Normal2Var",182611,10000,10,100,2,1,3,0,0.5814,0.568691830920014,0.594108169079986,0.8833,0.877007175577088,0.889592824422912,0.9747,0.972116778504314,0.977283221495686,9747,8833,5814
"Mood","Normal2Var",249563,10000,10,100,2.5,1,3,0,0.8133,0.803262087542206,0.823337912457794,0.9786,0.975763612493611,0.981436387506389,0.9981,0.997383642634591,0.998816357365409,9981,9786,8133
"Mood","Normal2Var",54455321,10000,10,100,0.5,3,5,0,0.0027,0.00136327937126114,0.00403672062873885,0.0256,0.022504401043029,0.028695598956971,0.1222,0.116812351007731,0.127587648992269,1222,256,27
"Mood","Normal2Var",17469,10000,10,100,1.5,3,5,0,0.0149,0.0117791050358873,0.0180208949641127,0.0955,0.089739475305148,0.101260524694852,0.2974,0.289880474142135,0.304919525857865,2974,955,149
"Mood","Normal2Var",200328998,10000,10,100,2,3,5,0,0.0349,0.0301723563916657,0.0396276436083343,0.1735,0.166077892506841,0.180922107493159,0.4334,0.425248291505758,0.441551708494242,4334,1735,349
"Mood","Normal2Var",2094225,10000,10,100,2.5,3,5,0,0.0654,0.0590313464945576,0.0717686535054424,0.2709,0.262189278613662,0.279610721386338,0.5632,0.555040969808219,0.571359030191781,5632,2709,654
"Mood","Normal2Var",48067213,10000,10,100,0.5,1,5,0,0.028,0.0237503026035258,0.0322496973964743,0.1204,0.114021597443372,0.126778402556628,0.298,0.290476107351244,0.305523892648756,2980,1204,280
"Mood","Normal2Var",22950,10000,10,100,1.5,1,5,0,0.2436,0.232542415655239,0.254657584344761,0.5291,0.519316611554763,0.538883388445237,0.7631,0.756105782082321,0.770094217917679,7631,5291,2436
"Mood","Normal2Var",1191007,10000,10,100,2,1,5,0,0.4641,0.451253242644412,0.476946757355588,0.7644,0.75608228465368,0.77271771534632,0.9165,0.911949329668129,0.921050670331871,9165,7644,4641
"Mood","Normal2Var",35092002,10000,10,100,2.5,1,5,0,0.6789,0.666872678620711,0.690927321379289,0.9099,0.904288030534794,0.915511969465206,0.9781,0.975692426307467,0.980507573692533,9781,9099,6789
"Mood","Normal2Var",269202,10000,10,100,1,1,3,0,0.0978,0.0901481456032922,0.105451854396708,0.3367,0.327437406003845,0.345962593996155,0.6111,0.603080615889236,0.619119384110764,6111,3367,978
"Mood","Normal2Var",6967118,10000,10,100,1,3,5,0,0.0071,0.00493714308998861,0.00926285691001139,0.0535,0.0490894447016277,0.0579105552983723,0.1905,0.184040159144811,0.196959840855189,1905,535,71
"Mood","Normal2Var",877916,10000,10,100,1,1,5,0,0.0992,0.0914995539319896,0.10690044606801,0.2887,0.279818100236458,0.297581899763542,0.5224,0.514183258097664,0.530616741902336,5224,2887,992
"Mood","Normal2Var",27982677,10000,10,100,5,1,3,0,1,1,1,1,1,1,1,1,1,10000,10000,10000
"Mood","Normal2Var",13748803,10000,10,100,5,3,5,0,0.4955,0.482620521650564,0.508379478349436,0.8517,0.844734216528085,0.858665783471915,0.9718,0.969076803979163,0.974523196020837,9718,8517,4955
"Mood","Normal2Var",31560,10000,10,100,5,1,5,0,0.9993,0.998618693044967,0.999981306955033,1,1,1,1,1,1,10000,10000,9993
