"method","distribution","seed","N","n1","n2","delta","sd","g1","g2","h","null","power0.01","l_CI","u_CI","power0.05","l_CI","u_CI","power0.10","l_CI","u_CI","ct_0.10","ct_0.05","ct_0.01"
"VW","ghEqual",39809,10000,10,10,0,3,1,1,0,1,0.0074,0.00519225528409102,0.00960774471590898,0.0495,0.0452485729501731,0.0537514270498269,0.1047,0.0996635614973699,0.10973643850263,1047,495,74
"VW","ghEqual",20330121,10000,10,10,0,3,3,3,0,1,0.0099,0.00734963120325236,0.0124503687967476,0.0501,0.0458242345061498,0.0543757654938502,0.1022,0.0972171117126811,0.107182888287319,1022,501,99
"VW","ghEqual",32325,10000,10,10,0,3,-3,-3,0,1,0.0074,0.00519225528409102,0.00960774471590898,0.0514,0.0470720803327234,0.0557279196672767,0.1047,0.0996635614973699,0.10973643850263,1047,514,74
"VW","ghEqual",32567178,10000,10,10,0,3,-1,-1,0,1,0.0086,0.00622141025800917,0.0109785897419908,0.0499,0.0456323282977249,0.0541676717022751,0.0994,0.09447818749005,0.10432181250995,994,499,86
"VW","ghEqual",188330095,10000,10,10,0.5,3,1,1,0,0,0.014,0.0109734466483473,0.0170265533516527,0.0784,0.07313152,0.08366848,0.1509,0.1450116998092,0.1567883001908,1509,784,140
"VW","ghEqual",541031,10000,10,10,0.5,3,3,3,0,0,0.0294,0.0250484931913573,0.0337515068086427,0.1385,0.131729689309936,0.145270310690064,0.2337,0.226738630738369,0.240661369261631,2337,1385,294
"VW","ghEqual",1039382,10000,10,10,0.5,3,1,3,0,0,0.0508,0.0451433855370605,0.0564566144629395,0.1974,0.189598480053323,0.205201519946677,0.3118,0.304179889101339,0.319420110898662,3118,1974,508
"VW","ghEqual",270898,10000,10,10,0.5,3,-1,1,0,0,0.0509,0.0452381190088325,0.0565618809911675,0.2333,0.225010541295259,0.241589458704741,0.3703,0.362356541975262,0.378243458024738,3703,2333,509
"VW","ghEqual",31042501,10000,10,10,0.5,3,-3,3,0,0,0.1741,0.164331925184247,0.183868074815753,0.4825,0.472706004339392,0.492293995660608,0.629,0.62105345806042,0.63694654193958,6290,4825,1741
"VW","ghEqual",64854689,10000,10,10,0.5,3,-1,3,0,0,0.1086,0.100585118859977,0.116614881140023,0.3716,0.362128647239681,0.381071352760319,0.5185,0.510280631940692,0.526719368059308,5185,3716,1086
"VW","ghEqual",68911484,10000,10,10,0.5,3,1,-3,0,0,0.0254,0.0213470063760741,0.0294529936239259,0.1383,0.131533794125391,0.145066205874609,0.2415,0.234459520109085,0.248540479890915,2415,1383,254
"VW","ghEqual",12080047,10000,10,10,1,3,1,1,0,0,0.0351,0.0303593207742957,0.0398406792257043,0.1462,0.139275190462576,0.153124809537424,0.2518,0.244659927574044,0.258940072425956,2518,1462,351
"VW","ghEqual",1451875,10000,10,10,1,3,3,3,0,0,0.0722,0.0655328282710271,0.0788671717289729,0.2382,0.22985075059891,0.24654924940109,0.3675,0.35956905681149,0.37543094318851,3675,2382,722
"VW","ghEqual",2210688,10000,10,10,1,3,1,3,0,0,0.0926,0.0851329211134056,0.100067078886594,0.3017,0.29270368305485,0.31069631694515,0.4409,0.432732658824197,0.449067341175803,4409,3017,926
"VW","ghEqual",22244934,10000,10,10,1,3,-1,1,0,0,0.1121,0.103972991892979,0.120227008107021,0.3695,0.360039679753835,0.378960320246165,0.5256,0.517385787746497,0.533814212253503,5256,3695,1121
"VW","ghEqual",254831,10000,10,10,1,3,-3,3,0,0,0.3349,0.322742426428624,0.347057573571376,0.6799,0.670756311361469,0.689043688638531,0.8078,0.801318216538336,0.814281783461664,8078,6799,3349
"VW","ghEqual",33364388,10000,10,10,1,3,-1,3,0,0,0.2051,0.194698764313668,0.215501235686332,0.537,0.527226869234478,0.546773130765522,0.6843,0.676654137858307,0.691945862141693,6843,5370,2051
"VW","ghEqual",52448,10000,10,10,1,3,1,-3,0,0,0.0121,0.00928359545455842,0.0149164045454416,0.0776,0.0723561944469307,0.0828438055530693,0.1613,0.155249567677283,0.167350432322717,1613,776,121
"VW","ghEqual",581802,10000,10,10,1.5,3,1,1,0,0,0.0728,0.0661073477475357,0.0794926522524643,0.2567,0.248138476125268,0.265261523874732,0.3893,0.381279119164969,0.397320880835031,3893,2567,728
"VW","ghEqual",70820,10000,10,10,1.5,3,3,3,0,0,0.1234,0.114927644476219,0.131872355523781,0.3503,0.34094954868332,0.35965045131668,0.4843,0.476079055760451,0.492520944239549,4843,3503,1234
"VW","ghEqual",1929870,10000,10,10,1.5,3,1,3,0,0,0.1606,0.151141917202051,0.170058082797949,0.4164,0.406737954609587,0.426062045390413,0.5616,0.55343765918516,0.56976234081484,5616,4164,1606
"VW","ghEqual",334377347,10000,10,10,1.5,3,-1,1,0,0,0.2251,0.214341383261208,0.235858616738792,0.5584,0.548667076530127,0.568132923469873,0.7029,0.695382663348434,0.710417336651566,7029,5584,2251
"VW","ghEqual",46504,10000,10,10,1.5,3,-3,3,0,0,0.707,0.695275633773308,0.718724366226692,0.9289,0.923862960539523,0.933937039460477,0.9684,0.965522357533049,0.971277642466951,9684,9289,7070
"VW","ghEqual",68554,10000,10,10,1.5,3,-1,3,0,0,0.3785,0.36600606140665,0.39099393859335,0.7231,0.714329653941696,0.731870346058303,0.8361,0.830010459954481,0.842189540045519,8361,7231,3785
"VW","ghEqual",65277098,10000,10,10,1.5,3,1,-3,0,0,0.0073,0.00510711276402639,0.00949288723597361,0.0575,0.0529372079819479,0.0620627920180521,0.1202,0.114850537900321,0.125549462099679,1202,575,73
"VW","ghEqual",319241,10000,10,10,2,3,1,1,0,0,0.1305,0.121822674122888,0.139177325877112,0.3768,0.367302151437215,0.386297848562785,0.5232,0.51498385881874,0.53141614118126,5232,3768,1305
"VW","ghEqual",127294507,10000,10,10,2,3,3,3,0,0,0.1698,0.160128227640515,0.179471772359485,0.4304,0.420695409978036,0.440104590021964,0.5697,0.56155530763621,0.57784469236379,5697,4304,1698
"VW","ghEqual",292928,10000,10,10,2,3,1,3,0,0,0.2394,0.228407762778176,0.250392237221825,0.5378,0.528028045393802,0.547571954606198,0.6753,0.667597079396698,0.683002920603302,6753,5378,2394
"VW","ghEqual",492004,10000,10,10,2,3,-1,1,0,0,0.3873,0.374751449945715,0.399848550054285,0.7365,0.727865588216908,0.745134411783092,0.846,0.840062393065384,0.851937606934616,8460,7365,3873
"VW","ghEqual",3081033,10000,10,10,2,3,-3,3,0,0,0.997,0.995591184681514,0.998408815318486,1,1,1,1,1,1,10000,10000,9970
"VW","ghEqual",43490,10000,10,10,2,3,-1,3,0,0,0.6092,0.596630931776463,0.621769068223537,0.8758,0.869335732204062,0.882264267795938,0.938,0.934032991178482,0.941967008821518,9380,8758,6092
"VW","ghEqual",762632,10000,10,10,2,3,1,-3,0,0,0.0085,0.00613516044552701,0.010864839554473,0.0505,0.0462081034541825,0.0547918965458175,0.1073,0.102208819076798,0.112391180923202,1073,505,85
"VW","ghEqual",22791,10000,10,10,2.5,3,1,1,0,0,0.2084,0.197937207587429,0.218862792412571,0.499,0.48920001960002,0.50879998039998,0.6409,0.63300833319368,0.64879166680632,6409,4990,2084
"VW","ghEqual",9269864,10000,10,10,2.5,3,3,3,0,0,0.2329,0.222011787346218,0.243788212653782,0.5195,0.509707455736122,0.529292544263878,0.6654,0.657638060222399,0.673161939777601,6654,5195,2329
"VW","ghEqual",44773,10000,10,10,2.5,3,1,3,0,0,0.3264,0.314321250544369,0.338478749455631,0.6434,0.634011693294827,0.652788306705173,0.767,0.7600458901808,0.7739541098192,7670,6434,3264
"VW","ghEqual",46974,10000,10,10,2.5,3,-1,1,0,0,0.5989,0.586274477906118,0.611525522093882,0.8807,0.874346832707885,0.887053167292115,0.9426,0.93877364230539,0.94642635769461,9426,8807,5989
"VW","ghEqual",1269496,10000,10,10,2.5,3,-3,3,0,0,1,1,1,1,1,1,1,1,1,10000,10000,10000
"VW","ghEqual",1137546,10000,10,10,2.5,3,-1,3,0,0,0.8578,0.84880318732868,0.86679681267132,0.9768,0.973849450606819,0.979750549393181,0.9917,0.990207566100702,0.993192433899298,9917,9768,8578
"VW","ghEqual",38641,10000,10,10,2.5,3,1,-3,0,0,0.0187,0.0152104649781015,0.0221895350218985,0.0678,0.0628725132221791,0.0727274867778209,0.1257,0.120246644871753,0.131153355128247,1257,678,187
"VW","ghEqual",19577,10000,20,20,0,3,1,1,0,1,0.0084,0.00604899387398841,0.0107510061260116,0.0485,0.0442895226351398,0.0527104773648602,0.1023,0.0973149521453877,0.107285047854612,1023,485,84
"VW","ghEqual",2727011,10000,20,20,0,3,3,3,0,1,0.0082,0.00587691641085044,0.0105230835891496,0.0473,0.0431393160810271,0.0514606839189729,0.0998,0.0948693897156741,0.104730610284326,998,473,82
"VW","ghEqual",367075498,10000,20,20,0,3,-3,-3,0,1,0.0092,0.00674057959837363,0.0116594204016264,0.0492,0.0449608068058179,0.0534391931941821,0.0992,0.0942825955815695,0.104117404418431,992,492,92
"VW","ghEqual",4583792,10000,20,20,0,3,-1,-1,0,1,0.0076,0.00536284521817913,0.00983715478182087,0.0483,0.0440977714272543,0.0525022285727457,0.0997,0.0947715868633225,0.104628413136677,997,483,76
"VW","ghEqual",193426,10000,20,20,0.5,3,1,1,0,0,0.0297,0.0253270239476055,0.0340729760523945,0.1236,0.117149156718196,0.130050843281804,0.2103,0.20359626855917,0.21700373144083,2103,1236,297
"VW","ghEqual",9777106,10000,20,20,0.5,3,3,3,0,0,0.0883,0.0809910971735605,0.0956089028264396,0.2472,0.238744873496771,0.255655126503229,0.3721,0.364148648016974,0.380051351983026,3721,2472,883
"VW","ghEqual",162084380,10000,20,20,0.5,3,1,3,0,0,0.1494,0.140217015598398,0.158582984401602,0.3791,0.369590804120726,0.388609195879274,0.5148,0.506578603997593,0.523021396002407,5148,3791,1494
"VW","ghEqual",992783,10000,20,20,0.5,3,-1,1,0,0,0.2176,0.206971065638615,0.228228934361385,0.4935,0.48370082813499,0.50329917186501,0.6287,0.620752141856023,0.636647858143977,6287,4935,2176
"VW","ghEqual",6342847,10000,20,20,0.5,3,-3,3,0,0,0.5599,0.547112761168437,0.572687238831563,0.8226,0.815112665571887,0.830087334428113,0.9022,0.897313625589059,0.907086374410941,9022,8226,5599
"VW","ghEqual",5820249,10000,20,20,0.5,3,-1,3,0,0,0.4131,0.400416021099037,0.425783978900963,0.6964,0.687387685553289,0.705412314446711,0.8092,0.802736272715809,0.815663727284191,8092,6964,4131
"VW","ghEqual",1502172,10000,20,20,0.5,3,1,-3,0,0,0.1004,0.0926582803809758,0.108141719619024,0.3034,0.29438936091554,0.31241063908446,0.4422,0.434030141657048,0.450369858342952,4422,3034,1004
"VW","ghEqual",211597699,10000,20,20,1,3,1,1,0,0,0.1069,0.0989405188974115,0.114859481102589,0.2967,0.287746658428408,0.305653341571592,0.4278,0.41966120294737,0.43593879705263,4278,2967,1069
"VW","ghEqual",329147446,10000,20,20,1,3,3,3,0,0,0.2239,0.213161793603068,0.234638206396932,0.4777,0.467909751735855,0.487490248264145,0.6026,0.594550027489047,0.610649972510953,6026,4777,2239
"VW","ghEqual",33088,10000,20,20,1,3,1,3,0,0,0.301,0.289184075852376,0.312815924147624,0.5701,0.560396792596342,0.579803207403658,0.7024,0.694879016824271,0.709920983175729,7024,5701,3010
"VW","ghEqual",30306017,10000,20,20,1,3,-1,1,0,0,0.4317,0.418940733426661,0.444459266573339,0.7185,0.709685277245426,0.727314722754574,0.8318,0.82564697958496,0.83795302041504,8318,7185,4317
"VW","ghEqual",404052,10000,20,20,1,3,-3,3,0,0,0.8197,0.809796899428098,0.829603100571902,0.9533,0.949164487782922,0.957435512217078,0.9783,0.975903200000256,0.980696799999744,9783,9533,8197
"VW","ghEqual",42897,10000,20,20,1,3,-1,3,0,0,0.6524,0.640132877031633,0.664667122968366,0.874,0.867495752477035,0.880504247522965,0.9349,0.930841748326068,0.938958251673932,9349,8740,6524
"VW","ghEqual",74716,10000,20,20,1,3,1,-3,0,0,0.0388,0.0338252804483211,0.0437747195516789,0.1556,0.148495476093192,0.162704523906808,0.2604,0.253180870316749,0.267619129683251,2604,1556,388
"VW","ghEqual",27362517,10000,20,20,1.5,3,1,1,0,0,0.2389,0.227915639075308,0.249884360924692,0.5015,0.491700044100099,0.511299955899901,0.6456,0.637731453426102,0.653468546573898,6456,5015,2389
"VW","ghEqual",1226963,10000,20,20,1.5,3,3,3,0,0,0.352,0.339697179337664,0.364302820662336,0.6297,0.620235454268397,0.639164545731603,0.755,0.747925065552424,0.762074934447576,7550,6297,3520
"VW","ghEqual",1936487,10000,20,20,1.5,3,1,3,0,0,0.4695,0.456643985573375,0.482356014426625,0.7398,0.731200625139372,0.748399374860628,0.8361,0.830010459954481,0.842189540045519,8361,7398,4695
"VW","ghEqual",11152913,10000,20,20,1.5,3,-1,1,0,0,0.6737,0.661622204573605,0.685777795426395,0.8865,0.880282820990192,0.892717179009808,0.9408,0.936917822305149,0.944682177694851,9408,8865,6737
"VW","ghEqual",146744484,10000,20,20,1.5,3,-3,3,0,0,0.9916,0.989248993873988,0.993951006126012,0.9989,0.998250299171618,0.999549700828382,0.9997,0.999415120383714,0.999984879616286,9997,9989,9916
"VW","ghEqual",48721,10000,20,20,1.5,3,-1,3,0,0,0.8682,0.859486082285689,0.876913917714311,0.9698,0.966445709804802,0.973154290195198,0.9882,0.986423646767138,0.989976353232862,9882,9698,8682
"VW","ghEqual",121622,10000,20,20,1.5,3,1,-3,0,0,0.013,0.0100820616549351,0.0159179383450649,0.0799,0.0745856888764018,0.0852143111235982,0.1532,0.147275036086152,0.159124963913848,1532,799,130
"VW","ghEqual",42082,10000,20,20,2,3,1,1,0,0,0.4156,0.402904823834729,0.428295176165271,0.6877,0.678616743555662,0.696783256444338,0.7998,0.793217533784675,0.806382466215325,7998,6877,4156
"VW","ghEqual",1547695,10000,20,20,2,3,3,3,0,0,0.4858,0.47292519529419,0.49867480470581,0.7517,0.743232275761599,0.760167724238401,0.8472,0.841281378697163,0.853118621302837,8472,7517,4858
"VW","ghEqual",255960,10000,20,20,2,3,1,3,0,0,0.6277,0.615247159053481,0.640152840946519,0.8544,0.847486986918687,0.861313013081313,0.9189,0.914409337100051,0.923390662899949,9189,8544,6277
"VW","ghEqual",20787,10000,20,20,2,3,-1,1,0,0,0.873,0.864422616244472,0.881577383755528,0.9711,0.967816500384285,0.974383499615715,0.9885,0.986746106739458,0.990253893260542,9885,9711,8730
"VW","ghEqual",317824,10000,20,20,2,3,-3,3,0,0,1,1,1,1,1,1,1,1,1,10000,10000,10000
"VW","ghEqual",2452845,10000,20,20,2,3,-1,3,0,0,0.9752,0.971193929891665,0.979206070108335,0.9963,0.995109986197727,0.997490013802273,0.9989,0.99835471537618,0.99944528462382,9989,9963,9752
"VW","ghEqual",22467,10000,20,20,2,3,1,-3,0,0,0.0105,0.00787428002833509,0.0131257199716649,0.0495,0.0452485729501731,0.0537514270498269,0.1068,0.101719272695726,0.111880727304274,1068,495,105
"VW","ghEqual",11200376,10000,20,20,2.5,3,1,1,0,0,0.5818,0.569093535384704,0.594506464615296,0.8212,0.813689578711577,0.828710421288423,0.8986,0.893634441681029,0.903565558318971,8986,8212,5818
"VW","ghEqual",1188628,10000,20,20,2.5,3,3,3,0,0,0.6139,0.60135864168266,0.62644135831734,0.8371,0.829862221560838,0.844337778439162,0.9135,0.9088758891996,0.9181241108004,9135,8371,6139
"VW","ghEqual",2909257,10000,20,20,2.5,3,1,3,0,0,0.7634,0.752452138195696,0.774347861804304,0.9221,0.916846922462556,0.927353077537444,0.9631,0.959998907099106,0.966201092900894,9631,9221,7634
"VW","ghEqual",460729,10000,20,20,2.5,3,-1,1,0,0,0.9728,0.968609729189132,0.976990270810868,0.9965,0.995342479356556,0.997657520643444,0.9992,0.998734909885721,0.999665090114279,9992,9965,9728
"VW","ghEqual",58641405,10000,20,20,2.5,3,-3,3,0,0,1,1,1,1,1,1,1,1,1,10000,10000,10000
"VW","ghEqual",1409145,10000,20,20,2.5,3,-1,3,0,0,0.9991,0.998327547838281,0.999872452161719,1,1,1,1,1,1,10000,10000,9991
"VW","ghEqual",43678,10000,20,20,2.5,3,1,-3,0,0,0.0136,0.0106163914386931,0.0165836085613069,0.0647,0.0598784832608815,0.0695215167391185,0.1195,0.114164015798433,0.124835984201567,1195,647,136
"VW","ghEqual",114767,10000,100,100,0,3,1,1,0,1,0.0096,0.00708818996570521,0.0121118100342948,0.0495,0.0452485729501731,0.0537514270498269,0.0973,0.0924247819630528,0.102175218036947,973,495,96
"VW","ghEqual",94028,10000,100,100,0,3,3,3,0,1,0.0088,0.00639415390545114,0.0112058460945489,0.05,0.0457282790353301,0.0542717209646699,0.1002,0.0952606163769252,0.105139383623075,1002,500,88
"VW","ghEqual",38138,10000,100,100,0,3,-3,-3,0,1,0.0102,0.00761166986137858,0.0127883301386214,0.0515,0.0471681006890741,0.0558318993109259,0.1047,0.0996635614973699,0.10973643850263,1047,515,102
"VW","ghEqual",4195179,10000,100,100,0,3,-1,-1,0,1,0.0082,0.00587691641085044,0.0105230835891496,0.0497,0.0454404410761676,0.0539595589238324,0.0981,0.0932069506108179,0.102993049389182,981,497,82
"VW","ghEqual",114464343,10000,100,100,0.5,3,1,1,0,0,0.2582,0.246926276160816,0.269473723839184,0.5035,0.493700240102941,0.513299759897059,0.633,0.625071321839203,0.640928678160797,6330,5035,2582
"VW","ghEqual",77598,10000,100,100,0.5,3,3,3,0,0,0.676,0.66394432,0.68805568,0.8646,0.857893853770279,0.871306146229721,0.9241,0.919743414162217,0.928456585837783,9241,8646,6760
"VW","ghEqual",181152979,10000,100,100,0.5,3,1,3,0,0,0.8992,0.891444598722546,0.906955401277454,0.9747,0.97162211906897,0.97777788093103,0.9901,0.988471367752077,0.991728632247923,9901,9747,8992
"VW","ghEqual",10296742,10000,100,100,0.5,3,-1,1,0,0,0.9848,0.981648323215922,0.987951676784078,0.9974,0.996401892251107,0.998398107748893,0.999,0.998480065487297,0.999519934512703,9990,9974,9848
"VW","ghEqual",39021292,10000,100,100,0.5,3,-3,3,0,0,1,1,1,1,1,1,1,1,1,10000,10000,10000
"VW","ghEqual",333462847,10000,100,100,0.5,3,-1,3,0,0,0.9996,0.999084903050306,1.00011509694969,0.9998,0.999522841861747,1.00007715813825,0.9999,0.999735508225206,1.00006449177479,9999,9998,9996
"VW","ghEqual",302052,10000,100,100,0.5,3,1,-3,0,0,0.8359,0.826359364326768,0.845440635673232,0.9489,0.944584046621382,0.953215953378618,0.9727,0.970019371172136,0.975380628827864,9727,9489,8359
"VW","ghEqual",52086,10000,100,100,1,3,1,1,0,0,0.7865,0.775944126869728,0.797055873130272,0.9273,0.922210988800012,0.932389011199988,0.9624,0.959270768942759,0.965529231057241,9624,9273,7865
"VW","ghEqual",595438,10000,100,100,1,3,3,3,0,0,0.9613,0.956331436869249,0.966268563130751,0.9912,0.989369464928061,0.993030535071939,0.9964,0.995414778201825,0.997385221798175,9964,9912,9613
"VW","ghEqual",141154,10000,100,100,1,3,1,3,0,0,0.9943,0.992360713356985,0.996239286643015,0.9988,0.99812144358407,0.99947855641593,0.9995,0.999132258787495,0.999867741212506,9995,9988,9943
"VW","ghEqual",46354,10000,100,100,1,3,-1,1,0,0,0.9998,0.999435735018296,1.0001642649817,1,1,1,1,1,1,10000,10000,9998
"VW","ghEqual",329883487,10000,100,100,1,3,-3,3,0,0,1,1,1,1,1,1,1,1,1,10000,10000,10000
"VW","ghEqual",206461,10000,100,100,1,3,-1,3,0,0,1,1,1,1,1,1,1,1,1,10000,10000,10000
"VW","ghEqual",190666099,10000,100,100,1,3,1,-3,0,0,0.4713,0.458441235760515,0.484158764239485,0.7225,0.713723800423874,0.731276199576126,0.827,0.820777832348972,0.833222167651028,8270,7225,4713
"VW","ghEqual",724367,10000,100,100,1.5,3,1,1,0,0,0.9777,0.973896345181895,0.981503654818105,0.9951,0.993731365527834,0.996468634472166,0.9975,0.996678528768383,0.998321471231617,9975,9951,9777
"VW","ghEqual",145661400,10000,100,100,1.5,3,3,3,0,0,0.996,0.994374056225326,0.997625943774674,0.9995,0.99906184025744,0.99993815974256,1,1,1,10000,9995,9960
"VW","ghEqual",3064536,10000,100,100,1.5,3,1,3,0,0,0.9995,0.998924132909779,1.00007586709022,1,1,1,1,1,1,10000,10000,9995
"VW","ghEqual",21123,10000,100,100,1.5,3,-1,1,0,0,1,1,1,1,1,1,1,1,1,10000,10000,10000
"VW","ghEqual",7409043,10000,100,100,1.5,3,-3,3,0,0,1,1,1,1,1,1,1,1,1,10000,10000,10000
"VW","ghEqual",973050,10000,100,100,1.5,3,-1,3,0,0,1,1,1,1,1,1,1,1,1,10000,10000,10000
"VW","ghEqual",20396683,10000,100,100,1.5,3,1,-3,0,0,0.1323,0.123572083564235,0.141027916435765,0.3409,0.33160936864845,0.35019063135155,0.4667,0.458493261513014,0.474906738486986,4667,3409,1323
"VW","ghEqual",196648289,10000,100,100,2,3,1,1,0,0,0.999,0.99818580467798,0.99981419532202,1,1,1,1,1,1,10000,10000,9990
"VW","ghEqual",897330,10000,100,100,2,3,3,3,0,0,0.9999,0.999642412880322,1.00015758711968,1,1,1,1,1,1,10000,10000,9999
"VW","ghEqual",73522803,10000,100,100,2,3,1,3,0,0,1,1,1,1,1,1,1,1,1,10000,10000,10000
"VW","ghEqual",8208530,10000,100,100,2,3,-1,1,0,0,1,1,1,1,1,1,1,1,1,10000,10000,10000
"VW","ghEqual",503583,10000,100,100,2,3,-3,3,0,0,1,1,1,1,1,1,1,1,1,10000,10000,10000
"VW","ghEqual",45640676,10000,100,100,2,3,-1,3,0,0,1,1,1,1,1,1,1,1,1,10000,10000,10000
"VW","ghEqual",107898,10000,100,100,2,3,1,-3,0,0,0.0231,0.0192303035110148,0.0269696964889851,0.091,0.0853628614492812,0.0966371385507188,0.1606,0.154560191691527,0.166639808308473,1606,910,231
"VW","ghEqual",265792,10000,100,100,2.5,3,1,1,0,0,1,1,1,1,1,1,1,1,1,10000,10000,10000
"VW","ghEqual",669224,10000,100,100,2.5,3,3,3,0,0,1,1,1,1,1,1,1,1,1,10000,10000,10000
"VW","ghEqual",1333230,10000,100,100,2.5,3,1,3,0,0,1,1,1,1,1,1,1,1,1,10000,10000,10000
"VW","ghEqual",44879303,10000,100,100,2.5,3,-1,1,0,0,1,1,1,1,1,1,1,1,1,10000,10000,10000
"VW","ghEqual",377249,10000,100,100,2.5,3,-3,3,0,0,1,1,1,1,1,1,1,1,1,10000,10000,10000
"VW","ghEqual",136377328,10000,100,100,2.5,3,-1,3,0,0,1,1,1,1,1,1,1,1,1,10000,10000,10000
"VW","ghEqual",77051464,10000,100,100,2.5,3,1,-3,0,0,0.012,0.00919511568409676,0.0148048843159032,0.0545,0.0500507676212632,0.0589492323787368,0.1082,0.103090089816063,0.113309910183937,1082,545,120
"VW","ghEqual",133564,10000,10,100,0,3,1,1,0,1,0.0095,0.00700118041435561,0.0119988195856444,0.0467,0.0425644877829222,0.0508355122170778,0.0976,0.092718083416362,0.102481916583638,976,467,95
"VW","ghEqual",1718417,10000,10,100,0,3,3,3,0,1,0.0108,0.00813743762725904,0.013462562372741,0.0537,0.0492816752439867,0.0581183247560133,0.1047,0.0996635614973699,0.10973643850263,1047,537,108
"VW","ghEqual",95018065,10000,10,100,0,3,-3,-3,0,1,0.008,0.00570519024021598,0.010294809759784,0.047,0.0428518786710126,0.0511481213289874,0.1007,0.0957496838681984,0.105650316131802,1007,470,80
"VW","ghEqual",1018297,10000,10,100,0,3,-1,-1,0,1,0.0105,0.00787428002833509,0.0131257199716649,0.0565,0.0519746596547884,0.0610253403452116,0.1083,0.103188015669647,0.113411984330353,1083,565,105
"VW","ghEqual",205877,10000,10,100,0.5,3,1,1,0,0,0.0836,0.076469967036773,0.090730032963227,0.2082,0.200241995458559,0.216158004541441,0.3027,0.295142434055347,0.310257565944653,3027,2082,836
"VW","ghEqual",100286,10000,10,100,0.5,3,3,3,0,0,0.2329,0.222011787346218,0.243788212653782,0.403,0.393386185015302,0.412613814984698,0.5058,0.497575553396617,0.514024446603383,5058,4030,2329
"VW","ghEqual",120523643,10000,10,100,0.5,3,1,3,0,0,0.3435,0.331267179739471,0.355732820260529,0.545,0.535239770699415,0.554760229300585,0.6396,0.63170208380751,0.64749791619249,6396,5450,3435
"VW","ghEqual",12144104,10000,10,100,0.5,3,-1,1,0,0,0.3287,0.316599479985775,0.340800520014225,0.5601,0.550371052973811,0.569828947026189,0.6749,0.667194619294352,0.682605380705648,6749,5601,3287
"VW","ghEqual",75288,10000,10,100,0.5,3,-3,3,0,0,0.6496,0.637310027374335,0.661889972625665,0.8387,0.831490974253784,0.845909025746216,0.9,0.895065,0.904935,9000,8387,6496
"VW","ghEqual",191728,10000,10,100,0.5,3,-1,3,0,0,0.5481,0.535279737123254,0.560920262876746,0.7596,0.75122440283834,0.76797559716166,0.8381,0.832040493621179,0.844159506378821,8381,7596,5481
"VW","ghEqual",8004584,10000,10,100,0.5,3,1,-3,0,0,0.2097,0.199213246373848,0.220186753626152,0.404,0.394382329729087,0.413617670270913,0.5112,0.502977063746909,0.519422936253091,5112,4040,2097
"VW","ghEqual",108534425,10000,10,100,1,3,1,1,0,0,0.2393,0.228309336378518,0.250290663621482,0.4224,0.412718745913963,0.432081254086037,0.5243,0.516084719303044,0.532515280696956,5243,4224,2393
"VW","ghEqual",18656002,10000,10,100,1,3,3,3,0,0,0.4462,0.43339477784451,0.45900522215549,0.6369,0.627474490830602,0.646325509169398,0.7196,0.712210747890104,0.726989252109896,7196,6369,4462
"VW","ghEqual",257243,10000,10,100,1,3,1,3,0,0,0.5261,0.513237559939766,0.538962440060234,0.7076,0.698684644453618,0.716515355546382,0.7848,0.778039691220188,0.791560308779812,7848,7076,5261
"VW","ghEqual",37503,10000,10,100,1,3,-1,1,0,0,0.5079,0.495021607781948,0.520778392218052,0.739,0.730392073615556,0.747607926384444,0.8264,0.820169313257626,0.832630686742374,8264,7390,5079
"VW","ghEqual",23013,10000,10,100,1,3,-3,3,0,0,0.8532,0.844083370406703,0.862316629593297,0.9507,0.946456724029526,0.954943275970474,0.9759,0.973377233341751,0.978422766658249,9759,9507,8532
"VW","ghEqual",80837386,10000,10,100,1,3,-1,3,0,0,0.7275,0.716030470286886,0.738969529713114,0.8871,0.8808971778089,0.8933028221911,0.9341,0.930018636317727,0.938181363682273,9341,8871,7275
"VW","ghEqual",150093,10000,10,100,1,3,1,-3,0,0,0.1182,0.10988351814697,0.12651648185303,0.2609,0.252293140529183,0.269506859470817,0.3619,0.353994951002367,0.369805048997633,3619,2609,1182
"VW","ghEqual",115775,10000,10,100,1.5,3,1,1,0,0,0.4272,0.41445725520571,0.43994274479429,0.6287,0.619230211573134,0.638169788426866,0.7201,0.712714774561059,0.727485225438941,7201,6287,4272
"VW","ghEqual",29731,10000,10,100,1.5,3,3,3,0,0,0.5945,0.581852135115459,0.607147864884541,0.7576,0.749200714142357,0.765999285857643,0.8232,0.816924335564229,0.829475664435771,8232,7576,5945
"VW","ghEqual",17689,10000,10,100,1.5,3,1,3,0,0,0.6628,0.650621861987068,0.674978138012932,0.8166,0.809014915473747,0.824185084526253,0.8757,0.870272758570897,0.881127241429103,8757,8166,6628
"VW","ghEqual",264024880,10000,10,100,1.5,3,-1,1,0,0,0.7251,0.713599090628467,0.736600909371533,0.888,0.881818817511188,0.894181182488812,0.9384,0.934444965666698,0.942355034333302,9384,8880,7251
"VW","ghEqual",290385838,10000,10,100,1.5,3,-3,3,0,0,0.9912,0.988794153905451,0.993605846094549,0.999,0.998380503559332,0.999619496440668,0.9996,0.999271065806581,0.999928934193419,9996,9990,9912
"VW","ghEqual",279141861,10000,10,100,1.5,3,-1,3,0,0,0.8912,0.883178642081626,0.899221357918374,0.967,0.963498724552395,0.970501275447605,0.9834,0.981298230679856,0.985501769320144,9834,9670,8912
"VW","ghEqual",87186,10000,10,100,1.5,3,1,-3,0,0,0.0588,0.0527399601368757,0.0648600398631243,0.1558,0.148691753629931,0.162908246370069,0.2417,0.234657534056257,0.248742465943743,2417,1558,588
"VW","ghEqual",3319939,10000,10,100,2,3,1,1,0,0,0.5902,0.577531317901877,0.602868682098123,0.7682,0.759929153922264,0.776470846077736,0.8398,0.833766280822254,0.845833719177746,8398,7682,5902
"VW","ghEqual",2583238,10000,10,100,2,3,3,3,0,0,0.6924,0.68051176027909,0.70428823972091,0.8349,0.827623092766951,0.842176907233049,0.8885,0.88332235760028,0.89367764239972,8885,8349,6924
"VW","ghEqual",66475912,10000,10,100,2,3,1,3,0,0,0.7792,0.768515114683108,0.789884885316892,0.8975,0.891555227590563,0.903444772409437,0.9327,0.928578603264332,0.936821396735668,9327,8975,7792
"VW","ghEqual",12574788,10000,10,100,2,3,-1,1,0,0,0.8862,0.878019443234971,0.894380556765029,0.9696,0.966234968247639,0.972965031752361,0.986,0.984067282506417,0.987932717493583,9860,9696,8862
"VW","ghEqual",162236,10000,10,100,2,3,-3,3,0,0,1,1,1,1,1,1,1,1,1,10000,10000,10000
"VW","ghEqual",105457865,10000,10,100,2,3,-1,3,0,0,0.9779,0.974113053073466,0.981686946926534,0.9956,0.994302746492624,0.996897253507376,0.9984,0.997742526610729,0.999057473389271,9984,9956,9779
"VW","ghEqual",174770344,10000,10,100,2,3,1,-3,0,0,0.0263,0.0221777310992785,0.0304222689007215,0.0924,0.086724040335027,0.098075959664973,0.1636,0.157514944214586,0.169685055785414,1636,924,263
"VW","ghEqual",39024963,10000,10,100,2.5,3,1,1,0,0,0.7341,0.722718941926739,0.745481058073261,0.8711,0.864532251152305,0.877667748847695,0.9145,0.909900180240012,0.919099819759988,9145,8711,7341
"VW","ghEqual",4519764,10000,10,100,2.5,3,3,3,0,0,0.7756,0.764853273777375,0.786346726222625,0.8964,0.890427077592468,0.902372922407532,0.9341,0.930018636317727,0.938181363682273,9341,8964,7756
"VW","ghEqual",49790,10000,10,100,2.5,3,1,3,0,0,0.861,0.852088417447479,0.869911582552521,0.9408,0.936174426576348,0.945425573423652,0.9639,0.960831433825714,0.966968566174286,9639,9408,8610
"VW","ghEqual",281453882,10000,10,100,2.5,3,-1,1,0,0,0.9766,0.972705854742136,0.980494145257864,0.9955,0.994188153682781,0.996811846317219,0.9982,0.997502714012833,0.998897285987167,9982,9955,9766
"VW","ghEqual",2310111,10000,10,100,2.5,3,-3,3,0,0,1,1,1,1,1,1,1,1,1,10000,10000,10000
"VW","ghEqual",49487639,10000,10,100,2.5,3,-1,3,0,0,0.9997,0.999253890643434,1.00014610935657,1,1,1,1,1,1,10000,10000,9997
"VW","ghEqual",16978,10000,10,100,2.5,3,1,-3,0,0,0.0174,0.01403171475587,0.02076828524413,0.083,0.0775927084635652,0.0884072915364349,0.1441,0.138322906375004,0.149877093624996,1441,830,174
