"method","distribution","seed","N","n1","n2","delta","rate1","null","power0.01","l_CI","u_CI","power0.05","l_CI","u_CI","power0.10","l_CI","u_CI","ct_0.10","ct_0.05","ct_0.01"
"AD","Exp",25792892,10000,10,10,0,1,1,0.0104,0.00778668132697445,0.0130133186730255,0.0532,0.0488011311679478,0.0575988688320522,0.1044,0.0993699396687912,0.109430060331209,1044,532,104
"AD","Exp",767937,10000,10,10,0,0.5,1,0.0087,0.00630774187608109,0.0110922581239189,0.0513,0.046976064527586,0.055623935472414,0.1049,0.0998593165509055,0.109940683449094,1049,513,87
"AD","Exp",40598749,10000,10,10,0,0.25,1,0.0099,0.00734963120325236,0.0124503687967476,0.053,0.0486089437990388,0.0573910562009612,0.1007,0.0957496838681984,0.105650316131802,1007,530,99
"AD","Exp",251050779,10000,10,10,0,0.125,1,0.011,0.00831316902087236,0.0136868309791276,0.0548,0.0503392466831711,0.0592607533168289,0.1078,0.10269840013879,0.11290159986121,1078,548,110
"AD","Exp",24734,10000,10,10,0.5,1,0,0.14,0.131061614069643,0.148938385930357,0.3685,0.359045000833422,0.377954999166578,0.5215,0.513282607530708,0.529717392469292,5215,3685,1400
"AD","Exp",109719,10000,10,10,0.5,0.5,0,0.034,0.0293315374378282,0.0386684625621718,0.1368,0.130064732703033,0.143535267296968,0.2384,0.231390573348868,0.245409426651132,2384,1368,340
"AD","Exp",518730,10000,10,10,0.5,0.25,0,0.0164,0.0131282731152029,0.0196717268847971,0.0745,0.0693533762562239,0.0796466237437761,0.1397,0.133997187842321,0.145402812157679,1397,745,164
"AD","Exp",33498832,10000,10,10,0.5,0.125,0,0.0086,0.00622141025800917,0.0109785897419908,0.0556,0.0511087062952419,0.0600912937047581,0.1134,0.108184015489373,0.118615984510627,1134,556,86
"AD","Exp",44849,10000,10,10,1,1,0,0.5258,0.512937158315274,0.538662841684726,0.7986,0.790739494835165,0.806460505164835,0.8922,0.88709840013879,0.89730159986121,8922,7986,5258
"AD","Exp",14019459,10000,10,10,1,0.5,0,0.1349,0.12609995304334,0.14370004695666,0.3676,0.358149827123359,0.377050172876641,0.5156,0.507379004246711,0.523820995753289,5156,3676,1349
"AD","Exp",515924,10000,10,10,1,0.25,0,0.0339,0.0292381666024724,0.0385618333975276,0.1407,0.133884848321453,0.147515151678547,0.2357,0.228718035708357,0.242681964291643,2357,1407,339
"AD","Exp",362805649,10000,10,10,1,0.125,0,0.0153,0.0121381333994591,0.0184618666005409,0.0728,0.0677077645905163,0.0778922354094837,0.1421,0.136356438507078,0.147843561492922,1421,728,153
"AD","Exp",290839722,10000,10,10,1.5,1,0,0.8136,0.803568305852394,0.823631694147606,0.9558,0.951771431810482,0.959828568189518,0.986,0.984067282506417,0.987932717493583,9860,9558,8136
"AD","Exp",65114124,10000,10,10,1.5,0.5,0,0.3105,0.298580890868458,0.322419109131542,0.6094,0.599837456676051,0.618962543323949,0.7499,0.742775991565911,0.757024008434089,7499,6094,3105
"AD","Exp",27627189,10000,10,10,1.5,0.25,0,0.0764,0.0695571897051062,0.0832428102948937,0.2376,0.229257989477446,0.245942010522554,0.3707,0.362754777548125,0.378645222451875,3707,2376,764
"AD","Exp",120102,10000,10,10,1.5,0.125,0,0.0228,0.0189549232646908,0.0266450767353092,0.0982,0.0923673363784974,0.104032663621503,0.1819,0.175554213621231,0.188245786378769,1819,982,228
"AD","Exp",444523,10000,10,10,2,1,0,0.9445,0.93860215531761,0.95039784468239,0.9911,0.989259186406395,0.992940813593605,0.998,0.997265069669969,0.998734930330031,9980,9911,9445
"AD","Exp",301000562,10000,10,10,2,0.5,0,0.5136,0.500724765451181,0.526475234548819,0.7973,0.789420587669528,0.805179412330472,0.8919,0.886792165334511,0.897007834665489,8919,7973,5136
"AD","Exp",56410,10000,10,10,2,0.25,0,0.1362,0.127364298971454,0.145035701028546,0.3631,0.353674490830602,0.372525509169398,0.5079,0.499676026708581,0.516123973291419,5079,3631,1362
"AD","Exp",308794588,10000,10,10,2,0.125,0,0.0368,0.0319501533683037,0.0416498466316963,0.1398,0.133003123541391,0.146596876458609,0.2387,0.231687545979347,0.245712454020653,2387,1398,368
"AD","Exp",492998,10000,10,10,2.5,1,0,0.9857,0.982641656543719,0.988758343456281,0.9986,0.997867148687386,0.999332851312614,0.9997,0.999415120383714,0.999984879616286,9997,9986,9857
"AD","Exp",5875196,10000,10,10,2.5,0.5,0,0.687,0.675054718299446,0.698945281700554,0.9013,0.895454127578402,0.907145872421598,0.9572,0.953870422471784,0.960529577528216,9572,9013,6870
"AD","Exp",1628491,10000,10,10,2.5,0.25,0,0.2242,0.213456679043874,0.234943320956126,0.493,0.483200960447064,0.502799039552936,0.6446,0.636726464959683,0.652473535040317,6446,4930,2242
"AD","Exp",85542,10000,10,10,2.5,0.125,0,0.0507,0.0450486581473976,0.0563513418526024,0.1779,0.170404400570041,0.185395599429959,0.2982,0.290674655194086,0.305725344805914,2982,1779,507
"AD","Exp",17266231,10000,10,10,5,1,0,1,1,1,1,1,1,1,1,1,10000,10000,10000
"AD","Exp",50495,10000,10,10,5,0.5,0,0.9838,0.980547953288365,0.987052046711635,0.9986,0.997867148687386,0.999332851312614,1,1,1,10000,9986,9838
"AD","Exp",33180,10000,10,10,5,0.25,0,0.681,0.668993546141912,0.693006453858088,0.9012,0.895351491368768,0.907048508631232,0.9589,0.955634321157711,0.962165678842289,9589,9012,6810
"AD","Exp",1284952,10000,10,10,5,0.12,0,0.203,0.192638490289461,0.213361509710539,0.4642,0.454425152421772,0.473974847578228,0.622,0.614023598719347,0.629976401280653,6220,4642,2030
"AD","Exp",450156,10000,10,10,0,1.5,1,0.0092,0.00674057959837363,0.0116594204016264,0.0515,0.0471681006890741,0.0558318993109259,0.1039,0.0988805987472633,0.108919401252737,1039,515,92
"AD","Exp",4877244,10000,10,10,0.5,1.5,0,0.3084,0.29650318972579,0.32029681027421,0.6023,0.592707312462422,0.611892687537578,0.7465,0.739344008926475,0.753655991073525,7465,6023,3084
"AD","Exp",28880644,10000,10,10,1,1.5,0,0.8042,0.79397803859628,0.81442196140372,0.9526,0.948435138816431,0.956764861183569,0.9845,0.982467925567462,0.986532074432538,9845,9526,8042
"AD","Exp",8753070,10000,10,10,1.5,1.5,0,0.9692,0.964749304118957,0.973650695881043,0.9969,0.995810410984637,0.997989589015363,0.9993,0.998864926265128,0.999735073734871,9993,9969,9692
"AD","Exp",37009542,10000,10,10,2,1.5,0,0.9968,0.995345127742592,0.998254872257408,0.9999,0.999704009800245,1.00009599019976,1,1,1,10000,9999,9968
"AD","Exp",1404599,10000,10,10,2.5,1.5,0,0.9997,0.999253890643434,1.00014610935657,1,1,1,1,1,1,10000,10000,9997
"AD","Exp",165329,10000,10,10,5,1.5,0,1,1,1,1,1,1,1,1,1,10000,10000,10000
"AD","Exp",79798329,10000,20,20,0,1,1,0.0092,0.00674057959837363,0.0116594204016264,0.0479,0.0437143287928458,0.0520856712071542,0.0989,0.0939892192707295,0.103810780729271,989,479,92
"AD","Exp",1858385,10000,20,20,0,0.5,1,0.0083,0.00596291202152422,0.0106370879784758,0.0519,0.0475522273768745,0.0562477726231255,0.1066,0.101523463901921,0.111676536098079,1066,519,83
"AD","Exp",123709721,10000,20,20,0,0.25,1,0.0107,0.00804965901805522,0.0133503409819448,0.0486,0.0443854056605173,0.0528145943394827,0.0966,0.0917404673028058,0.101459532697194,966,486,107
"AD","Exp",109034,10000,20,20,0,0.125,1,0.0107,0.00804965901805522,0.0133503409819448,0.0501,0.0458242345061498,0.0543757654938502,0.101,0.0960431424876743,0.105956857512326,1010,501,107
"AD","Exp",42811248,10000,20,20,0.5,1,0,0.4054,0.392752631187271,0.418047368812729,0.7037,0.694750151730359,0.712649848269641,0.8226,0.816315987176406,0.828884012823594,8226,7037,4054
"AD","Exp",1617635,10000,20,20,0.5,0.5,0,0.0923,0.0848437943652219,0.0997562056347781,0.2674,0.25872498508829,0.276075014911711,0.4039,0.39582834873858,0.411971651261419,4039,2674,923
"AD","Exp",1070469,10000,20,20,0.5,0.25,0,0.0266,0.0224549254297004,0.0307450745702995,0.102,0.0960680931092944,0.107931906890706,0.1848,0.178415175397993,0.191184824602007,1848,1020,266
"AD","Exp",51687580,10000,20,20,0.5,0.125,0,0.0115,0.00875347778774684,0.0142465222122532,0.069,0.0640322988978804,0.0739677011021196,0.1268,0.121326282336437,0.132273717663563,1268,690,115
"AD","Exp",1139659,10000,20,20,1,1,0,0.9338,0.927395255812864,0.940204744187136,0.9891,0.987064882816543,0.991135117183456,0.9975,0.996678528768383,0.998321471231617,9975,9891,9338
"AD","Exp",30750529,10000,20,20,1,0.5,0,0.4044,0.391757621844539,0.41704237815546,0.7053,0.696364207380115,0.714235792619886,0.8286,0.822400683982962,0.834799316017038,8286,7053,4044
"AD","Exp",84025,10000,20,20,1,0.25,0,0.0892,0.0818575703037253,0.0965424296962747,0.2639,0.255261383881292,0.272538616118708,0.4073,0.399217595701601,0.415382404298399,4073,2639,892
"AD","Exp",378723,10000,20,20,1,0.125,0,0.0238,0.0198735168427388,0.0277264831572612,0.1017,0.0957758336132752,0.107624166386725,0.1845,0.17811918621966,0.19088081378034,1845,1017,238
"AD","Exp",54103641,10000,20,20,1.5,1,0,0.9977,0.996466015334578,0.998933984665422,1,1,1,1,1,1,10000,10000,9977
"AD","Exp",1850487,10000,20,20,1.5,0.5,0,0.7467,0.735496943422443,0.757903056577557,0.9306,0.925618990951383,0.935581009048617,0.9713,0.96855347507261,0.97404652492739,9713,9306,7467
"AD","Exp",37288885,10000,20,20,1.5,0.25,0,0.2184,0.207756990469245,0.229043009530755,0.4892,0.479402286410718,0.498997713589282,0.643,0.635118561395437,0.650881438604563,6430,4892,2184
"AD","Exp",26040,10000,20,20,1.5,0.125,0,0.0504,0.0447645126418752,0.0560354873581248,0.1743,0.166864401909624,0.181735598090376,0.2848,0.277375800258721,0.292224199741279,2848,1743,504
"AD","Exp",31096,10000,20,20,2,1,0,0.9999,0.999642412880322,1.00015758711968,1,1,1,1,1,1,10000,10000,9999
"AD","Exp",2599530,10000,20,20,2,0.5,0,0.9287,0.922071300273006,0.935328699726994,0.9886,0.986519255285625,0.990680744714375,0.9968,0.995870937553014,0.997729062446986,9968,9886,9287
"AD","Exp",858828,10000,20,20,2,0.25,0,0.4062,0.393548677843757,0.418851322156243,0.7034,0.694447530982438,0.712352469017562,0.8282,0.821994952718319,0.834405047281681,8282,7034,4062
"AD","Exp",715796,10000,20,20,2,0.125,0,0.091,0.083591189333341,0.098408810666659,0.2646,0.255954048319913,0.273245951680087,0.3992,0.391143876216542,0.407256123783458,3992,2646,910
"AD","Exp",128680988,10000,20,20,2.5,1,0,1,1,1,1,1,1,1,1,1,10000,10000,10000
"AD","Exp",225417076,10000,20,20,2.5,0.5,0,0.9851,0.981979105035887,0.988220894964113,0.9982,0.997369191164226,0.999030808835774,0.9996,0.999271065806581,0.999928934193419,9996,9982,9851
"AD","Exp",37988408,10000,20,20,2.5,0.25,0,0.6045,0.591904446549929,0.617095553450071,0.855,0.848098823578548,0.861901176421452,0.9285,0.924261522547025,0.932738477452975,9285,8550,6045
"AD","Exp",66619,10000,20,20,2.5,0.125,0,0.1448,0.135735079790881,0.153864920209119,0.3788,0.369292271315945,0.388307728684055,0.5314,0.523191235064938,0.539608764935062,5314,3788,1448
"AD","Exp",419455,10000,20,20,5,1,0,1,1,1,1,1,1,1,1,1,10000,10000,10000
"AD","Exp",86630,10000,20,20,5,0.5,0,1,1,1,1,1,1,1,1,1,10000,10000,10000
"AD","Exp",217343956,10000,20,20,5,0.25,0,0.9853,0.982199806742086,0.988400193257914,0.9986,0.997867148687386,0.999332851312614,0.9997,0.999415120383714,0.999984879616286,9997,9986,9853
"AD","Exp",23258,10000,20,20,5,0.12,0,0.5598,0.547012450588197,0.572587549411803,0.8258,0.818366085086739,0.833233914913261,0.9142,0.909592873312801,0.918807126687199,9142,8258,5598
"AD","Exp",370741,10000,20,20,0,1.5,1,0.0103,0.00769914430765258,0.0129008556923474,0.0503,0.0460161595938224,0.0545838404061776,0.1035,0.0984891520558517,0.108510847944148,1035,503,103
"AD","Exp",95355437,10000,20,20,0.5,1.5,0,0.7536,0.742499650439995,0.764700349560005,0.9316,0.926652351226047,0.936547648773953,0.971,0.968239584125988,0.973760415874012,9710,9316,7536
"AD","Exp",5215146,10000,20,20,1,1.5,0,0.997,0.995591184681514,0.998408815318486,0.9998,0.999522841861747,1.00007715813825,1,1,1,10000,9998,9970
"AD","Exp",220815686,10000,20,20,1.5,1.5,0,0.9999,0.999642412880322,1.00015758711968,1,1,1,1,1,1,10000,10000,9999
"AD","Exp",203208,10000,20,20,2,1.5,0,1,1,1,1,1,1,1,1,1,10000,10000,10000
"AD","Exp",5817523,10000,20,20,2.5,1.5,0,1,1,1,1,1,1,1,1,1,10000,10000,10000
"AD","Exp",22276505,10000,20,20,5,1.5,0,1,1,1,1,1,1,1,1,1,10000,10000,10000
"AD","Exp",17638851,10000,100,100,0,1,1,0.0096,0.00708818996570521,0.0121118100342948,0.0508,0.0464960542129808,0.0551039457870192,0.1043,0.0992720686003312,0.109327931399669,1043,508,96
"AD","Exp",119698221,10000,100,100,0,0.5,1,0.01,0.00743691236201335,0.0125630876379867,0.0532,0.0488011311679478,0.0575988688320522,0.101,0.0960431424876743,0.105956857512326,1010,532,100
"AD","Exp",312787197,10000,100,100,0,0.25,1,0.0109,0.00822527455888572,0.0135747254411143,0.0515,0.0471681006890741,0.0558318993109259,0.104,0.0989784640437412,0.109021535956259,1040,515,109
"AD","Exp",178986036,10000,100,100,0,0.125,1,0.0102,0.00761166986137858,0.0127883301386214,0.052,0.0476482703025119,0.0563517296974881,0.1028,0.0978041764366223,0.107795823563378,1028,520,102
"AD","Exp",635897,10000,100,100,0.5,1,0,0.9997,0.999253890643434,1.00014610935657,1,1,1,1,1,1,10000,10000,9997
"AD","Exp",174199902,10000,100,100,0.5,0.5,0,0.8145,0.804487019739878,0.824512980260122,0.9631,0.959405080798935,0.966794919201065,0.9881,0.986316225986854,0.989883774013146,9881,9631,8145
"AD","Exp",55007,10000,100,100,0.5,0.25,0,0.1996,0.189303736056045,0.209896263943955,0.4713,0.46151615764387,0.48108384235613,0.6368,0.628888836692976,0.644711163307024,6368,4713,1996
"AD","Exp",197697,10000,100,100,0.5,0.125,0,0.0391,0.034106864703481,0.044093135296519,0.1466,0.139667348392541,0.153532651607459,0.2499,0.242777891048364,0.257022108951636,2499,1466,391
"AD","Exp",61163,10000,100,100,1,1,0,1,1,1,1,1,1,1,1,1,10000,10000,10000
"AD","Exp",30618,10000,100,100,1,0.5,0,0.9999,0.999642412880322,1.00015758711968,1,1,1,1,1,1,10000,10000,9999
"AD","Exp",306081237,10000,100,100,1,0.25,0,0.816,0.806018407182498,0.825981592817502,0.9626,0.95888109742553,0.96631890257447,0.9869,0.985029584363043,0.988770415636957,9869,9626,8160
"AD","Exp",299870,10000,100,100,1,0.125,0,0.2014,0.191069050354788,0.211730949645212,0.4656,0.455823221367833,0.475376778632167,0.6328,0.624870414726709,0.640729585273291,6328,4656,2014
"AD","Exp",82359730,10000,100,100,1.5,1,0,1,1,1,1,1,1,1,1,1,10000,10000,10000
"AD","Exp",1089938,10000,100,100,1.5,0.5,0,1,1,1,1,1,1,1,1,1,10000,10000,10000
"AD","Exp",201563896,10000,100,100,1.5,0.25,0,0.9924,0.990162845218179,0.994637154781821,0.9997,0.99936056896783,1.00003943103217,0.9999,0.999735508225206,1.00006449177479,9999,9997,9924
"AD","Exp",72679,10000,100,100,1.5,0.125,0,0.5194,0.506529698685172,0.532270301314828,0.8085,0.800787761126625,0.816212238873375,0.9079,0.903143201822867,0.912656798177133,9079,8085,5194
"AD","Exp",119415,10000,100,100,2,1,0,1,1,1,1,1,1,1,1,1,10000,10000,10000
"AD","Exp",77034172,10000,100,100,2,0.5,0,1,1,1,1,1,1,1,1,1,10000,10000,10000
"AD","Exp",932608,10000,100,100,2,0.25,0,0.9999,0.999642412880322,1.00015758711968,1,1,1,1,1,1,10000,10000,9999
"AD","Exp",1536989,10000,100,100,2,0.125,0,0.8146,0.804589104534419,0.824610895465581,0.9636,0.95992924703005,0.96727075296995,0.9893,0.987607526818595,0.990992473181405,9893,9636,8146
"AD","Exp",19635,10000,100,100,2.5,1,0,1,1,1,1,1,1,1,1,1,10000,10000,10000
"AD","Exp",75513255,10000,100,100,2.5,0.5,0,1,1,1,1,1,1,1,1,1,10000,10000,10000
"AD","Exp",28536,10000,100,100,2.5,0.25,0,1,1,1,1,1,1,1,1,1,10000,10000,10000
"AD","Exp",29558644,10000,100,100,2.5,0.125,0,0.9587,0.953574193019294,0.963825806980706,0.996,0.994762868867096,0.997237131132904,0.9992,0.998734909885721,0.999665090114279,9992,9960,9587
"AD","Exp",43546845,10000,100,100,5,1,0,1,1,1,1,1,1,1,1,1,10000,10000,10000
"AD","Exp",1146462,10000,100,100,5,0.5,0,1,1,1,1,1,1,1,1,1,10000,10000,10000
"AD","Exp",25570126,10000,100,100,5,0.25,0,1,1,1,1,1,1,1,1,1,10000,10000,10000
"AD","Exp",63099599,10000,100,100,5,0.12,0,1,1,1,1,1,1,1,1,1,10000,10000,10000
"AD","Exp",544824,10000,100,100,0,1.5,1,0.0095,0.00700118041435561,0.0119988195856444,0.0499,0.0456323282977249,0.0541676717022751,0.0992,0.0942825955815695,0.104117404418431,992,499,95
"AD","Exp",5665645,10000,100,100,0.5,1.5,0,1,1,1,1,1,1,1,1,1,10000,10000,10000
"AD","Exp",4140366,10000,100,100,1,1.5,0,1,1,1,1,1,1,1,1,1,10000,10000,10000
"AD","Exp",514511,10000,100,100,1.5,1.5,0,1,1,1,1,1,1,1,1,1,10000,10000,10000
"AD","Exp",2718136,10000,100,100,2,1.5,0,1,1,1,1,1,1,1,1,1,10000,10000,10000
"AD","Exp",55368166,10000,100,100,2.5,1.5,0,1,1,1,1,1,1,1,1,1,10000,10000,10000
"AD","Exp",277830049,10000,100,100,5,1.5,0,1,1,1,1,1,1,1,1,1,10000,10000,10000
"AD","Exp",5830365,10000,10,100,0,1,1,0.0095,0.00700118041435561,0.0119988195856444,0.0482,0.0440019032739109,0.0523980967260891,0.1007,0.0957496838681984,0.105650316131802,1007,482,95
"AD","Exp",2377599,10000,10,100,0,0.5,1,0.0105,0.00787428002833509,0.0131257199716649,0.0562,0.0516859723428406,0.0607140276571594,0.1098,0.104657066990919,0.114942933009081,1098,562,105
"AD","Exp",175051,10000,10,100,0,0.25,1,0.0107,0.00804965901805522,0.0133503409819448,0.0515,0.0471681006890741,0.0558318993109259,0.1028,0.0978041764366223,0.107795823563378,1028,515,107
"AD","Exp",15991695,10000,10,100,0,0.125,1,0.0109,0.00822527455888572,0.0135747254411143,0.05,0.0457282790353301,0.0542717209646699,0.0995,0.0945759857484594,0.104424014251541,995,500,109
"AD","Exp",22401879,10000,10,100,0.5,1,0,0.6073,0.594720077955182,0.619879922044818,0.7927,0.784754702717104,0.800645297282896,0.8676,0.862024681702396,0.873175318297604,8676,7927,6073
"AD","Exp",844209,10000,10,100,0.5,0.5,0,0.2241,0.21335838300859,0.23484161699141,0.4278,0.418102709894739,0.437497290105261,0.55,0.541816228329798,0.558183771670202,5500,4278,2241
"AD","Exp",6458809,10000,10,100,0.5,0.25,0,0.0705,0.0639057544606225,0.0770942455393775,0.1931,0.185363276679214,0.200836723320786,0.2965,0.288987053399672,0.304012946600328,2965,1931,705
"AD","Exp",17900896,10000,10,100,0.5,0.125,0,0.0291,0.0247700826783247,0.0334299173216753,0.0988,0.0929514913687676,0.104648508631232,0.1727,0.166482102146804,0.178917897853196,1727,988,291
"AD","Exp",1065633,10000,10,100,1,1,0,0.956,0.950716750226764,0.961283249773236,0.9871,0.984888273087743,0.989311726912257,0.9942,0.99295084371198,0.99544915628802,9942,9871,9560
"AD","Exp",287254506,10000,10,100,1,0.5,0,0.6073,0.594720077955182,0.619879922044818,0.7954,0.78749318314526,0.80330681685474,0.8688,0.863246168160414,0.874353831839586,8688,7954,6073
"AD","Exp",11990505,10000,10,100,1,0.25,0,0.2152,0.204613644123529,0.225786355876471,0.4136,0.403947422055927,0.423252577944073,0.5417,0.533503654654739,0.549896345345261,5417,4136,2152
"AD","Exp",94828957,10000,10,100,1,0.125,0,0.0693,0.0627578976703375,0.0758421023296625,0.193,0.185264800961837,0.200735199038163,0.293,0.28551297265415,0.30048702734585,2930,1930,693
"AD","Exp",36879,10000,10,100,1.5,1,0,0.9954,0.993656894823029,0.997143105176971,0.9989,0.998250299171618,0.999549700828382,0.9998,0.999567385133966,1.00003261486603,9998,9989,9954
"AD","Exp",229417445,10000,10,100,1.5,0.5,0,0.8488,0.839571641877763,0.858028358122237,0.9404,0.935759812696194,0.945040187303806,0.9696,0.966775776922125,0.972424223077875,9696,9404,8488
"AD","Exp",1094741,10000,10,100,1.5,0.25,0,0.4214,0.40868013977552,0.43411986022448,0.6392,0.629787440838029,0.648612559161971,0.7457,0.738536567813906,0.752863432186095,7457,6392,4214
"AD","Exp",110434130,10000,10,100,1.5,0.125,0,0.1407,0.131742943508196,0.149657056491804,0.3066,0.297562796428629,0.315637203571371,0.4248,0.416668557505682,0.432931442494318,4248,3066,1407
"AD","Exp",6631260,10000,10,100,2,1,0,0.9999,0.999642412880322,1.00015758711968,1,1,1,1,1,1,10000,10000,9999
"AD","Exp",16076289,10000,10,100,2,0.5,0,0.9536,0.948181389051583,0.959018610948417,0.9853,0.982941157303761,0.987658842696239,0.9938,0.992508747298202,0.995091252701798,9938,9853,9536
"AD","Exp",31318185,10000,10,100,2,0.25,0,0.6105,0.597938473356729,0.623061526643271,0.7957,0.787797492190349,0.803602507809651,0.8689,0.863347965620065,0.874452034379935,8689,7957,6105
"AD","Exp",40774392,10000,10,100,2,0.125,0,0.2241,0.21335838300859,0.23484161699141,0.4244,0.414712668721345,0.434087331278655,0.5516,0.543418916354932,0.559781083645068,5516,4244,2241
"AD","Exp",53041,10000,10,100,2.5,1,0,1,1,1,1,1,1,1,1,1,10000,10000,10000
"AD","Exp",6098645,10000,10,100,2.5,0.5,0,0.9872,0.984304300995266,0.990095699004734,0.9972,0.996164318492199,0.998235681507801,0.9987,0.998107272464133,0.999292727535867,9987,9972,9872
"AD","Exp",95575404,10000,10,100,2.5,0.25,0,0.7398,0.728497964468889,0.751102035531111,0.882,0.875676880820355,0.888323119179645,0.934,0.929915759494104,0.938084240505896,9340,8820,7398
"AD","Exp",500454,10000,10,100,2.5,0.125,0,0.3215,0.309468735535514,0.333531264464486,0.5364,0.526626003715654,0.546173996284345,0.6551,0.647280728387249,0.662919271612751,6551,5364,3215
"AD","Exp",64548,10000,10,100,5,1,0,1,1,1,1,1,1,1,1,1,10000,10000,10000
"AD","Exp",1576504,10000,10,100,5,0.5,0,0.9999,0.999642412880322,1.00015758711968,1,1,1,1,1,1,10000,10000,9999
"AD","Exp",75849,10000,10,100,5,0.25,0,0.9857,0.982641656543719,0.988758343456281,0.9971,0.996046039272838,0.998153960727162,0.9989,0.99835471537618,0.99944528462382,9989,9971,9857
"AD","Exp",273806,10000,10,100,5,0.12,0,0.7225,0.710965566271377,0.734034433728623,0.8672,0.8605485743103,0.8738514256897,0.9206,0.916152544219096,0.925047455780904,9206,8672,7225
"AD","Exp",133870581,10000,10,100,0,1.5,1,0.01,0.00743691236201335,0.0125630876379867,0.0529,0.0485128566453329,0.0572871433546671,0.1031,0.0980977286449079,0.108102271355092,1031,529,100
"AD","Exp",25280339,10000,10,100,0.5,1.5,0,0.8442,0.834857733342195,0.853542266657805,0.9403,0.935656168480059,0.944943831519941,0.9695,0.966671281513764,0.972328718486236,9695,9403,8442
"AD","Exp",796360,10000,10,100,1,1.5,0,0.9961,0.994494428567549,0.997705571432451,0.9993,0.998781614273345,0.999818385726655,0.9994,0.998997179837769,0.999802820162231,9994,9993,9961
"AD","Exp",241580849,10000,10,100,1.5,1.5,0,1,1,1,1,1,1,1,1,1,10000,10000,10000
"AD","Exp",224240,10000,10,100,2,1.5,0,1,1,1,1,1,1,1,1,1,10000,10000,10000
"AD","Exp",44934,10000,10,100,2.5,1.5,0,1,1,1,1,1,1,1,1,1,10000,10000,10000
"AD","Exp",139431,10000,10,100,5,1.5,0,1,1,1,1,1,1,1,1,1,10000,10000,10000
