"method","distribution","seed","N","n1","n2","delta","sd","null","power0.01","l_CI","u_CI","power0.05","l_CI","u_CI","power0.10","l_CI","u_CI"
"VW","Normal",56803862,1000,10,10,0,1,1,0.003,-0.00145506520895037,0.00745506520895037,0.036,0.0244536202037175,0.0475463797962825,0.106,0.0899864509523966,0.122013549047603
"VW","Normal",60053324,1000,10,10,0,3,1,0.011,0.00250349441805633,0.0194965055819437,0.058,0.0435124309285512,0.0724875690714488,0.1,0.0843941597470691,0.115605840252931
"VW","Normal",127570753,1000,10,10,0.5,1,0,0.036,0.0208247579820287,0.0511752420179712,0.154,0.131628164706489,0.176371835293511,0.275,0.251772565049601,0.298227434950399
"VW","Normal",196742,1000,10,10,1.5,1,0,0.587,0.546891175391742,0.627108824608258,0.864,0.842753744649939,0.885246255350061,0.935,0.922175855998352,0.947824144001648
"VW","Normal",19169271,1000,10,10,2,1,0,0.874,0.846967460418525,0.901032539581475,0.989,0.982535267491999,0.995464732508001,0.996,0.992716586593193,0.999283413406807
"VW","Normal",273540691,1000,10,10,2.5,1,0,0.988,0.979130176988462,0.996869823011537,1,1,1,1,1,1
"VW","Normal",255433783,1000,10,10,0.5,3,0,0.009,0.00130685460010016,0.0166931453998998,0.065,0.0497201688491005,0.0802798311508995,0.122,0.10497476655373,0.13902523344627
"VW","Normal",77053765,1000,10,10,1.5,3,0,0.049,0.0314153326496064,0.0665846673503936,0.177,0.153343928610186,0.200656071389814,0.287,0.26346839143248,0.31053160856752
"VW","Normal",27622,1000,10,10,2,3,0,0.075,0.0535440693513425,0.0964559306486575,0.253,0.226055096481895,0.279944903518105,0.399,0.373526443338729,0.424473556661271
"VW","Normal",18118,1000,10,10,2.5,3,0,0.134,0.106250369549416,0.161749630450584,0.388,0.357797169510127,0.418202830489873,0.536,0.510057771074944,0.561942228925056
"VW","Normal",1900368,1000,20,20,0,1,1,0.004,-0.00114168567534034,0.00914168567534034,0.047,0.0338824885896753,0.0601175114103247,0.099,0.0834637609449713,0.114536239055029
"VW","Normal",17398,1000,20,20,0,3,1,0.012,0.00313017698846251,0.0208698230115375,0.053,0.0391142610711565,0.0668857389288435,0.088,0.0732631501873704,0.10273684981263
"VW","Normal",17969,1000,20,20,0.5,1,0,0.156,0.126441704865402,0.185558295134598,0.329,0.299878396774903,0.358121603225097,0.462,0.436065491138254,0.487934508861746
"VW","Normal",235104505,1000,20,20,1.5,1,0,0.965,0.950029250706795,0.979970749293205,0.996,0.992087847855719,0.999912152144281,0.999,0.997355822705728,1.00064417729427
"VW","Normal",867075,1000,20,20,2,1,0,0.999,0.996425288322161,1.00157471167784,1,1,1,1,1,1
"VW","Normal",30758084,1000,20,20,2.5,1,0,1,1,1,1,1,1,1,1,1
"VW","Normal",6742068,1000,20,20,0.5,3,0,0.016,0.00577876439250127,0.0262212356074987,0.082,0.0649946984266671,0.099005301573333,0.149,0.130476467292252,0.167523532707748
"VW","Normal",59146,1000,20,20,1.5,3,0,0.122,0.0953392089011597,0.14866079109884,0.335,0.305745727833357,0.364254272166643,0.459,0.433077858460864,0.484922141539136
"VW","Normal",68100,1000,20,20,2,3,0,0.272,0.235751002490883,0.308248997509117,0.542,0.511119206331443,0.572880793668557,0.674,0.649616016791755,0.698383983208246
"VW","Normal",71480,1000,20,20,2.5,3,0,0.432,0.391648294066099,0.472351705933901,0.728,0.700419241025672,0.755580758974328,0.823,0.803145797226406,0.842854202773594
"VW","Normal",760381,1000,100,100,0,1,1,0.011,0.00250349441805633,0.0194965055819437,0.047,0.0338824885896753,0.0601175114103247,0.093,0.0778918593210481,0.108108140678952
"VW","Normal",209604708,1000,100,100,0,3,1,0.012,0.00313017698846251,0.0208698230115375,0.054,0.0399912779169547,0.0680087220830453,0.105,0.0890532542700713,0.120946745729929
"VW","Normal",44169250,1000,100,100,0.5,1,0,0.801,0.768477145595382,0.833522854404618,0.939,0.924166153351204,0.953833846648796,0.965,0.955439874772002,0.974560125227998
"VW","Normal",43219436,1000,100,100,1.5,1,0,1,1,1,1,1,1,1,1,1
"VW","Normal",98573631,1000,100,100,2,1,0,1,1,1,1,1,1,1,1,1
"VW","Normal",100576,1000,100,100,2.5,1,0,1,1,1,1,1,1,1,1,1
"VW","Normal",1429556,1000,100,100,0.5,3,0,0.08,0.0579003820485512,0.102099617951449,0.206,0.180933140156773,0.231066859843227,0.305,0.281049850744202,0.328950149255798
"VW","Normal",61874,1000,100,100,1.5,3,0,0.785,0.751534299732413,0.818465700267587,0.933,0.91750347595104,0.94849652404896,0.959,0.948685049831676,0.969314950168324
"VW","Normal",53773940,1000,100,100,2,3,0,0.975,0.962282019028163,0.987717980971837,0.996,0.992087847855719,0.999912152144281,0.998,0.995675946235562,1.00032405376444
"VW","Normal",5498757,1000,100,100,2.5,3,0,0.999,0.996425288322161,1.00157471167784,1,1,1,1,1,1
"VW","Normal",47593906,1000,10,100,0,1,1,0.01,0.00189480522134107,0.0181051947786589,0.058,0.0435124309285512,0.0724875690714488,0.101,0.0853250402241345,0.116674959775865
"VW","Normal",58403,1000,10,100,0,3,1,0.009,0.00130685460010016,0.0166931453998998,0.053,0.0391142610711565,0.0668857389288435,0.1,0.0843941597470691,0.115605840252931
"VW","Normal",1933491,1000,10,100,0.5,1,0,0.131,0.103515275077527,0.158484724922473,0.305,0.276463651950539,0.333536348049461,0.44,0.414178215398621,0.465821784601379
"VW","Normal",2179225,1000,10,100,1.5,1,0,0.961,0.945229703594922,0.976770296405078,0.992,0.986478502232184,0.997521497767816,0.998,0.995675946235562,1.00032405376444
"VW","Normal",140026111,1000,10,100,2,1,0,1,1,1,1,1,1,1,1,1
"VW","Normal",66506551,1000,10,100,2.5,1,0,1,1,1,1,1,1,1,1,1
"VW","Normal",60786003,1000,10,100,0.5,3,0,0.025,0.0122820190281633,0.0377179809718367,0.087,0.0695316821187614,0.104468317881239,0.144,0.125736499086977,0.162263500913023
"VW","Normal",65498,1000,10,100,1.5,3,0,0.11,0.0845119151288293,0.135488084871171,0.296,0.267706396934996,0.324293603065004,0.411,0.38540562901779,0.43659437098221
"VW","Normal",100088,1000,10,100,2,3,0,0.254,0.218540538927051,0.289459461072949,0.489,0.458017179495727,0.519982820504273,0.62,0.594750455647675,0.645249544352325
"VW","Normal",333727272,1000,10,100,2.5,3,0,0.415,0.374862729061382,0.455137270938618,0.657,0.627577076936511,0.686422923063489,0.771,0.749141979321654,0.792858020678346
