"method","distribution","seed","N","n1","n2","delta","scale","lambda3","lambda4","null","power0.01","l_CI","u_CI","power0.05","l_CI","u_CI","power0.10","l_CI","u_CI","ct_0.10","ct_0.05","ct_0.01"
"SmoothFixed_4_asymp","GLDLS",29118,10000,10,10,0,2,-0.002,-0.002,1,0.0025,0.00121361100750978,0.00378638899249022,0.0273,0.0241060592689281,0.0304939407310719,0.0727,0.0684288656000103,0.0769711343999897,727,273,25
"SmoothFixed_4_asymp","GLDLS",14382692,10000,10,10,0,2,-0.02,-0.02,1,0.0011,0.000246107482698203,0.0019538925173018,0.0271,0.0239174530554287,0.0302825469445713,0.0763,0.0719328949083203,0.0806671050916797,763,271,11
"SmoothFixed_4_asymp","GLDLS",27642082,10000,10,10,0,2,-0.05,-0.05,1,0.0013,0.000371813901280567,0.00222818609871943,0.0246,0.0215639074891565,0.0276360925108435,0.0706,0.0663862420307877,0.0748137579692123,706,246,13
"SmoothFixed_4_asymp","GLDLS",43693388,10000,10,10,0,2,-0.1,-0.1,1,0.0019,0.000778214849062442,0.00302178515093756,0.0274,0.0242003793914903,0.0305996206085097,0.0758,0.0714460495005226,0.0801539504994775,758,274,19
"SmoothFixed_4_asymp","GLDLS",46118441,10000,10,10,0,2,-0.2,-0.2,1,0.0015,0.000503068031207746,0.00249693196879225,0.0257,0.0225985200046429,0.0288014799953571,0.0734,0.069109972459867,0.0776900275401331,734,257,15
"SmoothFixed_4_asymp","GLDLS",25161,10000,10,10,0.5,2,-0.002,-0.002,0,0.0094,0.00691424141894994,0.0118857585810501,0.0794,0.0741009037504118,0.0846990962495882,0.1726,0.166383526935062,0.178816473064938,1726,794,94
"SmoothFixed_4_asymp","GLDLS",3085526,10000,10,10,0.5,2,-0.002,-0.02,0,0.0097,0.00717526898390819,0.0122247310160918,0.0791,0.07381006239447,0.08438993760553,0.1728,0.166580678120052,0.179019321879948,1728,791,97
"SmoothFixed_4_asymp","GLDLS",132311,10000,10,10,0.5,2,-0.002,-0.05,0,0.0093,0.00682737409756834,0.0117726259024317,0.0786,0.0733253767066832,0.0838746232933168,0.1634,0.157317937782701,0.169482062217299,1634,786,93
"SmoothFixed_4_asymp","GLDLS",3979629,10000,10,10,0.5,2,-0.002,-0.1,0,0.0084,0.00604899387398841,0.0107510061260116,0.0725,0.067417445622524,0.077582554377476,0.164,0.157908966823272,0.170091033176728,1640,725,84
"SmoothFixed_4_asymp","GLDLS",49721381,10000,10,10,0.5,2,-0.002,-0.2,0,0.0084,0.00604899387398841,0.0107510061260116,0.0719,0.0668368837044366,0.0769631162955634,0.1568,0.150818580938406,0.162781419061594,1568,719,84
"SmoothFixed_4_asymp","GLDLS",325558364,10000,10,10,1,2,-0.002,-0.002,0,0.0706,0.0640014343290633,0.0771985656709367,0.2991,0.290125871004359,0.308074128995641,0.4771,0.468883631073097,0.485316368926903,4771,2991,706
"SmoothFixed_4_asymp","GLDLS",91251834,10000,10,10,1,2,-0.002,-0.02,0,0.0691,0.0625666428844166,0.0756333571155834,0.2967,0.287746658428408,0.305653341571592,0.4787,0.470482466589555,0.486917533410445,4787,2967,691
"SmoothFixed_4_asymp","GLDLS",133007,10000,10,10,1,2,-0.002,-0.05,0,0.0692,0.0626622683076211,0.0757377316923789,0.2896,0.280709896308006,0.298490103691994,0.4678,0.459592073739129,0.476007926260871,4678,2896,692
"SmoothFixed_4_asymp","GLDLS",18478854,10000,10,10,1,2,-0.002,-0.1,0,0.0649,0.0585540413842333,0.0712459586157667,0.2767,0.26793160948762,0.28546839051238,0.4524,0.444212356585708,0.460587643414292,4524,2767,649
"SmoothFixed_4_asymp","GLDLS",55564,10000,10,10,1,2,-0.002,-0.2,0,0.0569,0.0509326588863662,0.0628673411136338,0.2548,0.246259324795217,0.263340675204783,0.4166,0.408490226077436,0.424709773922564,4166,2548,569
"SmoothFixed_4_asymp","GLDLS",43419,10000,10,10,1.5,2,-0.002,-0.002,0,0.2859,0.27426055016449,0.29753944983551,0.6669,0.657662089583548,0.676137910416452,0.8279,0.821690662317286,0.834109337682714,8279,6669,2859
"SmoothFixed_4_asymp","GLDLS",798699,10000,10,10,1.5,2,-0.002,-0.02,0,0.2804,0.268828745632163,0.291971254367837,0.6549,0.645582142890213,0.664217857109787,0.8113,0.804863606458833,0.817736393541167,8113,6549,2804
"SmoothFixed_4_asymp","GLDLS",2127656,10000,10,10,1.5,2,-0.002,-0.05,0,0.2656,0.254223040079386,0.276976959920614,0.6459,0.636526502303281,0.655273497696719,0.8087,0.802229808886379,0.815170191113621,8087,6459,2656
"SmoothFixed_4_asymp","GLDLS",8910236,10000,10,10,1.5,2,-0.002,-0.1,0,0.2493,0.238156023030938,0.260443976969062,0.6188,0.609280641781633,0.628319358218367,0.7864,0.779658007285557,0.793141992714443,7864,6188,2493
"SmoothFixed_4_asymp","GLDLS",134172908,10000,10,10,1.5,2,-0.002,-0.2,0,0.2189,0.208248223179699,0.229551776820301,0.5781,0.568420290612709,0.58777970938729,0.7486,0.741463694224664,0.755736305775336,7486,5781,2189
"SmoothFixed_4_asymp","GLDLS",162647835,10000,10,10,2,2,-0.002,-0.002,0,0.6043,0.591703346566878,0.616896653433122,0.9068,0.901102034920992,0.912497965079008,0.9661,0.963123013998861,0.969076986001139,9661,9068,6043
"SmoothFixed_4_asymp","GLDLS",2361364,10000,10,10,2,2,-0.002,-0.02,0,0.5908,0.578134162421066,0.603465837578934,0.9028,0.896993893750059,0.908606106249941,0.965,0.961976822956309,0.968023177043691,9650,9028,5908
"SmoothFixed_4_asymp","GLDLS",2342121,10000,10,10,2,2,-0.002,-0.05,0,0.5642,0.551426614700059,0.576973385299941,0.8824,0.876086175849899,0.888713824150101,0.9559,0.952522530562392,0.959277469437608,9559,8824,5642
"SmoothFixed_4_asymp","GLDLS",49240,10000,10,10,2,2,-0.002,-0.1,0,0.5286,0.515741087912801,0.541458912087199,0.8646,0.857893853770279,0.871306146229721,0.9449,0.941146515505031,0.948653484494969,9449,8646,5286
"SmoothFixed_4_asymp","GLDLS",101196,10000,10,10,2,2,-0.002,-0.2,0,0.4744,0.461536893151961,0.487263106848039,0.8308,0.8234514019257,0.8381485980743,0.9267,0.922412664489012,0.930987335510988,9267,8308,4744
"SmoothFixed_4_asymp","GLDLS",49649536,10000,10,10,2.5,2,-0.002,-0.002,0,0.8397,0.830249066736644,0.849150933263356,0.9836,0.981110642587654,0.986089357412346,0.9969,0.995985523504963,0.997814476495037,9969,9836,8397
"SmoothFixed_4_asymp","GLDLS",54872,10000,10,10,2.5,2,-0.002,-0.02,0,0.8309,0.821244115950999,0.840555884049001,0.9819,0.979287062698341,0.984512937301659,0.9962,0.995187882417947,0.997212117582053,9962,9819,8309
"SmoothFixed_4_asymp","GLDLS",2086056,10000,10,10,2.5,2,-0.002,-0.05,0,0.8148,0.804793277415932,0.824806722584068,0.9767,0.973743249862163,0.979656750137837,0.9944,0.993172446373636,0.995627553626364,9944,9767,8148
"SmoothFixed_4_asymp","GLDLS",104130574,10000,10,10,2.5,2,-0.002,-0.1,0,0.7816,0.770956990469245,0.792243009530755,0.9668,0.963288493844288,0.970311506155711,0.9915,0.989989844306247,0.993010155693753,9915,9668,7816
"SmoothFixed_4_asymp","GLDLS",24509682,10000,10,10,2.5,2,-0.002,-0.2,0,0.7086,0.696894466656461,0.720305533343539,0.945,0.94053158685885,0.94946841314115,0.9832,0.981085822346538,0.985314177653462,9832,9450,7086
"SmoothFixed_4_asymp","GLDLS",47450,10000,20,20,0,2,-0.002,-0.002,1,0.0048,0.00301958329256997,0.00658041670743003,0.0386,0.034824262593029,0.042375737406971,0.0943,0.0894925593373631,0.0991074406626369,943,386,48
"SmoothFixed_4_asymp","GLDLS",95949,10000,20,20,0,2,-0.02,-0.02,1,0.0052,0.00334725598592358,0.00705274401407642,0.0386,0.034824262593029,0.042375737406971,0.0859,0.0812904414184246,0.0905095585815754,859,386,52
"SmoothFixed_4_asymp","GLDLS",2501682,10000,20,20,0,2,-0.05,-0.05,1,0.0055,0.00359484814841441,0.00740515185158559,0.0387,0.0349195715309505,0.0424804284690495,0.0927,0.0879293096943131,0.0974706903056869,927,387,55
"SmoothFixed_4_asymp","GLDLS",162409154,10000,20,20,0,2,-0.1,-0.1,1,0.0042,0.0025340707064416,0.0058659292935584,0.0399,0.0360638043013423,0.0437361956986577,0.0909,0.0861711703131774,0.0956288296868226,909,399,42
"SmoothFixed_4_asymp","GLDLS",1641662,10000,20,20,0,2,-0.2,-0.2,1,0.0055,0.00359484814841441,0.00740515185158559,0.0391,0.035300875317866,0.042899124682134,0.0924,0.0876362481383263,0.0971637518616737,924,391,55
"SmoothFixed_4_asymp","GLDLS",23040549,10000,20,20,0.5,2,-0.002,-0.002,0,0.0592,0.0531206749289139,0.0652793250710861,0.2122,0.204186232295256,0.220213767704744,0.3482,0.340363223452981,0.356036776547019,3482,2122,592
"SmoothFixed_4_asymp","GLDLS",113866,10000,20,20,0.5,2,-0.002,-0.02,0,0.0554,0.0495071591559602,0.0612928408440398,0.213,0.204975218073991,0.221024781926009,0.3353,0.327534033400099,0.343065966599901,3353,2130,554
"SmoothFixed_4_asymp","GLDLS",28810,10000,20,20,0.5,2,-0.002,-0.05,0,0.0544,0.0485574957052935,0.0602425042947065,0.2087,0.200734961511104,0.216665038488896,0.3475,0.339666901914991,0.355333098085009,3475,2087,544
"SmoothFixed_4_asymp","GLDLS",132027826,10000,20,20,0.5,2,-0.002,-0.1,0,0.049,0.0434392399276358,0.0545607600723642,0.2004,0.192554126120412,0.208245873879588,0.3273,0.319581203010652,0.335018796989348,3273,2004,490
"SmoothFixed_4_asymp","GLDLS",23001,10000,20,20,0.5,2,-0.002,-0.2,0,0.0484,0.0428716471261917,0.0539283528738083,0.1852,0.177586189338209,0.192813810661791,0.3013,0.29375236586858,0.30884763413142,3013,1852,484
"SmoothFixed_4_asymp","GLDLS",69849,10000,20,20,1,2,-0.002,-0.002,0,0.4582,0.445365087819772,0.471034912180228,0.756,0.747581942608891,0.764418057391109,0.8618,0.856122944124998,0.867477055875002,8618,7560,4582
"SmoothFixed_4_asymp","GLDLS",52172,10000,20,20,1,2,-0.002,-0.02,0,0.4581,0.445265304190217,0.470934695809783,0.7478,0.739288201326065,0.756311798673935,0.855,0.84920794121771,0.86079205878229,8550,7478,4581
"SmoothFixed_4_asymp","GLDLS",139307636,10000,20,20,1,2,-0.002,-0.05,0,0.438,0.425219405033192,0.450780594966808,0.7387,0.730088876344541,0.747311123655459,0.8443,0.838335712041679,0.850264287958321,8443,7387,4380
"SmoothFixed_4_asymp","GLDLS",212485,10000,20,20,1,2,-0.002,-0.1,0,0.4134,0.400714659642952,0.426085340357048,0.714,0.705142968406966,0.722857031593034,0.8274,0.821183526935062,0.833616473064938,8274,7140,4134
"SmoothFixed_4_asymp","GLDLS",23405,10000,20,20,1,2,-0.002,-0.2,0,0.3693,0.356867830346887,0.381732169653113,0.6715,0.662294513047101,0.680705486952899,0.7969,0.790282060731619,0.803517939268381,7969,6715,3693
"SmoothFixed_4_asymp","GLDLS",942080,10000,20,20,1.5,2,-0.002,-0.002,0,0.9126,0.905324852426773,0.919875147573227,0.9848,0.982401985055593,0.987198014944407,0.995,0.993839720965673,0.996160279034327,9950,9848,9126
"SmoothFixed_4_asymp","GLDLS",176938563,10000,20,20,1.5,2,-0.002,-0.02,0,0.9103,0.902939041799574,0.917660958200426,0.9854,0.983049074978992,0.987750925021008,0.9955,0.99439898612662,0.99660101387338,9955,9854,9103
"SmoothFixed_4_asymp","GLDLS",156260,10000,20,20,1.5,2,-0.002,-0.05,0,0.8964,0.888549873407243,0.904250126592756,0.981,0.978324115428498,0.983675884571502,0.9938,0.992508747298202,0.995091252701798,9938,9810,8964
"SmoothFixed_4_asymp","GLDLS",1859678,10000,20,20,1.5,2,-0.002,-0.1,0,0.8776,0.869157231621356,0.886042768378644,0.9747,0.97162211906897,0.97777788093103,0.9906,0.989012626993079,0.992187373006921,9906,9747,8776
"SmoothFixed_4_asymp","GLDLS",415817,10000,20,20,1.5,2,-0.002,-0.2,0,0.833,0.823392141575065,0.842607858424935,0.9621,0.958357293394561,0.965842706605439,0.9843,0.982255065174688,0.986344934825312,9843,9621,8330
"SmoothFixed_4_asymp","GLDLS",35182398,10000,20,20,2,2,-0.002,-0.002,0,0.9976,0.996339538166772,0.998860461833228,0.9999,0.999704009800245,1.00009599019976,1,1,1,10000,9999,9976
"SmoothFixed_4_asymp","GLDLS",3686364,10000,20,20,2,2,-0.002,-0.02,0,0.9965,0.99497868715433,0.99802131284567,0.9995,0.99906184025744,0.99993815974256,0.9999,0.999735508225206,1.00006449177479,9999,9995,9965
"SmoothFixed_4_asymp","GLDLS",21419,10000,20,20,2,2,-0.002,-0.05,0,0.9952,0.99341958329257,0.99698041670743,0.9999,0.999704009800245,1.00009599019976,0.9999,0.999735508225206,1.00006449177479,9999,9999,9952
"SmoothFixed_4_asymp","GLDLS",420030,10000,20,20,2,2,-0.002,-0.1,0,0.9915,0.989135160445527,0.993864839554473,0.9994,0.998920044062022,0.999879955937978,0.9998,0.999567385133966,1.00003261486603,9998,9994,9915
"SmoothFixed_4_asymp","GLDLS",673007,10000,20,20,2,2,-0.002,-0.2,0,0.9821,0.978684531929415,0.985515468070585,0.9982,0.997369191164226,0.999030808835774,0.9995,0.999132258787495,0.999867741212506,9995,9982,9821
"SmoothFixed_4_asymp","GLDLS",2261034,10000,20,20,2.5,2,-0.002,-0.002,0,1,1,1,1,1,1,1,1,1,10000,10000,10000
"SmoothFixed_4_asymp","GLDLS",220181264,10000,20,20,2.5,2,-0.002,-0.02,0,0.9998,0.999435735018296,1.0001642649817,1,1,1,1,1,1,10000,10000,9998
"SmoothFixed_4_asymp","GLDLS",20229263,10000,20,20,2.5,2,-0.002,-0.05,0,0.9996,0.999084903050306,1.00011509694969,1,1,1,1,1,1,10000,10000,9996
"SmoothFixed_4_asymp","GLDLS",108349,10000,20,20,2.5,2,-0.002,-0.1,0,0.9998,0.999435735018296,1.0001642649817,1,1,1,1,1,1,10000,10000,9998
"SmoothFixed_4_asymp","GLDLS",185425396,10000,20,20,2.5,2,-0.002,-0.2,0,0.9994,0.998769200767229,1.00003079923277,1,1,1,1,1,1,10000,10000,9994
"SmoothFixed_4_asymp","GLDLS",81389,10000,100,100,0,2,-0.002,-0.002,1,0.0088,0.00639415390545114,0.0112058460945489,0.0488,0.0445771864817873,0.0530228135182127,0.104,0.0989784640437412,0.109021535956259,1040,488,88
"SmoothFixed_4_asymp","GLDLS",123746143,10000,100,100,0,2,-0.02,-0.02,1,0.0086,0.00622141025800917,0.0109785897419908,0.0504,0.0461121291840355,0.0546878708159645,0.0987,0.093793642789016,0.103606357210984,987,504,86
"SmoothFixed_4_asymp","GLDLS",95367,10000,100,100,0,2,-0.05,-0.05,1,0.0076,0.00536284521817913,0.00983715478182087,0.0435,0.0395019963431733,0.0474980036568267,0.0953,0.0904698051808674,0.100130194819133,953,435,76
"SmoothFixed_4_asymp","GLDLS",8329365,10000,100,100,0,2,-0.1,-0.1,1,0.0089,0.00648064499126234,0.0113193550087377,0.0494,0.0451526460822766,0.0536473539177234,0.1016,0.0966301002567859,0.106569899743214,1016,494,89
"SmoothFixed_4_asymp","GLDLS",2330949,10000,100,100,0,2,-0.2,-0.2,1,0.0082,0.00587691641085044,0.0105230835891496,0.0496,0.0453445046193892,0.0538554953806108,0.1005,0.0955540523305058,0.105445947669494,1005,496,82
"SmoothFixed_4_asymp","GLDLS",17750893,10000,100,100,0.5,2,-0.002,-0.002,0,0.7724,0.761599269738419,0.783200730261581,0.9146,0.909122270209804,0.920077729790196,0.9541,0.95065753769854,0.95754246230146,9541,9146,7724
"SmoothFixed_4_asymp","GLDLS",727816,10000,100,100,0.5,2,-0.002,-0.02,0,0.7623,0.751334626996545,0.773265373003455,0.9151,0.909636836550276,0.920563163449724,0.9537,0.950243295228578,0.957156704771422,9537,9151,7623
"SmoothFixed_4_asymp","GLDLS",90350666,10000,100,100,0.5,2,-0.002,-0.05,0,0.7387,0.727382523195683,0.750017476804317,0.8946,0.888581464539076,0.900618535460924,0.9433,0.939495633498363,0.947104366501637,9433,8946,7387
"SmoothFixed_4_asymp","GLDLS",260688,10000,100,100,0.5,2,-0.002,-0.1,0,0.716,0.704383867963285,0.727616132036715,0.8798,0.873426172817404,0.886173827182596,0.9298,0.925597291878336,0.934002708121664,9298,8798,7160
"SmoothFixed_4_asymp","GLDLS",312579683,10000,100,100,0.5,2,-0.002,-0.2,0,0.6569,0.644670580331084,0.669129419668916,0.852,0.845040040275979,0.858959959724021,0.9146,0.910002619640371,0.919197380359629,9146,8520,6569
"SmoothFixed_4_asymp","GLDLS",3376561,10000,100,100,1,2,-0.002,-0.002,0,1,1,1,1,1,1,1,1,1,10000,10000,10000
"SmoothFixed_4_asymp","GLDLS",68887274,10000,100,100,1,2,-0.002,-0.02,0,1,1,1,1,1,1,1,1,1,10000,10000,10000
"SmoothFixed_4_asymp","GLDLS",19924186,10000,100,100,1,2,-0.002,-0.05,0,1,1,1,1,1,1,1,1,1,10000,10000,10000
"SmoothFixed_4_asymp","GLDLS",301260,10000,100,100,1,2,-0.002,-0.1,0,0.9999,0.999642412880322,1.00015758711968,1,1,1,1,1,1,10000,10000,9999
"SmoothFixed_4_asymp","GLDLS",21108341,10000,100,100,1,2,-0.002,-0.2,0,0.9999,0.999642412880322,1.00015758711968,1,1,1,1,1,1,10000,10000,9999
"SmoothFixed_4_asymp","GLDLS",6631918,10000,100,100,1.5,2,-0.002,-0.002,0,1,1,1,1,1,1,1,1,1,10000,10000,10000
"SmoothFixed_4_asymp","GLDLS",75008,10000,100,100,1.5,2,-0.002,-0.02,0,1,1,1,1,1,1,1,1,1,10000,10000,10000
"SmoothFixed_4_asymp","GLDLS",62250,10000,100,100,1.5,2,-0.002,-0.05,0,1,1,1,1,1,1,1,1,1,10000,10000,10000
"SmoothFixed_4_asymp","GLDLS",12858767,10000,100,100,1.5,2,-0.002,-0.1,0,1,1,1,1,1,1,1,1,1,10000,10000,10000
"SmoothFixed_4_asymp","GLDLS",99253018,10000,100,100,1.5,2,-0.002,-0.2,0,1,1,1,1,1,1,1,1,1,10000,10000,10000
"SmoothFixed_4_asymp","GLDLS",690920,10000,100,100,2,2,-0.002,-0.002,0,1,1,1,1,1,1,1,1,1,10000,10000,10000
"SmoothFixed_4_asymp","GLDLS",12223518,10000,100,100,2,2,-0.002,-0.02,0,1,1,1,1,1,1,1,1,1,10000,10000,10000
"SmoothFixed_4_asymp","GLDLS",226899,10000,100,100,2,2,-0.002,-0.05,0,1,1,1,1,1,1,1,1,1,10000,10000,10000
"SmoothFixed_4_asymp","GLDLS",210983,10000,100,100,2,2,-0.002,-0.1,0,1,1,1,1,1,1,1,1,1,10000,10000,10000
"SmoothFixed_4_asymp","GLDLS",23427,10000,100,100,2,2,-0.002,-0.2,0,1,1,1,1,1,1,1,1,1,10000,10000,10000
"SmoothFixed_4_asymp","GLDLS",123249054,10000,100,100,2.5,2,-0.002,-0.002,0,1,1,1,1,1,1,1,1,1,10000,10000,10000
"SmoothFixed_4_asymp","GLDLS",84071,10000,100,100,2.5,2,-0.002,-0.02,0,1,1,1,1,1,1,1,1,1,10000,10000,10000
"SmoothFixed_4_asymp","GLDLS",69748,10000,100,100,2.5,2,-0.002,-0.05,0,1,1,1,1,1,1,1,1,1,10000,10000,10000
"SmoothFixed_4_asymp","GLDLS",1627887,10000,100,100,2.5,2,-0.002,-0.1,0,1,1,1,1,1,1,1,1,1,10000,10000,10000
"SmoothFixed_4_asymp","GLDLS",52495,10000,100,100,2.5,2,-0.002,-0.2,0,1,1,1,1,1,1,1,1,1,10000,10000,10000
"SmoothFixed_4_asymp","GLDLS",828724,10000,10,100,0,2,-0.002,-0.002,1,0.6431,0.630758771669624,0.655441228330376,0.787,0.778975218073991,0.795024781926009,0.844,0.838031029606373,0.849968970393627,8440,7870,6431
"SmoothFixed_4_asymp","GLDLS",63119,10000,10,100,0,2,-0.02,-0.02,1,0.642,0.629650343273046,0.654349656726954,0.7848,0.776745164007033,0.792854835992967,0.8409,0.834883094808627,0.846916905191373,8409,7848,6420
"SmoothFixed_4_asymp","GLDLS",1289440,10000,10,100,0,2,-0.05,-0.05,1,0.6384,0.626023253131532,0.650776746868468,0.7836,0.775528915145632,0.791671084854367,0.8429,0.836913926821114,0.848886073178886,8429,7836,6384
"SmoothFixed_4_asymp","GLDLS",2734441,10000,10,100,0,2,-0.1,-0.1,1,0.6356,0.623202703529363,0.647997296470637,0.783,0.774920828646451,0.791079171353549,0.8446,0.838640402242508,0.850559597757492,8446,7830,6356
"SmoothFixed_4_asymp","GLDLS",72838,10000,10,100,0,2,-0.2,-0.2,1,0.6333,0.620886162453974,0.645713837546026,0.7837,0.775630265349493,0.791769734650507,0.8431,0.83711702871142,0.84908297128858,8431,7837,6333
"SmoothFixed_4_asymp","GLDLS",1057536,10000,10,100,0.5,2,-0.002,-0.002,0,0.8561,0.847058541272256,0.865141458727744,0.9257,0.920559733804403,0.930840266195597,0.9491,0.945484396649662,0.952715603350338,9491,9257,8561
"SmoothFixed_4_asymp","GLDLS",1131053,10000,10,100,0.5,2,-0.002,-0.02,0,0.8559,0.846853317217027,0.864946682782973,0.9232,0.917981032657546,0.928418967342454,0.9476,0.943934408440702,0.951265591559298,9476,9232,8559
"SmoothFixed_4_asymp","GLDLS",27215020,10000,10,100,0.5,2,-0.002,-0.05,0,0.8597,0.850753603178954,0.868646396821046,0.931,0.926032298897881,0.93596770110212,0.9537,0.950243295228578,0.957156704771422,9537,9310,8597
"SmoothFixed_4_asymp","GLDLS",247522,10000,10,100,0.5,2,-0.002,-0.1,0,0.8499,0.840699315906074,0.859100684093926,0.9174,0.912004577447651,0.922795422552349,0.9434,0.939598788330663,0.947201211669337,9434,9174,8499
"SmoothFixed_4_asymp","GLDLS",2557227,10000,10,100,0.5,2,-0.002,-0.2,0,0.8532,0.844083370406703,0.862316629593297,0.9217,0.916434595428877,0.926965404571123,0.9457,0.941972286627868,0.949427713372132,9457,9217,8532
"SmoothFixed_4_asymp","GLDLS",296072263,10000,10,100,1,2,-0.002,-0.002,0,0.9929,0.990737143089989,0.995062856910011,0.9977,0.996761098624136,0.998638901375864,0.9991,0.998606722124989,0.999593277875011,9991,9977,9929
"SmoothFixed_4_asymp","GLDLS",32120531,10000,10,100,1,2,-0.002,-0.02,0,0.9913,0.988907741876081,0.993692258123919,0.9968,0.995693031978059,0.997906968021941,0.9982,0.997502714012833,0.998897285987167,9982,9968,9913
"SmoothFixed_4_asymp","GLDLS",46878402,10000,10,100,1,2,-0.002,-0.05,0,0.9909,0.988453859100758,0.993346140899242,0.9966,0.995459077956037,0.997740922043963,0.9987,0.998107272464133,0.999292727535867,9987,9966,9909
"SmoothFixed_4_asymp","GLDLS",6251669,10000,10,100,1,2,-0.002,-0.1,0,0.9909,0.988453859100758,0.993346140899242,0.9969,0.995810410984637,0.997989589015363,0.9981,0.997383642634591,0.998816357365409,9981,9969,9909
"SmoothFixed_4_asymp","GLDLS",2587326,10000,10,100,1,2,-0.002,-0.2,0,0.986,0.982973446648347,0.989026553351653,0.9949,0.993503853876415,0.996296146123585,0.9975,0.996678528768383,0.998321471231617,9975,9949,9860
"SmoothFixed_4_asymp","GLDLS",76345,10000,10,100,1.5,2,-0.002,-0.002,0,1,1,1,1,1,1,1,1,1,10000,10000,10000
"SmoothFixed_4_asymp","GLDLS",43083623,10000,10,100,1.5,2,-0.002,-0.02,0,1,1,1,1,1,1,1,1,1,10000,10000,10000
"SmoothFixed_4_asymp","GLDLS",28376885,10000,10,100,1.5,2,-0.002,-0.05,0,1,1,1,1,1,1,1,1,1,10000,10000,10000
"SmoothFixed_4_asymp","GLDLS",902431,10000,10,100,1.5,2,-0.002,-0.1,0,0.9998,0.999435735018296,1.0001642649817,0.9999,0.999704009800245,1.00009599019976,0.9999,0.999735508225206,1.00006449177479,9999,9999,9998
"SmoothFixed_4_asymp","GLDLS",23220,10000,10,100,1.5,2,-0.002,-0.2,0,0.9996,0.999084903050306,1.00011509694969,0.9997,0.99936056896783,1.00003943103217,0.9997,0.999415120383714,0.999984879616286,9997,9997,9996
"SmoothFixed_4_asymp","GLDLS",8461052,10000,10,100,2,2,-0.002,-0.002,0,1,1,1,1,1,1,1,1,1,10000,10000,10000
"SmoothFixed_4_asymp","GLDLS",3386247,10000,10,100,2,2,-0.002,-0.02,0,1,1,1,1,1,1,1,1,1,10000,10000,10000
"SmoothFixed_4_asymp","GLDLS",74983576,10000,10,100,2,2,-0.002,-0.05,0,1,1,1,1,1,1,1,1,1,10000,10000,10000
"SmoothFixed_4_asymp","GLDLS",3619881,10000,10,100,2,2,-0.002,-0.1,0,1,1,1,1,1,1,1,1,1,10000,10000,10000
"SmoothFixed_4_asymp","GLDLS",7555193,10000,10,100,2,2,-0.002,-0.2,0,1,1,1,1,1,1,1,1,1,10000,10000,10000
"SmoothFixed_4_asymp","GLDLS",85024388,10000,10,100,2.5,2,-0.002,-0.002,0,1,1,1,1,1,1,1,1,1,10000,10000,10000
"SmoothFixed_4_asymp","GLDLS",44642185,10000,10,100,2.5,2,-0.002,-0.02,0,1,1,1,1,1,1,1,1,1,10000,10000,10000
"SmoothFixed_4_asymp","GLDLS",148847502,10000,10,100,2.5,2,-0.002,-0.05,0,1,1,1,1,1,1,1,1,1,10000,10000,10000
"SmoothFixed_4_asymp","GLDLS",23964998,10000,10,100,2.5,2,-0.002,-0.1,0,1,1,1,1,1,1,1,1,1,10000,10000,10000
"SmoothFixed_4_asymp","GLDLS",497549,10000,10,100,2.5,2,-0.002,-0.2,0,1,1,1,1,1,1,1,1,1,10000,10000,10000
