"method","distribution","seed","N","n1","n2","delta","sd","g1","g2","h","null","power0.01","l_CI","u_CI","power0.05","l_CI","u_CI","power0.10","l_CI","u_CI","ct_0.10","ct_0.05","ct_0.01"
"CVM","ghEqualK",304817,10000,10,10,0,3,1,1,0.2,1,0.0093,0.00682737409756834,0.0117726259024317,0.0497,0.0454404410761676,0.0539595589238324,0.1001,0.0951628074279025,0.105037192572098,1001,497,93
"CVM","ghEqualK",960659,10000,10,10,0,3,3,3,0.2,1,0.0096,0.00708818996570521,0.0121118100342948,0.0497,0.0454404410761676,0.0539595589238324,0.0999,0.0949671940952461,0.104832805904754,999,497,96
"CVM","ghEqualK",109950918,10000,10,10,0,3,-3,-3,0.2,1,0.0093,0.00682737409756834,0.0117726259024317,0.0514,0.0470720803327234,0.0557279196672767,0.0976,0.092718083416362,0.102481916583638,976,514,93
"CVM","ghEqualK",243345,10000,10,10,0,3,-1,-1,0.2,1,0.0112,0.00848912745672984,0.0139108725432702,0.0534,0.0489933358750184,0.0578066641249816,0.1023,0.0973149521453877,0.107285047854612,1023,534,112
"CVM","ghEqualK",276668,10000,10,10,0.5,3,1,1,0.2,0,0.0162,0.012947953288365,0.019452046711635,0.0679,0.0629691452166587,0.0728308547833413,0.1242,0.118774632385552,0.129625367614448,1242,679,162
"CVM","ghEqualK",25429789,10000,10,10,0.5,3,3,3,0.2,0,0.0274,0.0231947843431015,0.0316052156568985,0.1238,0.117344676397763,0.130255323602237,0.2176,0.210812501155094,0.224387498844906,2176,1238,274
"CVM","ghEqualK",3005820,10000,10,10,0.5,3,1,3,0.2,0,0.0494,0.0438177634224207,0.0549822365775793,0.165,0.157724861238437,0.172275138761563,0.2816,0.274201130125648,0.288998869874352,2816,1650,494
"CVM","ghEqualK",55290317,10000,10,10,0.5,3,-1,1,0.2,0,0.0374,0.0325122994735536,0.0422877005264464,0.1371,0.130358523371367,0.143841476628633,0.238,0.230994617284545,0.245005382715455,2380,1371,374
"CVM","ghEqualK",583210,10000,10,10,0.5,3,-3,3,0.2,0,0.1292,0.120559550710111,0.137840449289889,0.3433,0.333993712154806,0.352606287845194,0.4953,0.487075363388527,0.503524636611473,4953,3433,1292
"CVM","ghEqualK",196243949,10000,10,10,0.5,3,-1,3,0.2,0,0.0838,0.0766622224047918,0.0909377775952082,0.2521,0.24358932001222,0.26061067998778,0.3847,0.376696675002802,0.392703324997198,3847,2521,838
"CVM","ghEqualK",144651,10000,10,10,0.5,3,1,-3,0.2,0,0.0215,0.0177636676199246,0.0252363323800754,0.098,0.0921726328964103,0.10382736710359,0.1997,0.19312370414323,0.20627629585677,1997,980,215
"CVM","ghEqualK",307714,10000,10,10,1,3,1,1,0.2,0,0.0296,0.0252341671115371,0.0339658328884629,0.1085,0.102404187302746,0.114595812697254,0.1844,0.178020524568932,0.190779475431068,1844,1085,296
"CVM","ghEqualK",323347297,10000,10,10,1,3,3,3,0.2,0,0.082,0.074932364793115,0.089067635206885,0.2346,0.226294528272615,0.242905471727385,0.3756,0.367633636093198,0.383566363906802,3756,2346,820
"CVM","ghEqualK",7548507,10000,10,10,1,3,1,3,0.2,0,0.0995,0.0917892032146088,0.107210796785391,0.2692,0.260506535831005,0.277893464168995,0.4143,0.406196717477172,0.422403282522828,4143,2692,995
"CVM","ghEqualK",26097,10000,10,10,1,3,-1,1,0.2,0,0.0769,0.0700366933400245,0.0837633066599755,0.2329,0.224615490372122,0.241184509627878,0.3527,0.344840020096541,0.360559979903459,3527,2329,769
"CVM","ghEqualK",107659654,10000,10,10,1,3,-3,3,0.2,0,0.2548,0.243575112587999,0.266024887412001,0.5312,0.521419098032922,0.540980901967078,0.6755,0.66779831185068,0.68320168814932,6755,5312,2548
"CVM","ghEqualK",59788,10000,10,10,1,3,-1,3,0.2,0,0.158,0.148604271736922,0.167395728263078,0.3883,0.378747676830341,0.397852323169659,0.5371,0.528897673195186,0.545302326804814,5371,3883,1580
"CVM","ghEqualK",641373,10000,10,10,1,3,1,-3,0.2,0,0.0164,0.0131282731152029,0.0196717268847971,0.0783,0.0730345954288773,0.0835654045711227,0.167,0.160864546929729,0.173135453070271,1670,783,164
"CVM","ghEqualK",3106749,10000,10,10,1.5,3,1,1,0.2,0,0.067,0.0605594333049335,0.0734405666950665,0.1958,0.188022420671083,0.203577579328917,0.3036,0.296036093232224,0.311163906767775,3036,1958,670
"CVM","ghEqualK",31470,10000,10,10,1.5,3,3,3,0.2,0,0.1421,0.133105827108956,0.151094172891044,0.3518,0.342440373847124,0.361159626152876,0.5226,0.514383406297796,0.530816593702204,5226,3518,1421
"CVM","ghEqualK",28990499,10000,10,10,1.5,3,1,3,0.2,0,0.1739,0.164136355440354,0.183663644559646,0.402,0.392390081823449,0.411609918176551,0.5607,0.552535834837855,0.568864165162145,5607,4020,1739
"CVM","ghEqualK",1545389,10000,10,10,1.5,3,-1,1,0.2,0,0.146,0.136903983867736,0.155096016132264,0.35,0.340651395826114,0.359348604173886,0.4852,0.476978603997593,0.493421396002407,4852,3500,1460
"CVM","ghEqualK",2007978,10000,10,10,1.5,3,-3,3,0.2,0,0.5307,0.517844301467918,0.543555698532082,0.7952,0.787290314181107,0.803109685818893,0.8802,0.874858232352872,0.885541767647128,8802,7952,5307
"CVM","ghEqualK",36030,10000,10,10,1.5,3,-1,3,0.2,0,0.2881,0.276433865361652,0.299766134638348,0.5751,0.565411174799884,0.584788825200116,0.7064,0.698908491558998,0.713891508441002,7064,5751,2881
"CVM","ghEqualK",3961600,10000,10,10,1.5,3,1,-3,0.2,0,0.0155,0.0123178579098978,0.0186821420901022,0.084,0.0785631988228371,0.0894368011771629,0.1681,0.161948439194808,0.174251560805192,1681,840,155
"CVM","ghEqualK",178633471,10000,10,10,2,3,1,1,0.2,0,0.12,0.111628990827863,0.128371009172137,0.3133,0.30420882971573,0.32239117028427,0.4418,0.433630910124873,0.449969089875127,4418,3133,1200
"CVM","ghEqualK",869048,10000,10,10,2,3,3,3,0.2,0,0.2032,0.192834688139888,0.213565311860112,0.4557,0.445938540588539,0.465461459411461,0.6292,0.621254337353977,0.637145662646023,6292,4557,2032
"CVM","ghEqualK",5760748,10000,10,10,2,3,1,3,0.2,0,0.263,0.251658840015871,0.274341159984129,0.5298,0.520017421068369,0.539582578931632,0.6906,0.682996048398162,0.698203951601838,6906,5298,2630
"CVM","ghEqualK",182245395,10000,10,10,2,3,-1,1,0.2,0,0.2589,0.247616332230241,0.270183667769759,0.5163,0.506505208908323,0.526094791091677,0.6515,0.643661652676146,0.659338347323854,6515,5163,2589
"CVM","ghEqualK",21570,10000,10,10,2,3,-3,3,0.2,0,0.94,0.933882338956758,0.946117661043242,0.9896,0.987611605357481,0.991588394642519,0.9962,0.995187882417947,0.997212117582053,9962,9896,9400
"CVM","ghEqualK",226263,10000,10,10,2,3,-1,3,0.2,0,0.4857,0.472825268740025,0.498574731259975,0.7562,0.747784280370069,0.764615719629931,0.8576,0.851851384214474,0.863348615785526,8576,7562,4857
"CVM","ghEqualK",1252012,10000,10,10,2,3,1,-3,0.2,0,0.0276,0.0233798987112364,0.0318201012887636,0.1063,0.100258864420525,0.112341135579475,0.2014,0.194802790308085,0.207997209691915,2014,1063,276
"CVM","ghEqualK",39734,10000,10,10,2.5,3,1,1,0.2,0,0.1914,0.181265934804596,0.201534065195404,0.4321,0.422390784537647,0.441809215462353,0.5698,0.561655539379683,0.577944460620317,5698,4321,1914
"CVM","ghEqualK",5241901,10000,10,10,2.5,3,3,3,0.2,0,0.2913,0.279595649536883,0.303004350463117,0.5588,0.549068001754542,0.568531998245458,0.7256,0.718259821981341,0.732940178018659,7256,5588,2913
"CVM","ghEqualK",161202327,10000,10,10,2.5,3,1,3,0.2,0,0.3659,0.353491881282848,0.378308118717152,0.6459,0.636526502303281,0.655273497696719,0.7884,0.781681117568554,0.795118882431446,7884,6459,3659
"CVM","ghEqualK",69315398,10000,10,10,2.5,3,-1,1,0.2,0,0.4134,0.400714659642952,0.426085340357048,0.6958,0.686782671558738,0.704817328441262,0.8055,0.798988838350619,0.812011161649381,8055,6958,4134
"CVM","ghEqualK",63738784,10000,10,10,2.5,3,-3,3,0.2,0,0.9938,0.991777953215908,0.995822046784092,0.9999,0.999704009800245,1.00009599019976,0.9999,0.999735508225206,1.00006449177479,9999,9999,9938
"CVM","ghEqualK",210964,10000,10,10,2.5,3,-1,3,0.2,0,0.708,0.696287383780145,0.719712616219854,0.9081,0.902437859197936,0.913762140802064,0.957,0.953663000827465,0.960336999172535,9570,9081,7080
"CVM","ghEqualK",258542298,10000,10,10,2.5,3,1,-3,0.2,0,0.042,0.0368328239517508,0.0471671760482492,0.1398,0.133003123541391,0.146596876458609,0.241,0.233964494424883,0.248035505575117,2410,1398,420
"CVM","ghEqualK",281048,10000,20,20,0,3,1,1,0.2,1,0.009,0.00656721381654696,0.011432786183453,0.047,0.0428518786710126,0.0511481213289874,0.0983,0.0934025084421946,0.103197491557805,983,470,90
"CVM","ghEqualK",194085,10000,20,20,0,3,3,3,0.2,1,0.0114,0.00866530694682127,0.0141346930531787,0.0515,0.0471681006890741,0.0558318993109259,0.0985,0.0935980725072299,0.10340192749277,985,515,114
"CVM","ghEqualK",633261,10000,20,20,0,3,-3,-3,0.2,1,0.0111,0.00840112023907993,0.0137988797609201,0.0533,0.0488972313599736,0.0577027686400264,0.1023,0.0973149521453877,0.107285047854612,1023,533,111
"CVM","ghEqualK",8930719,10000,20,20,0,3,-1,-1,0.2,1,0.0106,0.00796193954184822,0.0132380604581518,0.0493,0.0450567240295262,0.0535432759704738,0.0986,0.0936958568720825,0.103504143127917,986,493,106
"CVM","ghEqualK",174191420,10000,20,20,0.5,3,1,1,0.2,0,0.0201,0.016484779706045,0.023715220293955,0.0837,0.0782720274383892,0.0891279725616108,0.1548,0.148849806014221,0.160750193985779,1548,837,201
"CVM","ghEqualK",24980,10000,20,20,0.5,3,3,3,0.2,0,0.0775,0.0706122100032013,0.0843877899967987,0.2282,0.219974424773817,0.236425575226183,0.3603,0.352402562298076,0.368197437701924,3603,2282,775
"CVM","ghEqualK",1885591,10000,20,20,0.5,3,1,3,0.2,0,0.1176,0.10930183111701,0.12589816888299,0.3172,0.308078433747124,0.326321566252876,0.4694,0.461190417571941,0.477609582428059,4694,3172,1176
"CVM","ghEqualK",338636,10000,20,20,0.5,3,-1,1,0.2,0,0.0861,0.0788740197024968,0.0933259802975032,0.2624,0.253777197464954,0.271022802535046,0.3877,0.379685140151083,0.395714859848917,3877,2624,861
"CVM","ghEqualK",234953838,10000,20,20,0.5,3,-3,3,0.2,0,0.3861,0.37355864168266,0.39864135831734,0.6954,0.68637933896134,0.70442066103866,0.839,0.832954115854774,0.845045884145226,8390,6954,3861
"CVM","ghEqualK",192593614,10000,20,20,0.5,3,-1,3,0.2,0,0.2373,0.226340982990756,0.248259017009244,0.5149,0.505104352362483,0.524695647637517,0.68,0.672326467306384,0.687673532693616,6800,5149,2373
"CVM","ghEqualK",257207517,10000,20,20,0.5,3,1,-3,0.2,0,0.0433,0.0380570261231305,0.0485429738768695,0.1806,0.173060146212134,0.188139853787866,0.3417,0.333898101082507,0.349501898917493,3417,1806,433
"CVM","ghEqualK",51083049,10000,20,20,1,3,1,1,0.2,0,0.0645,0.0581722747776472,0.0708277252223528,0.1973,0.189499970495338,0.205100029504662,0.3009,0.293355218842672,0.308444781157328,3009,1973,645
"CVM","ghEqualK",22012,10000,20,20,1,3,3,3,0.2,0,0.2255,0.214734608137852,0.236265391862148,0.4831,0.473305599555746,0.492894400444254,0.6381,0.630194951002367,0.646005048997633,6381,4831,2255
"CVM","ghEqualK",61111926,10000,20,20,1,3,1,3,0.2,0,0.2731,0.261622586108497,0.284577413891503,0.5447,0.534939241128601,0.554460758871399,0.6968,0.689238907140472,0.704361092859528,6968,5447,2731
"CVM","ghEqualK",268181803,10000,20,20,1,3,-1,1,0.2,0,0.2065,0.19607252031954,0.21692747968046,0.4451,0.435359253728877,0.454840746271123,0.5852,0.577095290836285,0.593304709163715,5852,4451,2065
"CVM","ghEqualK",315707168,10000,20,20,1,3,-3,3,0.2,0,0.6526,0.640334527009225,0.664865472990775,0.8768,0.870358133863421,0.883241866136579,0.9425,0.938670513841992,0.946329486158008,9425,8768,6526
"CVM","ghEqualK",217914145,10000,20,20,1,3,-1,3,0.2,0,0.4327,0.419937207805026,0.445462792194974,0.7129,0.704032790386238,0.721767209613762,0.835,0.828894079967974,0.841105920032026,8350,7129,4327
"CVM","ghEqualK",20391,10000,20,20,1,3,1,-3,0.2,0,0.027,0.0228247338851757,0.0311752661148243,0.1316,0.124974114550462,0.138225885449538,0.2732,0.265869835700313,0.280530164299687,2732,1316,270
"CVM","ghEqualK",335330533,10000,20,20,1.5,3,1,1,0.2,0,0.1614,0.151922908953529,0.170877091046471,0.3713,0.361830211573134,0.380769788426866,0.5114,0.503177138119906,0.519622861880094,5114,3713,1614
"CVM","ghEqualK",20516057,10000,20,20,1.5,3,3,3,0.2,0,0.3964,0.383799513971187,0.409000486028813,0.6805,0.671360855009357,0.689639144990643,0.813,0.806585955357382,0.819414044642618,8130,6805,3964
"CVM","ghEqualK",45321345,10000,20,20,1.5,3,1,3,0.2,0,0.4573,0.444467053900304,0.470132946099696,0.7351,0.726450913074873,0.743749086925127,0.8462,0.840265548559479,0.852134451440521,8462,7351,4573
"CVM","ghEqualK",57903,10000,20,20,1.5,3,-1,1,0.2,0,0.3935,0.380915567674051,0.406084432325949,0.6652,0.655950358165118,0.674449641834882,0.7828,0.776017009305889,0.789582990694111,7828,6652,3935
"CVM","ghEqualK",88316441,10000,20,20,1.5,3,-3,3,0.2,0,0.924,0.917173648603947,0.930826351396053,0.9856,0.98326499580677,0.98793500419323,0.9956,0.994511233663452,0.996688766336548,9956,9856,9240
"CVM","ghEqualK",22939033,10000,20,20,1.5,3,-1,3,0.2,0,0.697,0.685161857539225,0.708838142460775,0.8983,0.892375833613275,0.904224166386725,0.9524,0.948897492515411,0.955902507484589,9524,8983,6970
"CVM","ghEqualK",5902129,10000,20,20,1.5,3,1,-3,0.2,0,0.0304,0.0259773868397537,0.0348226131602463,0.14,0.133199054183424,0.146800945816576,0.2803,0.272911552316232,0.287688447683768,2803,1400,304
"CVM","ghEqualK",9326422,10000,20,20,2,3,1,1,0.2,0,0.327,0.314915539482062,0.339084460517938,0.5859,0.576245707879373,0.595554292120627,0.7106,0.703140189982104,0.718059810017896,7106,5859,3270
"CVM","ghEqualK",1177103,10000,20,20,2,3,3,3,0.2,0,0.5485,0.535680737166654,0.561319262833346,0.8125,0.804849877451962,0.820150122548038,0.9057,0.900892559337363,0.910507440662637,9057,8125,5485
"CVM","ghEqualK",6534346,10000,20,20,2,3,1,3,0.2,0,0.6485,0.636201178069815,0.660798821930185,0.8664,0.859731647915234,0.873068352084766,0.9382,0.934238972531287,0.942161027468713,9382,8664,6485
"CVM","ghEqualK",26728,10000,20,20,2,3,-1,1,0.2,0,0.6227,0.610213845796463,0.635186154203537,0.8399,0.832712704052399,0.847087295947601,0.9089,0.904166491705302,0.913633508294698,9089,8399,6227
"CVM","ghEqualK",198720654,10000,20,20,2,3,-3,3,0.2,0,1,1,1,1,1,1,1,1,1,10000,10000,10000
"CVM","ghEqualK",1073296,10000,20,20,2,3,-1,3,0.2,0,0.9002,0.892478874107949,0.907921125892051,0.9787,0.975870102749286,0.981529897250714,0.993,0.991628519785961,0.994371480214039,9930,9787,9002
"CVM","ghEqualK",100136,10000,20,20,2,3,1,-3,0.2,0,0.0595,0.0534062625096251,0.0655937374903749,0.1982,0.190386584452264,0.206013415547736,0.3464,0.338572720073895,0.354227279926105,3464,1982,595
"CVM","ghEqualK",389584,10000,20,20,2.5,3,1,1,0.2,0,0.5079,0.495021607781948,0.520778392218052,0.7592,0.750819645073292,0.767580354926708,0.8494,0.843516516815432,0.855283483184568,8494,7592,5079
"CVM","ghEqualK",3370540,10000,20,20,2.5,3,3,3,0.2,0,0.7054,0.693656975753189,0.717143024246811,0.903,0.897199227761755,0.908800772238246,0.9573,0.953974140724899,0.960625859275101,9573,9030,7054
"CVM","ghEqualK",118456514,10000,20,20,2.5,3,1,3,0.2,0,0.791,0.780526128449594,0.801473871550406,0.9392,0.934516323369659,0.943883676630341,0.9755,0.97295690501566,0.97804309498434,9755,9392,7910
"CVM","ghEqualK",320103020,10000,20,20,2.5,3,-1,1,0.2,0,0.8372,0.827689843390248,0.846710156609752,0.9531,0.948956076518274,0.957243923481726,0.9796,0.977274558737874,0.981925441262126,9796,9531,8372
"CVM","ghEqualK",94580056,10000,20,20,2.5,3,-3,3,0.2,0,1,1,1,1,1,1,1,1,1,10000,10000,10000
"CVM","ghEqualK",1262158,10000,20,20,2.5,3,-1,3,0.2,0,0.9814,0.977919630471702,0.984880369528298,0.9978,0.996881690321515,0.998718309678485,0.9991,0.998606722124989,0.999593277875011,9991,9978,9814
"CVM","ghEqualK",114563929,10000,20,20,2.5,3,1,-3,0.2,0,0.1089,0.100875406893162,0.116924593106838,0.296,0.287052777110187,0.304947222889813,0.4504,0.442215569686679,0.458584430313321,4504,2960,1089
"CVM","ghEqualK",30445768,10000,100,100,0,3,1,1,0.2,1,0.0106,0.00796193954184822,0.0132380604581518,0.0507,0.0464000659817155,0.0549999340182845,0.1031,0.0980977286449079,0.108102271355092,1031,507,106
"CVM","ghEqualK",1072231,10000,100,100,0,3,3,3,0.2,1,0.0093,0.00682737409756834,0.0117726259024317,0.0512,0.0468800532862546,0.0555199467137454,0.1027,0.0977063286343838,0.107693671365616,1027,512,93
"CVM","ghEqualK",1430586,10000,100,100,0,3,-3,-3,0.2,1,0.009,0.00656721381654696,0.011432786183453,0.0531,0.048705035310449,0.057494964689551,0.1038,0.0987827348983834,0.108817265101617,1038,531,90
"CVM","ghEqualK",20529806,10000,100,100,0,3,-1,-1,0.2,1,0.0103,0.00769914430765258,0.0129008556923474,0.0487,0.0444812936141988,0.0529187063858012,0.0956,0.0907630107157861,0.100436989284214,956,487,103
"CVM","ghEqualK",3962033,10000,100,100,0.5,3,1,1,0.2,0,0.0967,0.0890866621790481,0.104313337820952,0.2479,0.239436848231634,0.256363151768366,0.368,0.360066800957999,0.375933199042001,3680,2479,967
"CVM","ghEqualK",30950,10000,100,100,0.5,3,3,3,0.2,0,0.7131,0.701448378961532,0.724751621038468,0.9352,0.930375016601728,0.940024983398272,0.9799,0.977591367475328,0.982208632524672,9799,9352,7131
"CVM","ghEqualK",1807594,10000,100,100,0.5,3,1,3,0.2,0,0.9042,0.89661840005308,0.91178159994692,0.9917,0.989921780885942,0.993478219114058,0.9985,0.99786337224819,0.99913662775181,9985,9917,9042
"CVM","ghEqualK",50419,10000,100,100,0.5,3,-1,1,0.2,0,0.7729,0.762107648553221,0.783692351446779,0.9622,0.958462040018192,0.965937959981808,0.9908,0.989229446210918,0.992370553789082,9908,9622,7729
"CVM","ghEqualK",320109690,10000,100,100,0.5,3,-3,3,0.2,0,1,1,1,1,1,1,1,1,1,10000,10000,10000
"CVM","ghEqualK",872221,10000,100,100,0.5,3,-1,3,0.2,0,0.9987,0.997771813901281,0.99962818609872,1,1,1,1,1,1,10000,10000,9987
"CVM","ghEqualK",37517,10000,100,100,0.5,3,1,-3,0.2,0,0.8622,0.853320786948946,0.871079213051054,0.9989,0.998250299171618,0.999549700828382,1,1,1,10000,9989,8622
"CVM","ghEqualK",138122,10000,100,100,1,3,1,1,0.2,0,0.4998,0.4869200010304,0.5126799989696,0.7494,0.740906172258493,0.757893827741507,0.85,0.844126175117524,0.855873824882476,8500,7494,4998
"CVM","ghEqualK",277370001,10000,100,100,1,3,3,3,0.2,0,0.9927,0.990507112764026,0.994892887235974,0.9999,0.999704009800245,1.00009599019976,1,1,1,10000,9999,9927
"CVM","ghEqualK",1253806,10000,100,100,1,3,1,3,0.2,0,0.9965,0.99497868715433,0.99802131284567,1,1,1,1,1,1,10000,10000,9965
"CVM","ghEqualK",17752,10000,100,100,1,3,-1,1,0.2,0,0.9708,0.966462872711675,0.975137127288325,0.9984,0.997616627451081,0.999183372548919,0.9998,0.999567385133966,1.00003261486603,9998,9984,9708
"CVM","ghEqualK",202364178,10000,100,100,1,3,-3,3,0.2,0,1,1,1,1,1,1,1,1,1,10000,10000,10000
"CVM","ghEqualK",34759688,10000,100,100,1,3,-1,3,0.2,0,1,1,1,1,1,1,1,1,1,10000,10000,10000
"CVM","ghEqualK",122586667,10000,100,100,1,3,1,-3,0.2,0,0.7185,0.706914935808275,0.730085064191725,0.9958,0.994532445102727,0.997067554897273,0.9998,0.999567385133966,1.00003261486603,9998,9958,7185
"CVM","ghEqualK",19099562,10000,100,100,1.5,3,1,1,0.2,0,0.9041,0.896514863565331,0.911685136434669,0.9783,0.975444238298177,0.981155761701823,0.993,0.991628519785961,0.994371480214039,9930,9783,9041
"CVM","ghEqualK",3199026,10000,100,100,1.5,3,3,3,0.2,0,0.9999,0.999642412880322,1.00015758711968,1,1,1,1,1,1,10000,10000,9999
"CVM","ghEqualK",1678036,10000,100,100,1.5,3,1,3,0.2,0,1,1,1,1,1,1,1,1,1,10000,10000,10000
"CVM","ghEqualK",6080410,10000,100,100,1.5,3,-1,1,0.2,0,0.9994,0.998769200767229,1.00003079923277,1,1,1,1,1,1,10000,10000,9994
"CVM","ghEqualK",3785825,10000,100,100,1.5,3,-3,3,0.2,0,1,1,1,1,1,1,1,1,1,10000,10000,10000
"CVM","ghEqualK",27884,10000,100,100,1.5,3,-1,3,0.2,0,1,1,1,1,1,1,1,1,1,10000,10000,10000
"CVM","ghEqualK",120555755,10000,100,100,1.5,3,1,-3,0.2,0,0.7126,0.700942319471,0.724257680529,0.9944,0.992937382913268,0.995862617086732,0.9999,0.999735508225206,1.00006449177479,9999,9944,7126
"CVM","ghEqualK",156338119,10000,100,100,2,3,1,1,0.2,0,0.9947,0.992829619989089,0.996570380010911,0.9991,0.998512264659562,0.999687735340438,1,1,1,10000,9991,9947
"CVM","ghEqualK",30023,10000,100,100,2,3,3,3,0.2,0,1,1,1,1,1,1,1,1,1,10000,10000,10000
"CVM","ghEqualK",251846449,10000,100,100,2,3,1,3,0.2,0,1,1,1,1,1,1,1,1,1,10000,10000,10000
"CVM","ghEqualK",356108494,10000,100,100,2,3,-1,1,0.2,0,1,1,1,1,1,1,1,1,1,10000,10000,10000
"CVM","ghEqualK",128959,10000,100,100,2,3,-3,3,0.2,0,1,1,1,1,1,1,1,1,1,10000,10000,10000
"CVM","ghEqualK",127584172,10000,100,100,2,3,-1,3,0.2,0,1,1,1,1,1,1,1,1,1,10000,10000,10000
"CVM","ghEqualK",126511471,10000,100,100,2,3,1,-3,0.2,0,0.8155,0.805507917143978,0.825492082856022,0.9958,0.994532445102727,0.997067554897273,0.9998,0.999567385133966,1.00003261486603,9998,9958,8155
"CVM","ghEqualK",15745357,10000,100,100,2.5,3,1,1,0.2,0,0.9998,0.999435735018296,1.0001642649817,1,1,1,1,1,1,10000,10000,9998
"CVM","ghEqualK",1089809,10000,100,100,2.5,3,3,3,0.2,0,1,1,1,1,1,1,1,1,1,10000,10000,10000
"CVM","ghEqualK",2897905,10000,100,100,2.5,3,1,3,0.2,0,1,1,1,1,1,1,1,1,1,10000,10000,10000
"CVM","ghEqualK",1735197,10000,100,100,2.5,3,-1,1,0.2,0,1,1,1,1,1,1,1,1,1,10000,10000,10000
"CVM","ghEqualK",24909,10000,100,100,2.5,3,-3,3,0.2,0,1,1,1,1,1,1,1,1,1,10000,10000,10000
"CVM","ghEqualK",19896,10000,100,100,2.5,3,-1,3,0.2,0,1,1,1,1,1,1,1,1,1,10000,10000,10000
"CVM","ghEqualK",4206003,10000,100,100,2.5,3,1,-3,0.2,0,0.9169,0.909789381851789,0.924010618148211,0.9979,0.997002758753512,0.998797241246488,0.9998,0.999567385133966,1.00003261486603,9998,9979,9169
"CVM","ghEqualK",104774967,10000,10,100,0,3,1,1,0.2,1,0.0121,0.00928359545455842,0.0149164045454416,0.0524,0.0480324866527508,0.0567675133472492,0.1013,0.0963366146349719,0.106263385365028,1013,524,121
"CVM","ghEqualK",1337623,10000,10,100,0,3,3,3,0.2,1,0.0105,0.00787428002833509,0.0131257199716649,0.0489,0.0446730842489588,0.0531269157510412,0.0968,0.0919359778340966,0.101664022165903,968,489,105
"CVM","ghEqualK",573727,10000,10,100,0,3,-3,-3,0.2,1,0.0094,0.00691424141894994,0.0118857585810501,0.046,0.0418940923731774,0.0501059076268226,0.0965,0.0916427144288837,0.101357285571116,965,460,94
"CVM","ghEqualK",69113,10000,10,100,0,3,-1,-1,0.2,1,0.0094,0.00691424141894994,0.0118857585810501,0.0458,0.0417025985530339,0.0498974014469661,0.0984,0.0935002896965637,0.103299710303436,984,458,94
"CVM","ghEqualK",104782947,10000,10,100,0.5,3,1,1,0.2,0,0.0239,0.0199654781130226,0.0278345218869774,0.0908,0.0851684400831031,0.0964315599168969,0.1627,0.156628440933518,0.168771559066482,1627,908,239
"CVM","ghEqualK",25836,10000,10,100,0.5,3,3,3,0.2,0,0.1085,0.100488360455038,0.116511639544962,0.2531,0.244578160044779,0.261621839955221,0.3566,0.348720528301015,0.364479471698985,3566,2531,1085
"CVM","ghEqualK",75685,10000,10,100,0.5,3,1,3,0.2,0,0.1492,0.140022085429994,0.158377914570006,0.3105,0.301431112617305,0.319568887382695,0.4395,0.431335433128489,0.447664566871511,4395,3105,1492
"CVM","ghEqualK",174950611,10000,10,100,0.5,3,-1,1,0.2,0,0.0887,0.081376168333976,0.096023831666024,0.234,0.225701905336766,0.242298094663234,0.3474,0.339567428932522,0.355232571067478,3474,2340,887
"CVM","ghEqualK",8266152,10000,10,100,0.5,3,-3,3,0.2,0,0.3183,0.306300564241201,0.330299435758799,0.6199,0.610385941349855,0.629414058650145,0.8064,0.799900292120287,0.812899707879713,8064,6199,3183
"CVM","ghEqualK",27170,10000,10,100,0.5,3,-1,3,0.2,0,0.2193,0.208641225746467,0.229958774253533,0.4424,0.432665245287199,0.452134754712801,0.5802,0.572081496511308,0.588318503488692,5802,4424,2193
"CVM","ghEqualK",11113412,10000,10,100,0.5,3,1,-3,0.2,0,0.0625,0.0562644968126061,0.0687355031873939,0.1807,0.173158519280566,0.188241480719434,0.3016,0.294050230608979,0.309149769391021,3016,1807,625
"CVM","ghEqualK",1487599,10000,10,100,1,3,1,1,0.2,0,0.0843,0.0771429137142706,0.0914570862857294,0.2114,0.203397292397794,0.219402707602206,0.3123,0.304676552627074,0.319923447372926,3123,2114,843
"CVM","ghEqualK",62540,10000,10,100,1,3,3,3,0.2,0,0.2478,0.236678504915057,0.258921495084943,0.4475,0.437754172226024,0.457245827773976,0.5788,0.570677787554342,0.586922212445658,5788,4475,2478
"CVM","ghEqualK",959291,10000,10,100,1,3,1,3,0.2,0,0.2844,0.272778937934454,0.296021062065546,0.4891,0.479302328952736,0.498897671047264,0.6232,0.615228591384805,0.631171408615195,6232,4891,2844
"CVM","ghEqualK",514407,10000,10,100,1,3,-1,1,0.2,0,0.171,0.161301129086414,0.180698870913586,0.3866,0.377055374735989,0.396144625264011,0.5281,0.51988799935704,0.53631200064296,5281,3866,1710
"CVM","ghEqualK",147007543,10000,10,100,1,3,-3,3,0.2,0,0.5722,0.559454990147371,0.584945009852629,0.8551,0.848200800278409,0.861999199721591,0.9469,0.94321136892127,0.95058863107873,9469,8551,5722
"CVM","ghEqualK",61444246,10000,10,100,1,3,-1,3,0.2,0,0.3992,0.386584452968883,0.411815547031117,0.6379,0.628480092572939,0.647319907427061,0.7648,0.757823164221626,0.771776835778374,7648,6379,3992
"CVM","ghEqualK",14006695,10000,10,100,1,3,1,-3,0.2,0,0.0351,0.0303593207742957,0.0398406792257043,0.1361,0.129379263459531,0.142820736540469,0.2642,0.256947091465357,0.271452908534643,2642,1361,351
"CVM","ghEqualK",228840,10000,10,100,1.5,3,1,1,0.2,0,0.1806,0.170690477878804,0.190509522121196,0.3631,0.353674490830602,0.372525509169398,0.4801,0.471881516946299,0.488318483053701,4801,3631,1806
"CVM","ghEqualK",49077383,10000,10,100,1.5,3,3,3,0.2,0,0.3771,0.364615151107731,0.389584848892269,0.5998,0.590197200875078,0.609402799124922,0.7358,0.728547091465357,0.743052908534643,7358,5998,3771
"CVM","ghEqualK",47238732,10000,10,100,1.5,3,1,3,0.2,0,0.4239,0.4111700556652,0.4366299443348,0.6425,0.633106430337726,0.651893569662274,0.7656,0.758631397885831,0.772568602114169,7656,6425,4239
"CVM","ghEqualK",30318014,10000,10,100,1.5,3,-1,1,0.2,0,0.3427,0.330473990552691,0.354926009447309,0.608,0.59843134503914,0.61756865496086,0.7499,0.742775991565911,0.757024008434089,7499,6080,3427
"CVM","ghEqualK",123617,10000,10,100,1.5,3,-3,3,0.2,0,0.9064,0.898896848225612,0.913903151774388,0.9862,0.983913463630379,0.988486536369621,0.9961,0.995074703025473,0.997125296974527,9961,9862,9064
"CVM","ghEqualK",685828,10000,10,100,1.5,3,-1,3,0.2,0,0.6144,0.601861661949809,0.626938338050191,0.8229,0.815417635116195,0.830382364883805,0.9014,0.896495856872083,0.906304143127917,9014,8229,6144
"CVM","ghEqualK",131797849,10000,10,100,1.5,3,1,-3,0.2,0,0.0357,0.0309204605551815,0.0404795394448185,0.1362,0.129477184000019,0.142922815999981,0.2632,0.25595591306855,0.27044408693145,2632,1362,357
"CVM","ghEqualK",18265,10000,10,100,2,3,1,1,0.2,0,0.3178,0.305805596280548,0.329794403719453,0.5419,0.532134470579513,0.551665529420487,0.6554,0.647582340380197,0.663217659619803,6554,5419,3178
"CVM","ghEqualK",3555117,10000,10,100,2,3,3,3,0.2,0,0.4955,0.482620521650564,0.508379478349436,0.7092,0.700299023879506,0.718100976120494,0.8333,0.827168956561582,0.839431043438419,8333,7092,4955
"CVM","ghEqualK",15015644,10000,10,100,2,3,1,3,0.2,0,0.5624,0.549620696885815,0.575179303114185,0.7549,0.746469129088973,0.763330870911027,0.8542,0.848394702938531,0.860005297061469,8542,7549,5624
"CVM","ghEqualK",127030,10000,10,100,2,3,-1,1,0.2,0,0.5681,0.555340024064033,0.580859975935967,0.8158,0.808202114669357,0.823397885330643,0.9037,0.898847213475561,0.908552786524439,9037,8158,5681
"CVM","ghEqualK",38546,10000,10,100,2,3,-3,3,0.2,0,0.9996,0.999084903050306,1.00011509694969,1,1,1,1,1,1,10000,10000,9996
"CVM","ghEqualK",1373038,10000,10,100,2,3,-1,3,0.2,0,0.8207,0.810818378379933,0.830581621620067,0.9406,0.935967112215648,0.945232887784352,0.9724,0.969705098361795,0.975094901638205,9724,9406,8207
"CVM","ghEqualK",36757906,10000,10,100,2,3,1,-3,0.2,0,0.0548,0.0489372956407392,0.0606627043592608,0.1888,0.181129546573403,0.196470453426597,0.339,0.331213066226203,0.346786933773797,3390,1888,548
"CVM","ghEqualK",182165,10000,10,100,2.5,3,1,1,0.2,0,0.472,0.459140211698414,0.484859788301586,0.6852,0.676097050983687,0.694302949016313,0.7803,0.773488986608017,0.787111013391983,7803,6852,4720
"CVM","ghEqualK",249297848,10000,10,100,2.5,3,3,3,0.2,0,0.5943,0.581651144604045,0.606948855395955,0.7834,0.775326216842743,0.791473783157257,0.8853,0.880058050371687,0.890541949628313,8853,7834,5943
"CVM","ghEqualK",13357183,10000,10,100,2.5,3,1,3,0.2,0,0.6684,0.656272498409988,0.680527501590012,0.8427,0.83556396568719,0.84983603431281,0.9189,0.914409337100051,0.923390662899949,9189,8427,6684
"CVM","ghEqualK",8077452,10000,10,100,2.5,3,-1,1,0.2,0,0.7886,0.778082155722815,0.799117844277185,0.9409,0.936278089344178,0.945521910655822,0.9777,0.975271035646047,0.980128964353953,9777,9409,7886
"CVM","ghEqualK",15478693,10000,10,100,2.5,3,-3,3,0.2,0,1,1,1,1,1,1,1,1,1,10000,10000,10000
"CVM","ghEqualK",56889030,10000,10,100,2.5,3,-1,3,0.2,0,0.9515,0.945966229749041,0.957033770250959,0.99,0.988049824623271,0.991950175376729,0.9968,0.995870937553014,0.997729062446986,9968,9900,9515
"CVM","ghEqualK",371591,10000,10,100,2.5,3,1,-3,0.2,0,0.0864,0.079162630008138,0.093637369991862,0.2578,0.249226502947711,0.266373497052289,0.4096,0.401510548963397,0.417689451036603,4096,2578,864
