"method","distribution","seed","N","n1","n2","delta","scale1","scale2","null","power0.01","l_CI","u_CI","power0.05","l_CI","u_CI","power0.10","l_CI","u_CI"
"CVM","Cauchy",281197,1000,10,10,0,1,1,1,0.006,-0.000290927440687899,0.0122909274406879,0.05,0.0364916322229516,0.0635083677770484,0.101,0.0853250402241345,0.116674959775865
"CVM","Cauchy",5203767,1000,10,10,0,0.5,0.5,1,0.01,0.00189480522134107,0.0181051947786589,0.051,0.0373643995951773,0.0646356004048227,0.11,0.0937236414545513,0.126276358545449
"CVM","Cauchy",128137167,1000,10,10,0,2,2,1,0.006,-0.000290927440687899,0.0122909274406879,0.047,0.0338824885896753,0.0601175114103247,0.101,0.0853250402241345,0.116674959775865
"CVM","Cauchy",18310542,1000,10,10,0,0.5,2,1,0.024,0.0115325857923946,0.0364674142076054,0.11,0.0906068919458484,0.129393108054152,0.214,0.192665421750126,0.235334578249874
"CVM","Cauchy",72170,1000,10,10,0,1,2,1,0.014,0.00442919794876103,0.023570802051239,0.069,0.0532907497823734,0.0847092502176266,0.152,0.133323924437934,0.170676075562066
"CVM","Cauchy",4329481,1000,10,10,0.5,1,1,0,0.021,0.00931989217584016,0.0326801078241598,0.088,0.0704412002232499,0.10555879977675,0.158,0.139026367192865,0.176973632807135
"CVM","Cauchy",835858,1000,10,10,0.5,0.5,0.5,0,0.084,0.0614039129815802,0.10659608701842,0.224,0.198158903305007,0.249841096694993,0.339,0.314375553285911,0.363624446714089
"CVM","Cauchy",89151,1000,10,10,0.5,2,2,0,0.011,0.00250349441805633,0.0194965055819437,0.056,0.0417493037924458,0.0702506962075542,0.116,0.0993420701286144,0.132657929871386
"CVM","Cauchy",2750026,1000,10,10,0.5,0.5,2,0,0.025,0.0122820190281633,0.0377179809718367,0.126,0.105431763361921,0.146568236638079,0.255,0.232326731612425,0.277673268387575
"CVM","Cauchy",234668086,1000,10,10,0.5,1,2,0,0.018,0.00716976562691277,0.0288302343730872,0.082,0.0649946984266671,0.099005301573333,0.164,0.144738461857889,0.183261538142111
"CVM","Cauchy",33885,1000,10,10,1,1,1,0,0.091,0.0675712835404071,0.114428716459593,0.229,0.202956400893886,0.255043599106114,0.346,0.321254694160306,0.370745305839694
"CVM","Cauchy",206459,1000,10,10,1,0.5,0.5,0,0.297,0.259777825066017,0.334222174933983,0.559,0.528226189862157,0.589773810137843,0.697,0.67309418217724,0.72090581782276
"CVM","Cauchy",30704,1000,10,10,1,2,2,0,0.03,0.0161039184803773,0.0438960815196227,0.088,0.0704412002232499,0.10555879977675,0.147,0.128579598788979,0.165420401211021
"CVM","Cauchy",302691,1000,10,10,1,0.5,2,0,0.079,0.0570270068951906,0.100972993104809,0.229,0.202956400893886,0.255043599106114,0.388,0.362651195838857,0.413348804161143
"CVM","Cauchy",6603732,1000,10,10,1,1,2,0,0.052,0.0339136180042552,0.0700863819957448,0.159,0.13633516136391,0.18166483863609,0.267,0.243986985013367,0.290013014986633
"CVM","Cauchy",107516,1000,10,10,1.5,1,1,0,0.161,0.131060828563502,0.190939171436498,0.366,0.336143338592535,0.395856661407465,0.515,0.489001973259976,0.540998026740024
"CVM","Cauchy",216040811,1000,10,10,1.5,0.5,0.5,0,0.587,0.546891175391742,0.627108824608258,0.804,0.779395636679646,0.828604363320354,0.885,0.868404648410624,0.901595351589376
"CVM","Cauchy",1477953,1000,10,10,1.5,2,2,0,0.039,0.0232297035949225,0.0547702964050775,0.146,0.124114249969444,0.167885750030556,0.247,0.224565733892659,0.269434266107341
"CVM","Cauchy",63890,1000,10,10,1.5,0.5,2,0,0.155,0.125519145846838,0.184480854153162,0.373,0.343026030733318,0.402973969266682,0.532,0.506043588838208,0.557956411161792
"CVM","Cauchy",146869792,1000,10,10,1.5,1,2,0,0.091,0.0675712835404071,0.114428716459593,0.245,0.218342919139561,0.271657080860439,0.371,0.345870827948876,0.396129172051124
"CVM","Cauchy",40433,1000,10,10,2,1,1,0,0.302,0.264599531584538,0.339400468415462,0.572,0.541332669734716,0.602667330265284,0.688,0.663898869271339,0.712101130728661
"CVM","Cauchy",170502356,1000,10,10,2,0.5,0.5,0,0.688,0.650258654858948,0.725741345141052,0.893,0.873840962404129,0.912159037595871,0.954,0.94310269753104,0.96489730246896
"CVM","Cauchy",64901,1000,10,10,2,2,2,0,0.094,0.0702275531914782,0.117772446808522,0.25,0.223161594682247,0.276838405317753,0.359,0.334045886772418,0.383954113227582
"CVM","Cauchy",12318952,1000,10,10,2,0.5,2,0,0.245,0.209964979440565,0.280035020559435,0.508,0.477013645945352,0.538986354054648,0.669,0.644521040259541,0.693478959740459
"CVM","Cauchy",243904503,1000,10,10,2,1,2,0,0.156,0.126441704865402,0.185558295134598,0.371,0.341058858832703,0.400941141167297,0.507,0.480992815323934,0.533007184676066
"CVM","Cauchy",121626,1000,10,10,2.5,1,1,0,0.402,0.362059869713583,0.441940130286417,0.661,0.631660233702362,0.690339766297638,0.782,0.760521817630442,0.803478182369558
"CVM","Cauchy",91467,1000,10,10,2.5,0.5,0.5,0,0.839,0.809060828563502,0.868939171436498,0.956,0.943288074009026,0.968711925990974,0.984,0.977472852261516,0.990527147738484
"CVM","Cauchy",58863,1000,10,10,2.5,2,2,0,0.13,0.102604630581064,0.157395369418936,0.325,0.295969826042547,0.354030173957453,0.447,0.421136801710249,0.472863198289751
"CVM","Cauchy",44679369,1000,10,10,2.5,0.5,2,0,0.384,0.344381153498064,0.423618846501936,0.656,0.626556650625311,0.685443349374689,0.777,0.755346463157835,0.798653536842165
"CVM","Cauchy",2838016,1000,10,10,2.5,1,2,0,0.25,0.214726667296667,0.285273332703333,0.499,0.468009740911054,0.529990259088946,0.649,0.6241719958721,0.6738280041279
"CVM","Cauchy",530966,1000,20,20,0,1,1,1,0.009,0.00130685460010016,0.0166931453998998,0.041,0.0287098466079548,0.0532901533920452,0.083,0.0686487537553354,0.0973512462446646
"CVM","Cauchy",4712537,1000,20,20,0,0.5,0.5,1,0.009,0.00130685460010016,0.0166931453998998,0.046,0.0330159800369839,0.0589840199630161,0.092,0.0769650239641029,0.107034976035897
"CVM","Cauchy",65229,1000,20,20,0,2,2,1,0.008,0.000743174362298623,0.0152568256377014,0.06,0.0452804130492734,0.0747195869507266,0.116,0.0993420701286144,0.132657929871386
"CVM","Cauchy",837429,1000,20,20,0,0.5,2,1,0.048,0.0305865448547395,0.0654134551452605,0.244,0.217379765170082,0.270620234829918,0.429,0.403253831780729,0.454746168219271
"CVM","Cauchy",602270,1000,20,20,0,1,2,1,0.017,0.00646954641356793,0.0275304535864321,0.079,0.062281418289819,0.095718581710181,0.172,0.152368870220998,0.191631129779001
"CVM","Cauchy",615589,1000,20,20,0.5,1,1,0,0.051,0.0330789251822331,0.0689210748177669,0.148,0.125990674849055,0.170009325150945,0.248,0.225535297945443,0.270464702054557
"CVM","Cauchy",1322208,1000,20,20,0.5,0.5,0.5,0,0.196,0.163662836778963,0.228337163221037,0.396,0.365687473638774,0.426312526361226,0.527,0.501028216122588,0.552971783877412
"CVM","Cauchy",113855910,1000,20,20,0.5,2,2,0,0.018,0.00716976562691277,0.0288302343730872,0.067,0.0515034759510399,0.0824965240489601,0.123,0.105914871297675,0.140085128702325
"CVM","Cauchy",455334,1000,20,20,0.5,0.5,2,0,0.087,0.0640416393560864,0.109958360643914,0.321,0.292063668262891,0.349936331737109,0.518,0.492007126016925,0.543992873983075
"CVM","Cauchy",1585434,1000,20,20,0.5,1,2,0,0.031,0.0168814988308249,0.0451185011691751,0.131,0.110087709298118,0.151912290701882,0.218,0.196521817630442,0.239478182369558
"CVM","Cauchy",12150135,1000,20,20,1,1,1,0,0.212,0.178705162630582,0.245294837369418,0.405,0.374574195819995,0.435425804180005,0.526,0.500025455208994,0.551974544791006
"CVM","Cauchy",20358,1000,20,20,1,0.5,0.5,0,0.697,0.659564506558401,0.734435493441599,0.878,0.857714615468274,0.898285384531726,0.937,0.924361196188919,0.949638803811081
"CVM","Cauchy",237300,1000,20,20,1,2,2,0,0.056,0.0372705135557859,0.0747294864442141,0.155,0.132568915318246,0.177431084681754,0.233,0.211009173872385,0.254990826127615
"CVM","Cauchy",17616785,1000,20,20,1,0.5,2,0,0.226,0.191930123554319,0.260069876445681,0.525,0.494048441073187,0.555951558926813,0.699,0.675139049600341,0.722860950399659
"CVM","Cauchy",52838980,1000,20,20,1,1,2,0,0.091,0.0675712835404071,0.114428716459593,0.256,0.228950295705868,0.283049704294132,0.398,0.372537227843379,0.423462772156621
"CVM","Cauchy",625920,1000,20,20,1.5,1,1,0,0.426,0.3857184100286,0.4662815899714,0.694,0.665437480111167,0.722562519888833,0.797,0.776076078503899,0.817923921496101
"CVM","Cauchy",160303,1000,20,20,1.5,0.5,0.5,0,0.916,0.89340391298158,0.93859608701842,0.98,0.971322710100498,0.988677289899502,0.989,0.983574242359357,0.994425757640643
"CVM","Cauchy",346704242,1000,20,20,1.5,2,2,0,0.102,0.0773461861267673,0.126653813873233,0.286,0.257991606857943,0.314008393142057,0.393,0.367592816571391,0.418407183428609
"CVM","Cauchy",343361,1000,20,20,1.5,0.5,2,0,0.434,0.393626263985804,0.474373736014196,0.737,0.709712252390496,0.764287747609504,0.858,0.839842597600428,0.876157402399572
"CVM","Cauchy",2189719,1000,20,20,1.5,1,2,0,0.223,0.189091482732269,0.256908517267731,0.465,0.434085698455246,0.495914301544754,0.595,0.569464057206067,0.620535942793933
"CVM","Cauchy",92733,1000,20,20,2,1,1,0,0.687,0.649225702533919,0.724774297466081,0.878,0.857714615468274,0.898285384531726,0.942,0.929840790243605,0.954159209756394
"CVM","Cauchy",94713382,1000,20,20,2,0.5,0.5,0,0.99,0.981894805221341,0.998105194778659,0.999,0.997040980245123,1.00095901975488,0.999,0.997355822705728,1.00064417729427
"CVM","Cauchy",59721214,1000,20,20,2,2,2,0,0.191,0.158978858987475,0.223021141012525,0.404,0.373586256159427,0.434413743840573,0.505,0.478991566764317,0.531008433235683
"CVM","Cauchy",284563,1000,20,20,2,0.5,2,0,0.648,0.609095065062437,0.686904934937563,0.868,0.847020124843079,0.888979875156921,0.931,0.917815450710206,0.944184549289794
"CVM","Cauchy",15617021,1000,20,20,2,1,2,0,0.403,0.36304367404758,0.44295632595242,0.665,0.635745727833357,0.694254272166643,0.781,0.759486380825742,0.802513619174258
"CVM","Cauchy",413419,1000,20,20,2.5,1,1,0,0.849,0.819833240710974,0.878166759289026,0.958,0.945567356773397,0.970432643226603,0.983,0.976275389693447,0.989724610306553
"CVM","Cauchy",33543869,1000,20,20,2.5,0.5,0.5,0,0.997,0.99254493479105,1.00145506520895,1,1,1,1,1,1
"CVM","Cauchy",217079682,1000,20,20,2.5,2,2,0,0.33,0.291696343861193,0.368303656138807,0.576,0.545369771166379,0.606630228833621,0.704,0.680253583141872,0.727746416858128
"CVM","Cauchy",3569796,1000,20,20,2.5,0.5,2,0,0.786,0.752590958315091,0.819409041684909,0.954,0.941015980036984,0.966984019963016,0.978,0.970369611156697,0.985630388843303
"CVM","Cauchy",161263,1000,20,20,2.5,1,2,0,0.583,0.542834963722959,0.623165036277041,0.832,0.808827527503523,0.855172472496477,0.886,0.869467627239262,0.902532372760738
"CVM","Cauchy",20933213,1000,100,100,0,1,1,1,0.005,-0.000745692786775151,0.0107456927867752,0.053,0.0391142610711565,0.0668857389288435,0.093,0.0778918593210481,0.108108140678952
"CVM","Cauchy",1269935,1000,100,100,0,0.5,0.5,1,0.009,0.00130685460010016,0.0166931453998998,0.053,0.0391142610711565,0.0668857389288435,0.101,0.0853250402241345,0.116674959775865
"CVM","Cauchy",48798462,1000,100,100,0,2,2,1,0.018,0.00716976562691277,0.0288302343730872,0.058,0.0435124309285512,0.0724875690714488,0.112,0.0955948050179219,0.128405194982078
"CVM","Cauchy",220641739,1000,100,100,0,0.5,2,1,0.921,0.899027006895191,0.942972993104809,0.996,0.992087847855719,0.999912152144281,0.998,0.995675946235562,1.00032405376444
"CVM","Cauchy",59354,1000,100,100,0,1,2,1,0.102,0.0773461861267673,0.126653813873233,0.432,0.401297615050293,0.462702384949707,0.643,0.618076702770801,0.667923297229199
"CVM","Cauchy",225579197,1000,100,100,0.5,1,1,0,0.342,0.303356908923638,0.380643091076362,0.56,0.529233618347293,0.590766381652707,0.673,0.648596770136414,0.697403229863586
"CVM","Cauchy",797674,1000,100,100,0.5,0.5,0.5,0,0.949,0.931078925182233,0.966921074817767,0.988,0.981251221621656,0.994748778378344,0.995,0.991330875530184,0.998669124469816
"CVM","Cauchy",317232,1000,100,100,0.5,2,2,0,0.067,0.0466331398213667,0.0873668601786333,0.184,0.159983480885024,0.208016519114976,0.293,0.26932394068315,0.31667605931685
"CVM","Cauchy",17159423,1000,100,100,0.5,0.5,2,0,0.974,0.961036806279932,0.986963193720068,0.998,0.995230914663648,1.00076908533635,0.999,0.997355822705728,1.00064417729427
"CVM","Cauchy",356467792,1000,100,100,0.5,1,2,0,0.332,0.293637832983837,0.370362167016163,0.673,0.643923811226366,0.702076188773634,0.825,0.805234313587052,0.844765686412948
"CVM","Cauchy",60437,1000,100,100,1,1,1,0,0.921,0.899027006895191,0.942972993104809,0.977,0.967708897073006,0.986291102926994,0.987,0.981107546625131,0.992892453374869
"CVM","Cauchy",18884,1000,100,100,1,0.5,0.5,0,1,1,1,1,1,1,1,1,1
"CVM","Cauchy",518451,1000,100,100,1,2,2,0,0.307,0.269426498968342,0.344573501031658,0.564,0.533264600109971,0.594735399890029,0.701,0.677184456042849,0.724815543957151
"CVM","Cauchy",180144949,1000,100,100,1,0.5,2,0,0.999,0.996425288322161,1.00157471167784,1,1,1,1,1,1
"CVM","Cauchy",98916063,1000,100,100,1,1,2,0,0.789,0.755762711411669,0.822237288588331,0.952,0.938750631954693,0.965249368045307,0.98,0.972717274548632,0.987282725451368
"CVM","Cauchy",2014378,1000,100,100,1.5,1,1,0,1,1,1,1,1,1,1,1,1
"CVM","Cauchy",2602208,1000,100,100,1.5,0.5,0.5,0,1,1,1,1,1,1,1,1,1
"CVM","Cauchy",59367505,1000,100,100,1.5,2,2,0,0.701,0.663705871590504,0.738294128409496,0.869,0.848087709298118,0.889912290701881,0.934,0.921084497489451,0.946915502510549
"CVM","Cauchy",1679560,1000,100,100,1.5,0.5,2,0,1,1,1,1,1,1,1,1,1
"CVM","Cauchy",125944814,1000,100,100,1.5,1,2,0,0.981,0.969878658854976,0.992121341145024,1,1,1,1,1,1
"CVM","Cauchy",73917,1000,100,100,2,1,1,0,1,1,1,1,1,1,1,1,1
"CVM","Cauchy",563959,1000,100,100,2,0.5,0.5,0,1,1,1,1,1,1,1,1,1
"CVM","Cauchy",82780,1000,100,100,2,2,2,0,0.939,0.919504087261582,0.958495912738418,0.987,0.979979204489518,0.994020795510482,0.995,0.991330875530184,0.998669124469816
"CVM","Cauchy",356486,1000,100,100,2,0.5,2,0,1,1,1,1,1,1,1,1,1
"CVM","Cauchy",181316,1000,100,100,2,1,2,0,1,1,1,1,1,1,1,1,1
"CVM","Cauchy",104932514,1000,100,100,2.5,1,1,0,1,1,1,1,1,1,1,1,1
"CVM","Cauchy",787940,1000,100,100,2.5,0.5,0.5,0,1,1,1,1,1,1,1,1,1
"CVM","Cauchy",176683602,1000,100,100,2.5,2,2,0,0.996,0.99085831432466,1.00114168567534,0.998,0.995230914663648,1.00076908533635,0.999,0.997355822705728,1.00064417729427
"CVM","Cauchy",800284,1000,100,100,2.5,0.5,2,0,1,1,1,1,1,1,1,1,1
"CVM","Cauchy",25000925,1000,100,100,2.5,1,2,0,1,1,1,1,1,1,1,1,1
"CVM","Cauchy",1205235,1000,10,100,0,1,1,1,0.012,0.00313017698846251,0.0208698230115375,0.048,0.0347506319546931,0.0612493680453069,0.093,0.0778918593210481,0.108108140678952
"CVM","Cauchy",62262823,1000,10,100,0,0.5,0.5,1,0.009,0.00130685460010016,0.0166931453998998,0.04,0.0278543242262935,0.0521456757737065,0.096,0.0806755204460315,0.111324479553969
"CVM","Cauchy",27978556,1000,10,100,0,2,2,1,0.005,-0.000745692786775151,0.0107456927867752,0.047,0.0338824885896753,0.0601175114103247,0.097,0.0816044345418884,0.112395565458112
"CVM","Cauchy",59560688,1000,10,100,0,0.5,2,1,0,0,0,0.094,0.0759122687326464,0.112087731267354,0.291,0.267371534709698,0.314628465290302
"CVM","Cauchy",1002380,1000,10,100,0,1,2,1,0.004,-0.00114168567534034,0.00914168567534034,0.037,0.0253004252384969,0.0486995747615031,0.109,0.0927886940077303,0.12521130599227
"CVM","Cauchy",11548037,1000,10,100,0.5,1,1,0,0.046,0.0289352880486074,0.0630647119513926,0.15,0.127868484010353,0.172131515989647,0.25,0.2274749098226,0.2725250901774
"CVM","Cauchy",22115824,1000,10,100,0.5,0.5,0.5,0,0.176,0.144978285369374,0.207021714630626,0.377,0.346962016818701,0.407037983181299,0.499,0.472990318264635,0.525009681735365
"CVM","Cauchy",34997985,1000,10,100,0.5,2,2,0,0.019,0.00787865885497617,0.0301213411450238,0.072,0.0559787533069364,0.0880212466930635,0.138,0.120058486410004,0.155941513589996
"CVM","Cauchy",23862577,1000,10,100,0.5,0.5,2,0,0.025,0.0122820190281633,0.0377179809718367,0.21,0.184754773916639,0.235245226083361,0.419,0.393333835113617,0.444666164886383
"CVM","Cauchy",349961,1000,10,100,0.5,1,2,0,0.007,0.000208440607931048,0.013791559392069,0.077,0.0604764908811718,0.0935235091188282,0.182,0.16192857309756,0.20207142690244
"CVM","Cauchy",205711,1000,10,100,1,1,1,0,0.174,0.143117638208453,0.204882361791547,0.412,0.381493432680814,0.442506567319186,0.553,0.527136801710249,0.578863198289751
"CVM","Cauchy",350929941,1000,10,100,1,0.5,0.5,0,0.627,0.587605640392361,0.666394359607639,0.842,0.819393118357456,0.864606881642544,0.907,0.891891859321048,0.922108140678952
"CVM","Cauchy",2382922,1000,10,100,1,2,2,0,0.045,0.0281129495292991,0.0618870504707009,0.135,0.11381975354251,0.15618024645749,0.227,0.205209430645919,0.248790569354081
"CVM","Cauchy",595288,1000,10,100,1,0.5,2,0,0.151,0.121833240710974,0.180166759289026,0.494,0.4630119103138,0.5249880896862,0.671,0.646558654436079,0.695441345563921
"CVM","Cauchy",97361,1000,10,100,1,1,2,0,0.064,0.0440623590787676,0.0839376409212324,0.255,0.227985041921187,0.282014958078813,0.412,0.386396273857112,0.437603726142888
"CVM","Cauchy",217637024,1000,10,100,1.5,1,1,0,0.413,0.372891175391742,0.453108824608258,0.657,0.627577076936511,0.686422923063489,0.772,0.750175616929682,0.793824383070318
"CVM","Cauchy",83711,1000,10,100,1.5,0.5,0.5,0,0.9,0.875561918242219,0.924438081757781,0.975,0.965323275347515,0.984676724652484,0.991,0.986087257692999,0.995912742307001
"CVM","Cauchy",38050,1000,10,100,1.5,2,2,0,0.112,0.0863101627514692,0.137689837248531,0.268,0.240547682764473,0.295452317235527,0.37,0.344884776976901,0.395115223023099
"CVM","Cauchy",80430851,1000,10,100,1.5,0.5,2,0,0.395,0.355178089327608,0.434821910672392,0.72,0.692170760700299,0.747829239299701,0.841,0.821977724716139,0.860022275283861
"CVM","Cauchy",161680359,1000,10,100,1.5,1,2,0,0.19,0.158043061373154,0.221956938626846,0.444,0.413204663625802,0.474795336374198,0.593,0.567444142750144,0.618555857249856
"CVM","Cauchy",132709,1000,10,100,2,1,1,0,0.633,0.593737247188512,0.672262752811488,0.844,0.821509992832371,0.866490007167629,0.904,0.888675520446031,0.919324479553969
"CVM","Cauchy",92415404,1000,10,100,2,0.5,0.5,0,0.974,0.961036806279932,0.986963193720068,0.997,0.993610276471451,1.00038972352855,0.998,0.995675946235562,1.00032405376444
"CVM","Cauchy",8581383,1000,10,100,2,2,2,0,0.179,0.147772015672093,0.210227984327907,0.376,0.345977815562488,0.406022184437512,0.485,0.459001973259976,0.510998026740024
"CVM","Cauchy",164040204,1000,10,100,2,0.5,2,0,0.636,0.596805501826098,0.675194498173902,0.884,0.864152253770264,0.903847746229736,0.948,0.936450272366848,0.959549727633152
"CVM","Cauchy",27748,1000,10,100,2,1,2,0,0.349,0.310171638311358,0.387828361688642,0.639,0.609231284098907,0.668768715901093,0.765,0.742943807119655,0.787056192880345
"CVM","Cauchy",146830319,1000,10,100,2.5,1,1,0,0.801,0.768477145595382,0.833522854404618,0.942,0.927512430928551,0.956487569071449,0.97,0.961126143594806,0.978873856405194
"CVM","Cauchy",368330,1000,10,100,2.5,0.5,0.5,0,0.987,0.977772668757653,0.996227331242347,0.998,0.995230914663648,1.00076908533635,0.999,0.997355822705728,1.00064417729427
"CVM","Cauchy",1103311,1000,10,100,2.5,2,2,0,0.303,0.265564506558401,0.340435493441599,0.552,0.521177730232833,0.582822269767167,0.67,0.645539784802664,0.694460215197336
"CVM","Cauchy",323776,1000,10,100,2.5,0.5,2,0,0.815,0.783369174427467,0.846630825572533,0.945,0.930869636947339,0.959130363052661,0.978,0.970369611156697,0.985630388843303
"CVM","Cauchy",36104,1000,10,100,2.5,1,2,0,0.551,0.510482295886563,0.591517704113437,0.804,0.779395636679646,0.828604363320354,0.882,0.8652180973099,0.8987819026901
