"method","distribution","seed","N","n1","n2","delta","scale1","scale2","null","power0.01","l_CI","u_CI","power0.05","l_CI","u_CI","power0.10","l_CI","u_CI","ct_0.10","ct_0.05","ct_0.01"
"SmoothFixed_6_asymp","Cauchy",33782,10000,10,10,0,1,1,1,0.0052,0.00334725598592358,0.00705274401407642,0.0377,0.0339667937059948,0.0414332062940052,0.0828,0.0782667142648626,0.0873332857351374,828,377,52
"SmoothFixed_6_asymp","Cauchy",21251,10000,10,10,0,0.5,0.5,1,0.0058,0.00384387440854734,0.00775612559145266,0.0416,0.037686402668848,0.045513597331152,0.0878,0.0831445872230381,0.0924554127769619,878,416,58
"SmoothFixed_6_asymp","Cauchy",481877,10000,10,10,0,2,2,1,0.0041,0.00245394003130384,0.00574605996869616,0.0364,0.0327292470300496,0.0400707529699504,0.087,0.0823638132935029,0.091636186706497,870,364,41
"SmoothFixed_6_asymp","Cauchy",18343,10000,10,10,0.5,1,1,0,0.0055,0.00359484814841441,0.00740515185158559,0.0434,0.039406385648263,0.047393614351737,0.0895,0.0848041156238281,0.0941958843761719,895,434,55
"SmoothFixed_6_asymp","Cauchy",606560,10000,10,10,0.5,0.5,0.5,0,0.0033,0.00182264434886653,0.00477735565113347,0.0342,0.0306378457223753,0.0377621542776247,0.0799,0.0754397745926943,0.0843602254073057,799,342,33
"SmoothFixed_6_asymp","Cauchy",367878,10000,10,10,0.5,2,2,0,0.0047,0.00293813840191234,0.00646186159808766,0.037,0.0333002696098229,0.0406997303901771,0.083,0.0784617374604922,0.0875382625395078,830,370,47
"SmoothFixed_6_asymp","Cauchy",4180790,10000,10,10,0.5,0.5,2,0,0.0019,0.000778214849062442,0.00302178515093756,0.0261,0.0229751188236351,0.029224881176365,0.0596,0.0557055570843059,0.0634944429156941,596,261,19
"SmoothFixed_6_asymp","Cauchy",6543311,10000,10,10,0.5,1,2,0,0.0037,0.00213598185986991,0.00526401814013009,0.0363,0.0326341025369495,0.0399658974630505,0.0755,0.0711539688393461,0.0798460311606539,755,363,37
"SmoothFixed_6_asymp","Cauchy",41244401,10000,10,10,1,1,1,0,0.0035,0.00197868715433018,0.00502131284566982,0.0322,0.0287399942853226,0.0356600057146774,0.0764,0.0720302705997282,0.0807697294002718,764,322,35
"SmoothFixed_6_asymp","Cauchy",15929395,10000,10,10,1,0.5,0.5,0,0.0019,0.000778214849062442,0.00302178515093756,0.0206,0.0178159967919559,0.0233840032080441,0.0521,0.0484443380738948,0.0557556619261052,521,206,19
"SmoothFixed_6_asymp","Cauchy",311213438,10000,10,10,1,2,2,0,0.0052,0.00334725598592358,0.00705274401407642,0.0367,0.0330147251476179,0.0403852748523821,0.0852,0.0806075040959844,0.0897924959040156,852,367,52
"SmoothFixed_6_asymp","Cauchy",57054,10000,10,10,1,0.5,2,0,0.0015,0.000503068031207746,0.00249693196879225,0.0168,0.0142809798171511,0.0193190201828489,0.0498,0.046221606578938,0.053378393421062,498,168,15
"SmoothFixed_6_asymp","Cauchy",69772,10000,10,10,1,1,2,0,0.0045,0.00277585912594127,0.00622414087405873,0.0332,0.0296884938442885,0.0367115061557115,0.0742,0.069888519331842,0.078511480668158,742,332,45
"SmoothFixed_6_asymp","Cauchy",257574,10000,10,10,1.5,1,1,0,0.0032,0.00174512774259181,0.00465487225740819,0.0256,0.022504401043029,0.028695598956971,0.0632,0.0591973475456393,0.0672026524543607,632,256,32
"SmoothFixed_6_asymp","Cauchy",44074,10000,10,10,1.5,0.5,0.5,0,0.0012,0.00030818299620606,0.00209181700379394,0.0122,0.0100483555996401,0.0143516444003599,0.0406,0.0373534000611255,0.0438465999388745,406,122,12
"SmoothFixed_6_asymp","Cauchy",32408,10000,10,10,1.5,2,2,0,0.005,0.00318305240581903,0.00681694759418097,0.0365,0.0328243989824792,0.0401756010175208,0.0845,0.0799246593843327,0.0890753406156673,845,365,50
"SmoothFixed_6_asymp","Cauchy",11127697,10000,10,10,1.5,0.5,2,0,0.0012,0.00030818299620606,0.00209181700379394,0.0177,0.0151155699828395,0.0202844300171605,0.0492,0.0456421057120257,0.0527578942879743,492,177,12
"SmoothFixed_6_asymp","Cauchy",1124921,10000,10,10,1.5,1,2,0,0.0037,0.00213598185986991,0.00526401814013009,0.0269,0.0237288926252175,0.0300711073747825,0.068,0.0638587798851063,0.0721412201148937,680,269,37
"SmoothFixed_6_asymp","Cauchy",261576,10000,10,10,2,1,1,0,0.0027,0.00136327937126114,0.00403672062873885,0.0224,0.0194995814304828,0.0253004185695172,0.0567,0.0528956334983634,0.0605043665016366,567,224,27
"SmoothFixed_6_asymp","Cauchy",827063,10000,10,10,2,0.5,0.5,0,6e-04,-3.07992327706179e-05,0.00123079923277062,0.0062,0.00466148614253885,0.00773851385746115,0.0301,0.0272893120630395,0.0329106879369604,301,62,6
"SmoothFixed_6_asymp","Cauchy",497649,10000,10,10,2,2,2,0,0.0041,0.00245394003130384,0.00574605996869616,0.0333,0.0297833912902343,0.0368166087097657,0.0775,0.0731015471487834,0.0818984528512166,775,333,41
"SmoothFixed_6_asymp","Cauchy",1193512,10000,10,10,2,0.5,2,0,0.0011,0.000246107482698203,0.0019538925173018,0.0157,0.0132634819102662,0.0181365180897338,0.0382,0.0350468838416734,0.0413531161583265,382,157,11
"SmoothFixed_6_asymp","Cauchy",250024645,10000,10,10,2,1,2,0,0.0023,0.00106601533457826,0.00353398466542174,0.0242,0.0211880749448899,0.0272119250551101,0.06,0.0560933414533645,0.0639066585466355,600,242,23
"SmoothFixed_6_asymp","Cauchy",37951233,10000,10,10,2.5,1,1,0,0.0014,0.000436823989135942,0.00236317601086406,0.0166,0.0140957642142961,0.0191042357857039,0.0479,0.0443870259511384,0.0514129740488616,479,166,14
"SmoothFixed_6_asymp","Cauchy",674853,10000,10,10,2.5,0.5,0.5,0,1e-04,-0.000157587119677984,0.000357587119677984,0.005,0.00361753987399274,0.00638246012600726,0.023,0.0205340906793842,0.0254659093206158,230,50,1
"SmoothFixed_6_asymp","Cauchy",160721,10000,10,10,2.5,2,2,0,0.0027,0.00136327937126114,0.00403672062873885,0.0281,0.0248609323220408,0.0313390676779592,0.0679,0.0637616040211243,0.0720383959788757,679,281,27
"SmoothFixed_6_asymp","Cauchy",104596451,10000,10,10,2.5,0.5,2,0,0.0011,0.000246107482698203,0.0019538925173018,0.0102,0.00823061837278805,0.012169381627212,0.0311,0.0282444775773994,0.0339555224226006,311,102,11
"SmoothFixed_6_asymp","Cauchy",696585,10000,10,10,2.5,1,2,0,0.0024,0.00113953816677219,0.0036604618332278,0.0216,0.018750680377634,0.024449319622366,0.055,0.0512497246851064,0.0587502753148936,550,216,24
"SmoothFixed_6_asymp","Cauchy",66710,10000,10,10,5,1,1,0,0,0,0,0.0037,0.0025099861977271,0.0048900138022729,0.0182,0.0160010613633164,0.0203989386366836,182,37,0
"SmoothFixed_6_asymp","Cauchy",5222714,10000,10,10,5,0.5,0.5,0,1e-04,-0.000157587119677984,0.000357587119677984,7e-04,0.000181614273344645,0.00121838572665535,0.0056,0.00437244637363576,0.00682755362636424,56,7,1
"SmoothFixed_6_asymp","Cauchy",64739,10000,10,10,5,2,2,0,0.0019,0.000778214849062442,0.00302178515093756,0.016,0.013540688096235,0.018459311903765,0.049,0.0454489711494413,0.0525510288505587,490,160,19
"SmoothFixed_6_asymp","Cauchy",268604,10000,10,10,5,0.5,2,0,3e-04,-0.000146109356566302,0.000746109356566302,0.0043,0.00301750833078729,0.00558249166921271,0.0155,0.0134679255674619,0.0175320744325381,155,43,3
"SmoothFixed_6_asymp","Cauchy",24937,10000,10,10,5,1,2,0,0.001,0.00018580467797954,0.00181419532202046,0.01,0.00804982462327103,0.011950175376729,0.0332,0.030252843047885,0.036147156952115,332,100,10
"SmoothFixed_6_asymp","Cauchy",218401147,10000,10,10,5,0.5,1,0,0,0,0,0.0019,0.00104646781993881,0.00275353218006119,0.0113,0.00956124900667893,0.0130387509933211,113,19,0
"SmoothFixed_6_asymp","Cauchy",6489506,10000,10,10,0.5,0.5,1,0,0.0047,0.00293813840191234,0.00646186159808766,0.034,0.0304479089200867,0.0375520910799134,0.0804,0.0759270565458973,0.0848729434541027,804,340,47
"SmoothFixed_6_asymp","Cauchy",1841602,10000,10,10,1,0.5,1,0,0.003,0.00159118468151429,0.00440881531848571,0.0255,0.0224102945188902,0.0285897054811098,0.0633,0.059294395950824,0.067305604049176,633,255,30
"SmoothFixed_6_asymp","Cauchy",93787,10000,10,10,1.5,0.5,1,0,0.0021,0.000920768647472431,0.00327923135252757,0.0169,0.0143736223436707,0.0194263776563293,0.0481,0.0445800693756872,0.0516199306243128,481,169,21
"SmoothFixed_6_asymp","Cauchy",125308,10000,10,10,2,0.5,1,0,0.0018,0.000708079815840004,0.00289192018416,0.0135,0.0112381098965688,0.0157618901034312,0.0403,0.0370649114485419,0.0435350885514581,403,135,18
"SmoothFixed_6_asymp","Cauchy",11391303,10000,10,10,2.5,0.5,1,0,7e-04,1.86930449672482e-05,0.00138130695503275,0.0107,0.00868343620938984,0.0127165637906102,0.03,0.0271938402130313,0.0328061597869687,300,107,7
"SmoothFixed_6_asymp","Cauchy",99089,10000,20,20,0,1,1,1,0.0083,0.00596291202152422,0.0106370879784758,0.0511,0.0467840466213825,0.0554159533786175,0.0983,0.0934025084421946,0.103197491557805,983,511,83
"SmoothFixed_6_asymp","Cauchy",30276,10000,20,20,0,0.5,0.5,1,0.009,0.00656721381654696,0.011432786183453,0.0493,0.0450567240295262,0.0535432759704738,0.097,0.0921314947286154,0.101868505271385,970,493,90
"SmoothFixed_6_asymp","Cauchy",97749368,10000,20,20,0,2,2,1,0.007,0.00485232034567536,0.00914767965432464,0.0459,0.0417983427897495,0.0500016572102505,0.096,0.0911539740652778,0.100846025934722,960,459,70
"SmoothFixed_6_asymp","Cauchy",11325545,10000,20,20,0.5,1,1,0,0.0095,0.00700118041435561,0.0119988195856444,0.0451,0.0410325400163739,0.0491674599836261,0.0961,0.0912517189297675,0.100948281070233,961,451,95
"SmoothFixed_6_asymp","Cauchy",1010283,10000,20,20,0.5,0.5,0.5,0,0.007,0.00485232034567536,0.00914767965432464,0.0432,0.0392151816551316,0.0471848183448684,0.0904,0.0856828971737305,0.0951171028262695,904,432,70
"SmoothFixed_6_asymp","Cauchy",160951479,10000,20,20,0.5,2,2,0,0.0087,0.00630774187608109,0.0110922581239189,0.047,0.0428518786710126,0.0511481213289874,0.1004,0.0954562388302427,0.105343761169757,1004,470,87
"SmoothFixed_6_asymp","Cauchy",77710460,10000,20,20,0.5,0.5,2,0,0.0042,0.0025340707064416,0.0058659292935584,0.0292,0.0259000118458394,0.0324999881541606,0.0655,0.061430170596404,0.0695698294035961,655,292,42
"SmoothFixed_6_asymp","Cauchy",59815801,10000,20,20,0.5,1,2,0,0.0072,0.00502207464379148,0.00937792535620852,0.0429,0.0389284194463161,0.0468715805536839,0.0861,0.0814855832339314,0.0907144167660686,861,429,72
"SmoothFixed_6_asymp","Cauchy",174373,10000,20,20,1,1,1,0,0.0079,0.00561946296632043,0.0101805370336796,0.0432,0.0392151816551316,0.0471848183448684,0.0922,0.0874408822305074,0.0969591177694926,922,432,79
"SmoothFixed_6_asymp","Cauchy",18270,10000,20,20,1,0.5,0.5,0,0.0051,0.00326506509471753,0.00693493490528247,0.0352,0.0315880140651437,0.0388119859348563,0.0762,0.0718355214148882,0.0805644785851119,762,352,51
"SmoothFixed_6_asymp","Cauchy",35030998,10000,20,20,1,2,2,0,0.0078,0.0055338285107221,0.0100661714892779,0.0511,0.0467840466213825,0.0554159533786175,0.1032,0.0981955823085598,0.10820441769144,1032,511,78
"SmoothFixed_6_asymp","Cauchy",305790637,10000,20,20,1,0.5,2,0,0.0024,0.00113953816677219,0.0036604618332278,0.0268,0.0236346297338858,0.0299653702661142,0.0627,0.058712148467185,0.066687851532815,627,268,24
"SmoothFixed_6_asymp","Cauchy",111319555,10000,20,20,1,1,2,0,0.0054,0.00351215225264748,0.00728784774735252,0.0398,0.0359684150546282,0.0436315849453718,0.0823,0.0777791907203715,0.0868208092796285,823,398,54
"SmoothFixed_6_asymp","Cauchy",10592008,10000,20,20,1.5,1,1,0,0.0059,0.00392718254677631,0.00787281745322369,0.0376,0.0338715544849898,0.0413284455150102,0.0827,0.0781692056129443,0.0872307943870557,827,376,59
"SmoothFixed_6_asymp","Cauchy",84028242,10000,20,20,1.5,0.5,0.5,0,0.0018,0.000708079815840004,0.00289192018416,0.0256,0.022504401043029,0.028695598956971,0.0674,0.0632757635510194,0.0715242364489806,674,256,18
"SmoothFixed_6_asymp","Cauchy",17360842,10000,20,20,1.5,2,2,0,0.0074,0.00519225528409102,0.00960774471590898,0.0454,0.0413196754082059,0.0494803245917941,0.0938,0.0890039980567247,0.0985960019432753,938,454,74
"SmoothFixed_6_asymp","Cauchy",54030928,10000,20,20,1.5,0.5,2,0,0.0033,0.00182264434886653,0.00477735565113347,0.026,0.0228809508115453,0.0291190491884547,0.0645,0.0604591972085519,0.0685408027914481,645,260,33
"SmoothFixed_6_asymp","Cauchy",113942,10000,20,20,1.5,1,2,0,0.0049,0.00310122326515379,0.00669877673484621,0.0349,0.0313028798632239,0.0384971201367761,0.0825,0.0779741942171173,0.0870258057828828,825,349,49
"SmoothFixed_6_asymp","Cauchy",44968503,10000,20,20,2,1,1,0,0.005,0.00318305240581903,0.00681694759418097,0.0329,0.0294038527813606,0.0363961472186394,0.0716,0.0673587880213788,0.0758412119786212,716,329,50
"SmoothFixed_6_asymp","Cauchy",1222833,10000,20,20,2,0.5,0.5,0,0.0012,0.00030818299620606,0.00209181700379394,0.0193,0.0166034851675542,0.0219965148324458,0.0549,0.0511529373358623,0.0586470626641377,549,193,12
"SmoothFixed_6_asymp","Cauchy",64886446,10000,20,20,2,2,2,0,0.007,0.00485232034567536,0.00914767965432464,0.0422,0.0382595146865392,0.0461404853134608,0.0879,0.0832421921585391,0.0925578078414609,879,422,70
"SmoothFixed_6_asymp","Cauchy",18937930,10000,20,20,2,0.5,2,0,0.0032,0.00174512774259181,0.00465487225740819,0.024,0.0210002393695496,0.0269997606304504,0.0543,0.0505722866278676,0.0580277133721324,543,240,32
"SmoothFixed_6_asymp","Cauchy",13087883,10000,20,20,2,1,2,0,0.005,0.00318305240581903,0.00681694759418097,0.034,0.0304479089200867,0.0375520910799134,0.0786,0.0741730840216806,0.0830269159783194,786,340,50
"SmoothFixed_6_asymp","Cauchy",23505,10000,20,20,2.5,1,1,0,0.0039,0.00229442856754861,0.00550557143245139,0.0314,0.0279818341751167,0.0348181658248833,0.0735,0.0692072827493096,0.0777927172506904,735,314,39
"SmoothFixed_6_asymp","Cauchy",72565708,10000,20,20,2.5,0.5,0.5,0,9e-04,0.00012754783828123,0.00167245216171877,0.0132,0.0109630431471305,0.0154369568528695,0.0494,0.0458352565333393,0.0529647434666607,494,132,9
"SmoothFixed_6_asymp","Cauchy",7850711,10000,20,20,2.5,2,2,0,0.0052,0.00334725598592358,0.00705274401407642,0.0408,0.0369225988216848,0.0446774011783152,0.0887,0.0840230966263162,0.0933769033736838,887,408,52
"SmoothFixed_6_asymp","Cauchy",99489754,10000,20,20,2.5,0.5,2,0,0.0015,0.000503068031207746,0.00249693196879225,0.0183,0.0156729338307534,0.0209270661692466,0.0482,0.0446765973906038,0.0517234026093962,482,183,15
"SmoothFixed_6_asymp","Cauchy",7424957,10000,20,20,2.5,1,2,0,0.0048,0.00301958329256997,0.00658041670743003,0.0322,0.0287399942853226,0.0356600057146774,0.0724,0.0681369978137937,0.0766630021862063,724,322,48
"SmoothFixed_6_asymp","Cauchy",19590,10000,20,20,5,1,1,0,9e-04,0.00012754783828123,0.00167245216171877,0.0133,0.0110546995885628,0.0155453004114372,0.0486,0.0450627511793627,0.0521372488206373,486,133,9
"SmoothFixed_6_asymp","Cauchy",11068969,10000,20,20,5,0.5,0.5,0,1e-04,-0.000157587119677984,0.000357587119677984,0.0037,0.0025099861977271,0.0048900138022729,0.032,0.0291048,0.0348952,320,37,1
"SmoothFixed_6_asymp","Cauchy",56540862,10000,20,20,5,2,2,0,0.0034,0.00190050245650618,0.00489949754349382,0.0273,0.0241060592689281,0.0304939407310719,0.0671,0.0629842905413556,0.0712157094586444,671,273,34
"SmoothFixed_6_asymp","Cauchy",83198,10000,20,20,5,0.5,2,0,4e-04,-0.000115096949693939,0.000915096949693939,0.0109,0.00886488281654348,0.0129351171834565,0.0356,0.0325519681406521,0.0386480318593479,356,109,4
"SmoothFixed_6_asymp","Cauchy",8992993,10000,20,20,5,1,2,0,0.0016,0.000570424649992046,0.00262957535000795,0.0191,0.0164172196156972,0.0217827803843028,0.0557,0.0519273328135423,0.0594726671864577,557,191,16
"SmoothFixed_6_asymp","Cauchy",275743690,10000,20,20,5,0.5,1,0,3e-04,-0.000146109356566302,0.000746109356566302,0.0069,0.0052775283847167,0.0085224716152833,0.0344,0.0314019163077726,0.0373980836922274,344,69,3
"SmoothFixed_6_asymp","Cauchy",276599946,10000,20,20,0.5,0.5,1,0,0.0064,0.00434580514519581,0.00845419485480419,0.0402,0.0363500111592889,0.0440499888407111,0.0892,0.0845112201667811,0.0938887798332189,892,402,64
"SmoothFixed_6_asymp","Cauchy",1180561,10000,20,20,1,0.5,1,0,0.0051,0.00326506509471753,0.00693493490528247,0.0351,0.0314929614587033,0.0387070385412967,0.0752,0.0708619082491953,0.0795380917508047,752,351,51
"SmoothFixed_6_asymp","Cauchy",59314,10000,20,20,1.5,0.5,1,0,0.0038,0.00221506693533891,0.00538493306466109,0.0284,0.0251441904370188,0.0316558095629812,0.0724,0.0681369978137937,0.0766630021862063,724,284,38
"SmoothFixed_6_asymp","Cauchy",185463,10000,20,20,2,0.5,1,0,0.0021,0.000920768647472431,0.00327923135252757,0.0234,0.0204370633907557,0.0263629366092443,0.0581,0.0542518112383908,0.0619481887616092,581,234,21
"SmoothFixed_6_asymp","Cauchy",133669179,10000,20,20,2.5,0.5,1,0,0.002,0.000849130376801959,0.00315086962319804,0.0212,0.0183766092849908,0.0240233907150092,0.0554,0.0516369087001376,0.0591630912998624,554,212,20
"SmoothFixed_6_asymp","Cauchy",171758742,10000,100,100,0,1,1,1,0.0107,0.00804965901805522,0.0133503409819448,0.0503,0.0460161595938224,0.0545838404061776,0.1034,0.0983912940159059,0.108408705984094,1034,503,107
"SmoothFixed_6_asymp","Cauchy",1221973,10000,100,100,0,0.5,0.5,1,0.0096,0.00708818996570521,0.0121118100342948,0.0491,0.0448648944251176,0.0533351055748824,0.1007,0.0957496838681984,0.105650316131802,1007,491,96
"SmoothFixed_6_asymp","Cauchy",494282,10000,100,100,0,2,2,1,0.0085,0.00613516044552701,0.010864839554473,0.0475,0.0433309666588045,0.0516690333411955,0.0952,0.090372073248443,0.100027926751557,952,475,85
"SmoothFixed_6_asymp","Cauchy",8118002,10000,100,100,0.5,1,1,0,0.0109,0.00822527455888572,0.0135747254411143,0.059,0.0543817558488101,0.0636182441511899,0.1089,0.103775599510579,0.114024400489421,1089,590,109
"SmoothFixed_6_asymp","Cauchy",1538009,10000,100,100,0.5,0.5,0.5,0,0.0149,0.0117791050358873,0.0180208949641127,0.0655,0.0606508415616728,0.0703491584383272,0.1218,0.116419950607299,0.127180049392701,1218,655,149
"SmoothFixed_6_asymp","Cauchy",11990301,10000,100,100,0.5,2,2,0,0.009,0.00656721381654696,0.011432786183453,0.0513,0.046976064527586,0.055623935472414,0.1004,0.0954562388302427,0.105343761169757,1004,513,90
"SmoothFixed_6_asymp","Cauchy",111656,10000,100,100,0.5,0.5,2,0,0.0059,0.00392718254677631,0.00787281745322369,0.0337,0.0301630655463241,0.037236934453676,0.0717,0.0674560558953051,0.0759439441046949,717,337,59
"SmoothFixed_6_asymp","Cauchy",801507,10000,100,100,0.5,1,2,0,0.0074,0.00519225528409102,0.00960774471590898,0.0437,0.039693235034395,0.047706764965605,0.0905,0.0857805483237589,0.0952194516762411,905,437,74
"SmoothFixed_6_asymp","Cauchy",7332005,10000,100,100,1,1,1,0,0.0121,0.00928359545455842,0.0149164045454416,0.0613,0.0565983562651345,0.0660016437348655,0.1204,0.115046697854259,0.125753302145741,1204,613,121
"SmoothFixed_6_asymp","Cauchy",124956480,10000,100,100,1,0.5,0.5,0,0.0193,0.015756009077357,0.022843990922643,0.083,0.0775927084635652,0.0884072915364349,0.1544,0.148456092565862,0.160343907434138,1544,830,193
"SmoothFixed_6_asymp","Cauchy",3508159,10000,100,100,1,2,2,0,0.0113,0.00857718993386318,0.0140228100661368,0.052,0.0476482703025119,0.0563517296974881,0.1022,0.0972171117126811,0.107182888287319,1022,520,113
"SmoothFixed_6_asymp","Cauchy",78320,10000,100,100,1,0.5,2,0,0.0087,0.00630774187608109,0.0110922581239189,0.0444,0.0403627501511053,0.0484372498488947,0.0884,0.0837302439541664,0.0930697560458337,884,444,87
"SmoothFixed_6_asymp","Cauchy",976216,10000,100,100,1,1,2,0,0.0098,0.00726241640782102,0.012337583592179,0.0498,0.0455363823068197,0.0540636176931803,0.1009,0.095945321442114,0.105854678557886,1009,498,98
"SmoothFixed_6_asymp","Cauchy",123669,10000,100,100,1.5,1,1,0,0.0184,0.0149380400048897,0.0218619599951103,0.0765,0.071290389684439,0.081709610315561,0.1393,0.133604034344839,0.144995965655161,1393,765,184
"SmoothFixed_6_asymp","Cauchy",327716,10000,100,100,1.5,0.5,0.5,0,0.0167,0.0133989879183596,0.0200010120816404,0.0911,0.0854600752233385,0.0967399247766615,0.176,0.169735508244079,0.182264491755921,1760,911,167
"SmoothFixed_6_asymp","Cauchy",96972521,10000,100,100,1.5,2,2,0,0.0123,0.00946070223032243,0.0151392977696776,0.0588,0.0541891001041445,0.0634108998958555,0.1096,0.10446117586664,0.11473882413336,1096,588,123
"SmoothFixed_6_asymp","Cauchy",1046207,10000,100,100,1.5,0.5,2,0,0.0086,0.00622141025800917,0.0109785897419908,0.048,0.0438101819418977,0.0521898180581023,0.0988,0.0938914302559299,0.10370856974407,988,480,86
"SmoothFixed_6_asymp","Cauchy",108329,10000,100,100,1.5,1,2,0,0.0131,0.0101710087046794,0.0160289912953206,0.062,0.0572733511913831,0.066726648808617,0.1145,0.109262030944691,0.119737969055309,1145,620,131
"SmoothFixed_6_asymp","Cauchy",35196613,10000,100,100,2,1,1,0,0.0166,0.0133087186816463,0.0198912813183537,0.0813,0.0759434125145201,0.0866565874854799,0.1526,0.146684555297604,0.158515444702396,1526,813,166
"SmoothFixed_6_asymp","Cauchy",213200,10000,100,100,2,0.5,0.5,0,0.0204,0.0167584579384574,0.0240415420615426,0.117,0.110700162402093,0.123299837597907,0.2199,0.213086760494891,0.226713239505109,2199,1170,204
"SmoothFixed_6_asymp","Cauchy",358229218,10000,100,100,2,2,2,0,0.0147,0.0115998067420859,0.0178001932579141,0.0628,0.058044983446338,0.067555016553662,0.1196,0.114262086780061,0.124937913219939,1196,628,147
"SmoothFixed_6_asymp","Cauchy",6777088,10000,100,100,2,0.5,2,0,0.0101,0.00752425890101043,0.0126757410989896,0.0528,0.0484167738610015,0.0571832261389985,0.1052,0.100152959846762,0.110247040153238,1052,528,101
"SmoothFixed_6_asymp","Cauchy",14944451,10000,100,100,2,1,2,0,0.0147,0.0115998067420859,0.0178001932579141,0.0648,0.059975016601728,0.069624983398272,0.1207,0.115340946731486,0.126059053268514,1207,648,147
"SmoothFixed_6_asymp","Cauchy",46137,10000,100,100,2.5,1,1,0,0.0202,0.0165759827102929,0.0238240172897071,0.0883,0.0827388782842308,0.0938611217157692,0.1646,0.15850002502701,0.17069997497299,1646,883,202
"SmoothFixed_6_asymp","Cauchy",87175469,10000,100,100,2.5,0.5,0.5,0,0.0219,0.0181298420474383,0.0256701579525617,0.1364,0.129673028722642,0.143126971277358,0.26,0.252784466686377,0.267215533313623,2600,1364,219
"SmoothFixed_6_asymp","Cauchy",289111783,10000,100,100,2.5,2,2,0,0.0151,0.0119585481968644,0.0182414518031356,0.0697,0.0647090413600592,0.0746909586399408,0.1338,0.128199806299787,0.139400193700213,1338,697,151
"SmoothFixed_6_asymp","Cauchy",2657396,10000,100,100,2.5,0.5,2,0,0.01,0.00743691236201335,0.0125630876379867,0.0606,0.0559235352901577,0.0652764647098423,0.1183,0.112987258379257,0.123612741620743,1183,606,100
"SmoothFixed_6_asymp","Cauchy",30977,10000,100,100,2.5,1,2,0,0.0137,0.0107055941757577,0.0166944058242423,0.065,0.0601680931300365,0.0698319068699634,0.1277,0.122209722611035,0.133190277388965,1277,650,137
"SmoothFixed_6_asymp","Cauchy",234267529,10000,100,100,5,1,1,0,0.0205,0.0168497298300537,0.0241502701699463,0.1378,0.131044077026372,0.144555922973628,0.2616,0.254370127872666,0.268829872127334,2616,1378,205
"SmoothFixed_6_asymp","Cauchy",97637352,10000,100,100,5,0.5,0.5,0,0.0454,0.0400372876793563,0.0507627123206437,0.2861,0.277242040480652,0.294957959519348,0.4896,0.481376779424483,0.497823220575517,4896,2861,454
"SmoothFixed_6_asymp","Cauchy",488641,10000,100,100,5,2,2,0,0.0198,0.0162113111701213,0.0233886888298787,0.0932,0.0875020349209915,0.0988979650790085,0.17,0.163820840449543,0.176179159550457,1700,932,198
"SmoothFixed_6_asymp","Cauchy",21354,10000,100,100,5,0.5,2,0,0.0054,0.00351215225264748,0.00728784774735252,0.0613,0.0565983562651345,0.0660016437348655,0.1434,0.137634599081148,0.149165400918852,1434,613,54
"SmoothFixed_6_asymp","Cauchy",992312,10000,100,100,5,1,2,0,0.0148,0.011689437600289,0.017910562399711,0.0887,0.0831275193845469,0.0942724806154531,0.1764,0.170129915962956,0.182670084037044,1764,887,148
"SmoothFixed_6_asymp","Cauchy",25338310,10000,100,100,5,0.5,1,0,0.0214,0.0176721764201744,0.0251278235798256,0.1583,0.15114556747061,0.16545443252939,0.3126,0.304974555701659,0.320225444298341,3126,1583,214
"SmoothFixed_6_asymp","Cauchy",13121616,10000,100,100,0.5,0.5,1,0,0.0111,0.00840112023907993,0.0137988797609201,0.0499,0.0456323282977249,0.0541676717022751,0.1029,0.0979020257070514,0.107897974292949,1029,499,111
"SmoothFixed_6_asymp","Cauchy",18411,10000,100,100,1,0.5,1,0,0.0131,0.0101710087046794,0.0160289912953206,0.0618,0.0570804779096184,0.0665195220903816,0.1202,0.114850537900321,0.125549462099679,1202,618,131
"SmoothFixed_6_asymp","Cauchy",69656,10000,100,100,1.5,0.5,1,0,0.0163,0.013038097342431,0.019561902657569,0.0777,0.0724531012327662,0.0829468987672339,0.1472,0.141371679802344,0.153028320197656,1472,777,163
"SmoothFixed_6_asymp","Cauchy",244765,10000,100,100,2,0.5,1,0,0.0176,0.0142127568787251,0.0209872431212749,0.0841,0.078660260547563,0.089539739452437,0.1611,0.155052598968071,0.167147401031929,1611,841,176
"SmoothFixed_6_asymp","Cauchy",1496743,10000,100,100,2.5,0.5,1,0,0.0171,0.013760368248746,0.020439631751254,0.0922,0.086529561806562,0.097870438193438,0.1763,0.170031312918021,0.182568687081979,1763,922,171
"SmoothFixed_6_asymp","Cauchy",73446185,10000,10,100,0,1,1,1,0.2531,0.241899867487424,0.264300132512576,0.3873,0.377752190176087,0.396847809823912,0.4692,0.460990619959802,0.477409380040198,4692,3873,2531
"SmoothFixed_6_asymp","Cauchy",87348,10000,10,100,0,0.5,0.5,1,0.2569,0.24564484341333,0.26815515658667,0.3955,0.385916426722772,0.405083573277228,0.477,0.468783706658261,0.485216293341739,4770,3955,2569
"SmoothFixed_6_asymp","Cauchy",22796029,10000,10,100,0,2,2,1,0.2497,0.238550058132976,0.260849941867024,0.3849,0.375363195268938,0.394436804731062,0.4674,0.459192501021194,0.475607498978806,4674,3849,2497
"SmoothFixed_6_asymp","Cauchy",34237713,10000,10,100,0.5,1,1,0,0.2576,0.246334829489181,0.268865170510819,0.3858,0.376259039693113,0.395340960306887,0.4632,0.454997307498729,0.471402692501271,4632,3858,2576
"SmoothFixed_6_asymp","Cauchy",109734249,10000,10,100,0.5,0.5,0.5,0,0.2782,0.266656623513487,0.289743376486513,0.4139,0.404246392319635,0.423553607680365,0.4928,0.484575852812212,0.501024147187788,4928,4139,2782
"SmoothFixed_6_asymp","Cauchy",7867409,10000,10,100,0.5,2,2,0,0.2527,0.241505725022169,0.263894274977831,0.3881,0.37854857611126,0.39765142388874,0.4684,0.460191442747498,0.476608557252502,4684,3881,2527
"SmoothFixed_6_asymp","Cauchy",34137769,10000,10,100,0.5,0.5,2,0,0.4122,0.399520134604263,0.424879865395737,0.5459,0.536141380842025,0.555658619157975,0.623,0.615027755662456,0.630972244337544,6230,5459,4122
"SmoothFixed_6_asymp","Cauchy",217699463,10000,10,100,0.5,1,2,0,0.2674,0.255998551830323,0.278801448169677,0.3987,0.389103236526328,0.408296763473672,0.4776,0.469383258097664,0.485816741902336,4776,3987,2674
"SmoothFixed_6_asymp","Cauchy",103220858,10000,10,100,1,1,1,0,0.2763,0.26478097853766,0.28781902146234,0.4078,0.398168057449009,0.417431942550991,0.4855,0.477278459339979,0.493721540660021,4855,4078,2763
"SmoothFixed_6_asymp","Cauchy",8836886,10000,10,100,1,0.5,0.5,0,0.533,0.520148083256043,0.545851916743957,0.6531,0.643770721387889,0.662429278612111,0.7093,0.701830295903466,0.716769704096534,7093,6531,5330
"SmoothFixed_6_asymp","Cauchy",48932854,10000,10,100,1,2,2,0,0.2566,0.245349146670597,0.267850853329403,0.3896,0.380041872753808,0.399158127246192,0.4724,0.464187540512149,0.480612459487851,4724,3896,2566
"SmoothFixed_6_asymp","Cauchy",220114,10000,10,100,1,0.5,2,0,0.5947,0.582053127803239,0.607346872196761,0.7216,0.712815056977396,0.730384943022604,0.7763,0.769444901690583,0.783155098309417,7763,7216,5947
"SmoothFixed_6_asymp","Cauchy",23324,10000,10,100,1,1,2,0,0.3124,0.300460962802461,0.324339037197539,0.4474,0.437654379369255,0.457145620630745,0.5277,0.519487631620064,0.535912368379936,5277,4474,3124
"SmoothFixed_6_asymp","Cauchy",92165,10000,10,100,1.5,1,1,0,0.3654,0.352995474275556,0.377804525724444,0.4948,0.485000529998332,0.504599470001668,0.5671,0.55894940115096,0.57525059884904,5671,4948,3654
"SmoothFixed_6_asymp","Cauchy",1309616,10000,10,100,1.5,0.5,0.5,0,0.8028,0.792550492539462,0.813049507460538,0.8716,0.865043120627128,0.878156879372872,0.9015,0.89659807250723,0.90640192749277,9015,8716,8028
"SmoothFixed_6_asymp","Cauchy",158885761,10000,10,100,1.5,2,2,0,0.2545,0.243279464711806,0.265720535288194,0.3792,0.369690315913891,0.388709684086109,0.4593,0.451102294548791,0.467497705451209,4593,3792,2545
"SmoothFixed_6_asymp","Cauchy",186099212,10000,10,100,1.5,0.5,2,0,0.553,0.540192564248781,0.565807435751219,0.6742,0.665014009637628,0.683385990362372,0.732,0.724714005487238,0.739285994512762,7320,6742,5530
"SmoothFixed_6_asymp","Cauchy",890142,10000,10,100,1.5,1,2,0,0.3003,0.288491915244629,0.312108084755371,0.4346,0.424884194000784,0.444315805999216,0.5112,0.502977063746909,0.519422936253091,5112,4346,3003
"SmoothFixed_6_asymp","Cauchy",26620289,10000,10,100,2,1,1,0,0.5367,0.523854742744252,0.549545257255748,0.6479,0.638538551038733,0.657261448961267,0.7073,0.699815219088525,0.714784780911475,7073,6479,5367
"SmoothFixed_6_asymp","Cauchy",1461624,10000,10,100,2,0.5,0.5,0,0.8647,0.855888953636916,0.873511046363084,0.9122,0.906653125201918,0.917746874798082,0.9315,0.927344697764377,0.935655302235623,9315,9122,8647
"SmoothFixed_6_asymp","Cauchy",130977,10000,10,100,2,2,2,0,0.2719,0.260438380731011,0.283361619268989,0.4041,0.394481946482245,0.413718053517755,0.4858,0.477578317647105,0.494021682352895,4858,4041,2719
"SmoothFixed_6_asymp","Cauchy",155797963,10000,10,100,2,0.5,2,0,0.4019,0.389270336981025,0.414529663018975,0.5327,0.522920980542324,0.542479019457676,0.6052,0.597159113462534,0.613240886537466,6052,5327,4019
"SmoothFixed_6_asymp","Cauchy",10403433,10000,10,100,2,1,2,0,0.2709,0.259451623320813,0.282348376679187,0.4019,0.39229047378991,0.41150952621009,0.4831,0.474879699627144,0.491320300372856,4831,4019,2709
"SmoothFixed_6_asymp","Cauchy",4820344,10000,10,100,2.5,1,1,0,0.694,0.682129027274633,0.705870972725367,0.7904,0.78242234637162,0.79837765362838,0.8315,0.82534260546827,0.83765739453173,8315,7904,6940
"SmoothFixed_6_asymp","Cauchy",5126278,10000,10,100,2.5,0.5,0.5,0,0.8573,0.848290011075828,0.866309988924172,0.9047,0.898944874258055,0.910455125741945,0.9255,0.921180512215045,0.929819487784955,9255,9047,8573
"SmoothFixed_6_asymp","Cauchy",34731,10000,10,100,2.5,2,2,0,0.3049,0.293040996011561,0.316759003988439,0.4326,0.422889446291874,0.442310553708126,0.5139,0.505678178918818,0.522121821081182,5139,4326,3049
"SmoothFixed_6_asymp","Cauchy",126786,10000,10,100,2.5,0.5,2,0,0.3477,0.335432052937411,0.359967947062589,0.4807,0.470907303525504,0.490492696474496,0.5571,0.54892880976216,0.56527119023784,5571,4807,3477
"SmoothFixed_6_asymp","Cauchy",564366,10000,10,100,2.5,1,2,0,0.2885,0.276829049700114,0.300170950299886,0.4258,0.416108511294048,0.435491488705952,0.5028,0.494575128969011,0.511024871030989,5028,4258,2885
"SmoothFixed_6_asymp","Cauchy",531237,10000,10,100,5,1,1,0,0.8611,0.852191106317174,0.870008893682826,0.9056,0.899869265671626,0.911330734328374,0.925,0.920667212394139,0.929332787605861,9250,9056,8611
"SmoothFixed_6_asymp","Cauchy",1032200,10000,10,100,5,0.5,0.5,0,0.6726,0.660511744585052,0.684688255414948,0.7453,0.736760428002201,0.753839571997799,0.7859,0.779152267146146,0.792647732853854,7859,7453,6726
"SmoothFixed_6_asymp","Cauchy",136827,10000,10,100,5,2,2,0,0.6926,0.680713909465824,0.704486090534176,0.7851,0.777049242082984,0.793150757917016,0.8265,0.820270731211099,0.832729268788901,8265,7851,6926
"SmoothFixed_6_asymp","Cauchy",72099,10000,10,100,5,0.5,2,0,0.9343,0.927917780774262,0.940682219225738,0.9577,0.95375505458167,0.96164494541833,0.9686,0.965731182254116,0.971468817745884,9686,9577,9343
"SmoothFixed_6_asymp","Cauchy",14321153,10000,10,100,5,1,2,0,0.8628,0.853937056462438,0.871662943537562,0.9099,0.904288030534794,0.915511969465206,0.9295,0.925289000810452,0.933710999189548,9295,9099,8628
"SmoothFixed_6_asymp","Cauchy",159317277,10000,10,100,5,0.5,1,0,0.9332,0.926768364036252,0.939631635963748,0.9544,0.95031112618654,0.95848887381346,0.9636,0.960519189471649,0.966680810528351,9636,9544,9332
"SmoothFixed_6_asymp","Cauchy",21790051,10000,10,100,0.5,0.5,1,0,0.3006,0.288788551497125,0.312411448502875,0.4375,0.427776863931838,0.447223136068162,0.52,0.511781582634108,0.528218417365892,5200,4375,3006
"SmoothFixed_6_asymp","Cauchy",189082021,10000,10,100,1,0.5,1,0,0.2757,0.264188723537723,0.287211276462277,0.4068,0.397171755401861,0.416428244598139,0.4892,0.480976918951853,0.497423081048147,4892,4068,2757
"SmoothFixed_6_asymp","Cauchy",47510820,10000,10,100,1.5,0.5,1,0,0.3917,0.379125765577057,0.404274234422943,0.5177,0.507906142408959,0.527493857591042,0.5876,0.579502217194837,0.595697782805163,5876,5177,3917
"SmoothFixed_6_asymp","Cauchy",225839,10000,10,100,2,0.5,1,0,0.669,0.656878038105719,0.681121961894281,0.7632,0.754867676916874,0.771532323083126,0.8108,0.804357071106678,0.817242928893322,8108,7632,6690
"SmoothFixed_6_asymp","Cauchy",91455345,10000,10,100,2.5,0.5,1,0,0.8727,0.864113967095655,0.881286032904345,0.9157,0.910254390869554,0.921145609130446,0.9338,0.929710013902236,0.937889986097764,9338,9157,8727
