"method","distribution","seed","N","n1","n2","delta","scale","lambda3","lambda4","null","power0.01","l_CI","u_CI","power0.05","l_CI","u_CI","power0.10","l_CI","u_CI","ct_0.10","ct_0.05","ct_0.01"
"WMW_Asymp","GLDLS",36633968,10000,10,10,0,2,-0.002,-0.002,1,0.0056,0.00367770325743812,0.00752229674256188,0.0387,0.0349195715309505,0.0424804284690495,0.0851,0.080509949157256,0.089690050842744,851,387,56
"WMW_Asymp","GLDLS",712553,10000,10,10,0,2,-0.02,-0.02,1,0.0085,0.00613516044552701,0.010864839554473,0.0431,0.0391195883953541,0.0470804116046459,0.0912,0.0864641549917253,0.0959358450082747,912,431,85
"WMW_Asymp","GLDLS",82804166,10000,10,10,0,2,-0.05,-0.05,1,0.0058,0.00384387440854734,0.00775612559145266,0.0448,0.0407454539694807,0.0488545460305193,0.0897,0.0849993881057063,0.0944006118942937,897,448,58
"WMW_Asymp","GLDLS",572010,10000,10,10,0,2,-0.1,-0.1,1,0.0057,0.0037607133569851,0.0076392866430149,0.0411,0.0372089784006768,0.0449910215993232,0.0845,0.0799246593843327,0.0890753406156673,845,411,57
"WMW_Asymp","GLDLS",24892,10000,10,10,0,2,-0.2,-0.2,1,0.0065,0.00442992313031617,0.00857007686968383,0.0423,0.0383550545816704,0.0462449454183296,0.0836,0.0790468539501132,0.0881531460498868,836,423,65
"WMW_Asymp","GLDLS",324805520,10000,10,10,0.5,2,-0.002,-0.002,0,0.0667,0.0602728356041613,0.0731271643958386,0.2126,0.204580719461298,0.220619280538702,0.3194,0.311730283157567,0.327069716842433,3194,2126,667
"WMW_Asymp","GLDLS",537250,10000,10,10,0.5,2,-0.002,-0.02,0,0.0624,0.0561691549269602,0.0686308450730398,0.2098,0.201819551010526,0.217780448989474,0.3172,0.309544399752051,0.324855600247949,3172,2098,624
"WMW_Asymp","GLDLS",668075,10000,10,10,0.5,2,-0.002,-0.05,0,0.0623,0.0560738175920637,0.0685261824079363,0.1997,0.191864413447252,0.207535586552748,0.308,0.300405585312876,0.315594414687124,3080,1997,623
"WMW_Asymp","GLDLS",205383872,10000,10,10,0.5,2,-0.002,-0.1,0,0.0593,0.0532158659050465,0.0653841340949535,0.1923,0.184575493287361,0.200024506712639,0.3013,0.29375236586858,0.30884763413142,3013,1923,593
"WMW_Asymp","GLDLS",85839,10000,10,10,0.5,2,-0.002,-0.2,0,0.0496,0.0440070632140544,0.0551929367859456,0.1741,0.166667769161927,0.181532230838073,0.2726,0.265274867641667,0.279925132358333,2726,1741,496
"WMW_Asymp","GLDLS",35352676,10000,10,10,1,2,-0.002,-0.002,0,0.3313,0.319175265478657,0.343424734521343,0.634,0.624558494662396,0.643441505337604,0.7631,0.756105782082321,0.770094217917679,7631,6340,3313
"WMW_Asymp","GLDLS",380525,10000,10,10,1,2,-0.002,-0.02,0,0.3239,0.311845289066298,0.335954710933702,0.6315,0.622045000833421,0.640954999166578,0.7599,0.752873481329707,0.766926518670293,7599,6315,3239
"WMW_Asymp","GLDLS",38727229,10000,10,10,1,2,-0.002,-0.05,0,0.3168,0.304815708225758,0.328784291774243,0.6116,0.602047227824846,0.621152772175154,0.7353,0.728042698667495,0.742557301332505,7353,6116,3168
"WMW_Asymp","GLDLS",502642,10000,10,10,1,2,-0.002,-0.1,0,0.2855,0.273865438180593,0.297134561819407,0.5756,0.565912668721345,0.585287331278655,0.7032,0.695684856433148,0.710715143566852,7032,5756,2855
"WMW_Asymp","GLDLS",844111,10000,10,10,1,2,-0.002,-0.2,0,0.2553,0.244067874611401,0.266532125388599,0.5376,0.527827748982021,0.547372251017979,0.6725,0.664779992917142,0.680220007082858,6725,5376,2553
"WMW_Asymp","GLDLS",2844416,10000,10,10,1.5,2,-0.002,-0.002,0,0.7276,0.716131786868765,0.739068213131235,0.922,0.916743836897508,0.927256163102492,0.9633,0.960207001463179,0.966392998536821,9633,9220,7276
"WMW_Asymp","GLDLS",157377221,10000,10,10,1.5,2,-0.002,-0.02,0,0.7195,0.707927486645607,0.731072513354393,0.9206,0.915300903750412,0.925899096249588,0.9604,0.957191961505281,0.963608038494719,9604,9206,7195
"WMW_Asymp","GLDLS",208184158,10000,10,10,1.5,2,-0.002,-0.05,0,0.6944,0.682533370317126,0.706266629682874,0.9065,0.900793815877489,0.912206184122511,0.9539,0.95045040754422,0.95734959245578,9539,9065,6944
"WMW_Asymp","GLDLS",1284245,10000,10,10,1.5,2,-0.002,-0.1,0,0.6651,0.652942426428624,0.677257573571376,0.8916,0.885506655362578,0.897693344637422,0.9443,0.940527332813542,0.948072667186458,9443,8916,6651
"WMW_Asymp","GLDLS",53619836,10000,10,10,1.5,2,-0.002,-0.2,0,0.5891,0.576426153562815,0.601773846437185,0.8515,0.844530339488899,0.858469660511101,0.9196,0.915127056545897,0.924072943454103,9196,8515,5891
"WMW_Asymp","GLDLS",42470,10000,10,10,2,2,-0.002,-0.002,0,0.9391,0.932939578537036,0.945260421462964,0.9919,0.990143158725895,0.993656841274105,0.9981,0.997383642634591,0.998816357365409,9981,9919,9391
"WMW_Asymp","GLDLS",1923429,10000,10,10,2,2,-0.002,-0.02,0,0.9264,0.919673579105951,0.933126420894049,0.9907,0.988818654204672,0.992581345795328,0.9967,0.995756579951042,0.997643420048958,9967,9907,9264
"WMW_Asymp","GLDLS",48105,10000,10,10,2,2,-0.002,-0.05,0,0.9194,0.912387616982618,0.926412383017382,0.9886,0.986519255285625,0.990680744714375,0.9963,0.99530123841595,0.99729876158405,9963,9886,9194
"WMW_Asymp","GLDLS",3183865,10000,10,10,2,2,-0.002,-0.1,0,0.8917,0.883694850069915,0.899705149930085,0.9809,0.978217219615697,0.983582780384303,0.9933,0.991958027793218,0.994641972206782,9933,9809,8917
"WMW_Asymp","GLDLS",64310,10000,10,10,2,2,-0.002,-0.2,0,0.8402,0.830761008722152,0.849638991277848,0.9631,0.959405080798935,0.966794919201065,0.9849,0.982893909853976,0.986906090146024,9849,9631,8402
"WMW_Asymp","GLDLS",38761844,10000,10,10,2.5,2,-0.002,-0.002,0,0.9904,0.987888189965705,0.992911810034295,0.9995,0.99906184025744,0.99993815974256,0.9997,0.999415120383714,0.999984879616286,9997,9995,9904
"WMW_Asymp","GLDLS",78419,10000,10,10,2.5,2,-0.002,-0.02,0,0.9885,0.985753477787747,0.991246522212253,0.9996,0.999208078407842,0.999991921592158,1,1,1,10000,9996,9885
"WMW_Asymp","GLDLS",211734,10000,10,10,2.5,2,-0.002,-0.05,0,0.9848,0.981648323215922,0.987951676784078,0.9994,0.998920044062022,0.999879955937978,0.9999,0.999735508225206,1.00006449177479,9999,9994,9848
"WMW_Asymp","GLDLS",49963403,10000,10,10,2.5,2,-0.002,-0.1,0,0.9762,0.972273516842739,0.980126483157261,0.998,0.997124338330175,0.998875661669825,0.9994,0.998997179837769,0.999802820162231,9994,9980,9762
"WMW_Asymp","GLDLS",99612,10000,10,10,2.5,2,-0.002,-0.2,0,0.9423,0.936293404853655,0.948306595146345,0.9932,0.991589247243802,0.994810752756198,0.9976,0.996795085514107,0.998404914485893,9976,9932,9423
"WMW_Asymp","GLDLS",2725483,10000,20,20,0,2,-0.002,-0.002,1,0.0071,0.00493714308998861,0.00926285691001139,0.0458,0.0417025985530339,0.0498974014469661,0.0912,0.0864641549917253,0.0959358450082747,912,458,71
"WMW_Asymp","GLDLS",21952,10000,20,20,0,2,-0.02,-0.02,1,0.0092,0.00674057959837363,0.0116594204016264,0.05,0.0457282790353301,0.0542717209646699,0.094,0.0891994176072064,0.0988005823927936,940,500,92
"WMW_Asymp","GLDLS",14521933,10000,20,20,0,2,-0.05,-0.05,1,0.0092,0.00674057959837363,0.0116594204016264,0.055,0.0505315868588502,0.0594684131411498,0.1011,0.0961409650363226,0.106059034963677,1011,550,92
"WMW_Asymp","GLDLS",83382229,10000,20,20,0,2,-0.1,-0.1,1,0.0103,0.00769914430765258,0.0129008556923474,0.0529,0.0485128566453329,0.0572871433546671,0.102,0.0970214352881578,0.106978564711842,1020,529,103
"WMW_Asymp","GLDLS",36684,10000,20,20,0,2,-0.2,-0.2,1,0.0092,0.00674057959837363,0.0116594204016264,0.0527,0.0483206954577696,0.0570793045422304,0.0978,0.0929136255890589,0.102686374410941,978,527,92
"WMW_Asymp","GLDLS",32279331,10000,20,20,0.5,2,-0.002,-0.002,0,0.1848,0.17480163636792,0.19479836363208,0.4163,0.406638287205179,0.425961712794821,0.5452,0.537008676952506,0.553391323047494,5452,4163,1848
"WMW_Asymp","GLDLS",21516940,10000,20,20,0.5,2,-0.002,-0.02,0,0.1774,0.167559503323052,0.187240496676948,0.4136,0.403947422055927,0.423252577944073,0.5368,0.528597307498729,0.545002692501271,5368,4136,1774
"WMW_Asymp","GLDLS",40130468,10000,20,20,0.5,2,-0.002,-0.05,0,0.1717,0.161985401928647,0.181414598071353,0.3951,0.385518105640407,0.404681894359593,0.5156,0.507379004246711,0.523820995753289,5156,3951,1717
"WMW_Asymp","GLDLS",59034,10000,20,20,0.5,2,-0.002,-0.1,0,0.1652,0.155633741760997,0.174766258239003,0.3806,0.371083526034166,0.390116473965834,0.5077,0.499475975378334,0.515924024621666,5077,3806,1652
"WMW_Asymp","GLDLS",263962,10000,20,20,0.5,2,-0.002,-0.2,0,0.1472,0.138073098584097,0.156326901415903,0.3506,0.341247705602239,0.359952294397761,0.4707,0.462489134305095,0.478910865694905,4707,3506,1472
"WMW_Asymp","GLDLS",52820289,10000,20,20,1,2,-0.002,-0.002,0,0.7817,0.771058746664723,0.792341253335277,0.9354,0.930581953211684,0.940218046788316,0.9686,0.965731182254116,0.971468817745884,9686,9354,7817
"WMW_Asymp","GLDLS",55087,10000,20,20,1,2,-0.002,-0.02,0,0.7707,0.759870944848502,0.781529055151498,0.9277,0.922623913685367,0.932776086314632,0.9621,0.958958799813292,0.965241200186708,9621,9277,7707
"WMW_Asymp","GLDLS",241508398,10000,20,20,1,2,-0.002,-0.05,0,0.7582,0.747170244205687,0.769229755794313,0.9233,0.91808414906486,0.92851585093514,0.9596,0.956361068938122,0.962838931061878,9596,9233,7582
"WMW_Asymp","GLDLS",179373,10000,20,20,1,2,-0.002,-0.1,0,0.728,0.716537060497342,0.739462939502658,0.9067,0.900999293249289,0.912400706750711,0.9471,0.943417933255904,0.950782066744096,9471,9067,7280
"WMW_Asymp","GLDLS",395045,10000,20,20,1,2,-0.002,-0.2,0,0.6637,0.651529870453267,0.675870129546733,0.8692,0.862591242714579,0.875808757285421,0.9263,0.922001910266552,0.930598089733448,9263,8692,6637
"WMW_Asymp","GLDLS",1299509,10000,20,20,1.5,2,-0.002,-0.002,0,0.9906,0.98811424141895,0.99308575858105,0.9984,0.997616627451081,0.999183372548919,0.9995,0.999132258787495,0.999867741212506,9995,9984,9906
"WMW_Asymp","GLDLS",22984431,10000,20,20,1.5,2,-0.002,-0.02,0,0.9875,0.984638001397624,0.990361998602376,0.9987,0.997993771446627,0.999406228553373,0.9993,0.998864926265128,0.999735073734871,9993,9987,9875
"WMW_Asymp","GLDLS",520605,10000,20,20,1.5,2,-0.002,-0.05,0,0.9856,0.982531137346041,0.988668862653959,0.9987,0.997993771446627,0.999406228553373,0.9999,0.999735508225206,1.00006449177479,9999,9987,9856
"WMW_Asymp","GLDLS",67352476,10000,20,20,1.5,2,-0.002,-0.1,0,0.9785,0.974763667619925,0.982236332380075,0.9967,0.995575925048051,0.997824074951949,0.9992,0.998734909885721,0.999665090114279,9992,9967,9785
"WMW_Asymp","GLDLS",155700,10000,20,20,1.5,2,-0.002,-0.2,0,0.9609,0.955906864703481,0.965893135296519,0.9928,0.991142882881146,0.994457117118854,0.9973,0.996446387641974,0.998153612358026,9973,9928,9609
"WMW_Asymp","GLDLS",17208,10000,20,20,2,2,-0.002,-0.002,0,1,1,1,1,1,1,1,1,1,10000,10000,10000
"WMW_Asymp","GLDLS",25998611,10000,20,20,2,2,-0.002,-0.02,0,1,1,1,1,1,1,1,1,1,10000,10000,10000
"WMW_Asymp","GLDLS",53531,10000,20,20,2,2,-0.002,-0.05,0,1,1,1,1,1,1,1,1,1,10000,10000,10000
"WMW_Asymp","GLDLS",18233554,10000,20,20,2,2,-0.002,-0.1,0,0.9995,0.998924132909779,1.00007586709022,1,1,1,1,1,1,10000,10000,9995
"WMW_Asymp","GLDLS",132127,10000,20,20,2,2,-0.002,-0.2,0,0.9976,0.996339538166772,0.998860461833228,0.9997,0.99936056896783,1.00003943103217,1,1,1,10000,9997,9976
"WMW_Asymp","GLDLS",1101115,10000,20,20,2.5,2,-0.002,-0.002,0,1,1,1,1,1,1,1,1,1,10000,10000,10000
"WMW_Asymp","GLDLS",4250686,10000,20,20,2.5,2,-0.002,-0.02,0,1,1,1,1,1,1,1,1,1,10000,10000,10000
"WMW_Asymp","GLDLS",63038,10000,20,20,2.5,2,-0.002,-0.05,0,1,1,1,1,1,1,1,1,1,10000,10000,10000
"WMW_Asymp","GLDLS",78879,10000,20,20,2.5,2,-0.002,-0.1,0,1,1,1,1,1,1,1,1,1,10000,10000,10000
"WMW_Asymp","GLDLS",3131541,10000,20,20,2.5,2,-0.002,-0.2,0,1,1,1,1,1,1,1,1,1,10000,10000,10000
"WMW_Asymp","GLDLS",675670,10000,100,100,0,2,-0.002,-0.002,1,0.0098,0.00726241640782102,0.012337583592179,0.0481,0.0439060401072018,0.0522939598927982,0.0974,0.0925225475371768,0.102277452462823,974,481,98
"WMW_Asymp","GLDLS",301784171,10000,100,100,0,2,-0.02,-0.02,1,0.0096,0.00708818996570521,0.0121118100342948,0.0507,0.0464000659817155,0.0549999340182845,0.1022,0.0972171117126811,0.107182888287319,1022,507,96
"WMW_Asymp","GLDLS",22749,10000,100,100,0,2,-0.05,-0.05,1,0.0097,0.00717526898390819,0.0122247310160918,0.0509,0.0465920470719378,0.0552079529280622,0.1008,0.0958475019016258,0.105752498098374,1008,509,97
"WMW_Asymp","GLDLS",4075957,10000,100,100,0,2,-0.1,-0.1,1,0.0084,0.00604899387398841,0.0107510061260116,0.0509,0.0465920470719378,0.0552079529280622,0.099,0.0940870098313247,0.103912990168675,990,509,84
"WMW_Asymp","GLDLS",18520783,10000,100,100,0,2,-0.2,-0.2,1,0.0102,0.00761166986137858,0.0127883301386214,0.0516,0.0472641255841065,0.0559358744158935,0.0983,0.0934025084421946,0.103197491557805,983,516,102
"WMW_Asymp","GLDLS",13153739,10000,100,100,0.5,2,-0.002,-0.002,0,0.9245,0.917694300139912,0.931305699860088,0.9807,0.978003485167554,0.983396514832446,0.9921,0.990643678796427,0.993556321203573,9921,9807,9245
"WMW_Asymp","GLDLS",7083827,10000,100,100,0.5,2,-0.002,-0.02,0,0.9125,0.905221090466286,0.919778909533714,0.9791,0.976296227707106,0.981903772292894,0.9906,0.989012626993079,0.992187373006921,9906,9791,9125
"WMW_Asymp","GLDLS",44922519,10000,100,100,0.5,2,-0.002,-0.05,0,0.9112,0.903872443140456,0.918527556859544,0.9762,0.973212458467301,0.979187541532699,0.9901,0.988471367752077,0.991728632247923,9901,9762,9112
"WMW_Asymp","GLDLS",301919,10000,100,100,0.5,2,-0.002,-0.1,0,0.889,0.880907956130223,0.897092043869777,0.9689,0.965497675411369,0.972302324588631,0.9846,0.982574388385919,0.986625611614081,9846,9689,8890
"WMW_Asymp","GLDLS",117879,10000,100,100,0.5,2,-0.002,-0.2,0,0.8495,0.840289232916548,0.858710767083452,0.9527,0.948539316081027,0.956860683918973,0.9782,0.975797806550692,0.980602193449308,9782,9527,8495
"WMW_Asymp","GLDLS",27125475,10000,100,100,1,2,-0.002,-0.002,0,1,1,1,1,1,1,1,1,1,10000,10000,10000
"WMW_Asymp","GLDLS",406382,10000,100,100,1,2,-0.002,-0.02,0,1,1,1,1,1,1,1,1,1,10000,10000,10000
"WMW_Asymp","GLDLS",43707170,10000,100,100,1,2,-0.002,-0.05,0,1,1,1,1,1,1,1,1,1,10000,10000,10000
"WMW_Asymp","GLDLS",307321,10000,100,100,1,2,-0.002,-0.1,0,1,1,1,1,1,1,1,1,1,10000,10000,10000
"WMW_Asymp","GLDLS",110903,10000,100,100,1,2,-0.002,-0.2,0,1,1,1,1,1,1,1,1,1,10000,10000,10000
"WMW_Asymp","GLDLS",45701,10000,100,100,1.5,2,-0.002,-0.002,0,1,1,1,1,1,1,1,1,1,10000,10000,10000
"WMW_Asymp","GLDLS",2610050,10000,100,100,1.5,2,-0.002,-0.02,0,1,1,1,1,1,1,1,1,1,10000,10000,10000
"WMW_Asymp","GLDLS",997216,10000,100,100,1.5,2,-0.002,-0.05,0,1,1,1,1,1,1,1,1,1,10000,10000,10000
"WMW_Asymp","GLDLS",11871931,10000,100,100,1.5,2,-0.002,-0.1,0,1,1,1,1,1,1,1,1,1,10000,10000,10000
"WMW_Asymp","GLDLS",11495179,10000,100,100,1.5,2,-0.002,-0.2,0,1,1,1,1,1,1,1,1,1,10000,10000,10000
"WMW_Asymp","GLDLS",660945,10000,100,100,2,2,-0.002,-0.002,0,1,1,1,1,1,1,1,1,1,10000,10000,10000
"WMW_Asymp","GLDLS",64019,10000,100,100,2,2,-0.002,-0.02,0,1,1,1,1,1,1,1,1,1,10000,10000,10000
"WMW_Asymp","GLDLS",31925766,10000,100,100,2,2,-0.002,-0.05,0,1,1,1,1,1,1,1,1,1,10000,10000,10000
"WMW_Asymp","GLDLS",337498,10000,100,100,2,2,-0.002,-0.1,0,1,1,1,1,1,1,1,1,1,10000,10000,10000
"WMW_Asymp","GLDLS",16313425,10000,100,100,2,2,-0.002,-0.2,0,1,1,1,1,1,1,1,1,1,10000,10000,10000
"WMW_Asymp","GLDLS",2638775,10000,100,100,2.5,2,-0.002,-0.002,0,1,1,1,1,1,1,1,1,1,10000,10000,10000
"WMW_Asymp","GLDLS",379349,10000,100,100,2.5,2,-0.002,-0.02,0,1,1,1,1,1,1,1,1,1,10000,10000,10000
"WMW_Asymp","GLDLS",8722932,10000,100,100,2.5,2,-0.002,-0.05,0,1,1,1,1,1,1,1,1,1,10000,10000,10000
"WMW_Asymp","GLDLS",78016266,10000,100,100,2.5,2,-0.002,-0.1,0,1,1,1,1,1,1,1,1,1,10000,10000,10000
"WMW_Asymp","GLDLS",1488593,10000,100,100,2.5,2,-0.002,-0.2,0,1,1,1,1,1,1,1,1,1,10000,10000,10000
"WMW_Asymp","GLDLS",23113,10000,10,100,0,2,-0.002,-0.002,1,0.0083,0.00596291202152422,0.0106370879784758,0.0465,0.0423729199135466,0.0506270800864534,0.0984,0.0935002896965637,0.103299710303436,984,465,83
"WMW_Asymp","GLDLS",31574273,10000,10,100,0,2,-0.02,-0.02,1,0.0082,0.00587691641085044,0.0105230835891496,0.0488,0.0445771864817873,0.0530228135182127,0.1009,0.095945321442114,0.105854678557886,1009,488,82
"WMW_Asymp","GLDLS",25942477,10000,10,100,0,2,-0.05,-0.05,1,0.01,0.00743691236201335,0.0125630876379867,0.051,0.0466880445456846,0.0553119554543154,0.1017,0.0967279317825702,0.10667206821743,1017,510,100
"WMW_Asymp","GLDLS",23706170,10000,10,100,0,2,-0.1,-0.1,1,0.0077,0.00544828864991625,0.00995171135008375,0.051,0.0466880445456846,0.0553119554543154,0.1008,0.0958475019016258,0.105752498098374,1008,510,77
"WMW_Asymp","GLDLS",126006,10000,10,100,0,2,-0.2,-0.2,1,0.0089,0.00648064499126234,0.0113193550087377,0.0477,0.0435226376032717,0.0518773623967283,0.095,0.0901766142661508,0.0998233857338492,950,477,89
"WMW_Asymp","GLDLS",42940974,10000,10,100,0.5,2,-0.002,-0.002,0,0.1726,0.162865267711076,0.182334732288924,0.3921,0.382530911653956,0.401669088346044,0.5271,0.518887089929996,0.535312910070004,5271,3921,1726
"WMW_Asymp","GLDLS",13053765,10000,10,100,0.5,2,-0.002,-0.02,0,0.1612,0.151727653236401,0.170672346763599,0.3844,0.374865518806857,0.393934481193143,0.5176,0.509380097131377,0.525819902868623,5176,3844,1612
"WMW_Asymp","GLDLS",49916,10000,10,100,0.5,2,-0.002,-0.05,0,0.1665,0.156903656619399,0.176096343380601,0.3798,0.370287395679752,0.389312604320248,0.5059,0.497675572644434,0.514124427355566,5059,3798,1665
"WMW_Asymp","GLDLS",1358431,10000,10,100,0.5,2,-0.002,-0.1,0,0.1521,0.142849125625392,0.161350874374608,0.3612,0.351785171877851,0.370614828122149,0.493,0.4847758060895,0.5012241939105,4930,3612,1521
"WMW_Asymp","GLDLS",29469,10000,10,100,0.5,2,-0.002,-0.2,0,0.14,0.131061614069643,0.148938385930357,0.3299,0.320684539581855,0.339115460418145,0.4599,0.451701494436547,0.468098505563453,4599,3299,1400
"WMW_Asymp","GLDLS",4390844,10000,10,100,1,2,-0.002,-0.002,0,0.7424,0.731134829489181,0.753665170510819,0.9129,0.907373161777797,0.918426838222203,0.9527,0.949207997425148,0.956192002574852,9527,9129,7424
"WMW_Asymp","GLDLS",66998,10000,10,100,1,2,-0.002,-0.02,0,0.7286,0.717144992871137,0.740055007128863,0.9001,0.894222614241144,0.905977385758856,0.946,0.942282008860957,0.949717991139043,9460,9001,7286
"WMW_Asymp","GLDLS",133350,10000,10,100,1,2,-0.002,-0.05,0,0.7042,0.692443096490864,0.715956903509136,0.8839,0.877621241947136,0.890178758052864,0.9376,0.933621063608249,0.941578936391751,9376,8839,7042
"WMW_Asymp","GLDLS",1545645,10000,10,100,1,2,-0.002,-0.1,0,0.6681,0.655969736895909,0.680230263104091,0.8656,0.858914801153114,0.872285198846886,0.9247,0.920359259542339,0.929040740457661,9247,8656,6681
"WMW_Asymp","GLDLS",321853,10000,10,100,1,2,-0.002,-0.2,0,0.6113,0.598743160970998,0.623856839029001,0.8213,0.81379122209347,0.828808777906531,0.8913,0.886179732770961,0.896420267229039,8913,8213,6113
"WMW_Asymp","GLDLS",5891284,10000,10,100,1.5,2,-0.002,-0.002,0,0.981,0.977483123134598,0.984516876865402,0.9975,0.996521225766584,0.998478774233416,0.9992,0.998734909885721,0.999665090114279,9992,9975,9810
"WMW_Asymp","GLDLS",167430,10000,10,100,1.5,2,-0.002,-0.02,0,0.9776,0.973788021308635,0.981411978691365,0.9975,0.996521225766584,0.998478774233416,0.999,0.998480065487297,0.999519934512703,9990,9975,9776
"WMW_Asymp","GLDLS",311740,10000,10,100,1.5,2,-0.002,-0.05,0,0.9703,0.965927023947606,0.974672976052395,0.9941,0.992598943242112,0.995601056757888,0.9978,0.997029275805557,0.998570724194443,9978,9941,9703
"WMW_Asymp","GLDLS",88444,10000,10,100,1.5,2,-0.002,-0.1,0,0.9559,0.95061102658281,0.96118897341719,0.9912,0.989369464928061,0.993030535071939,0.9965,0.995528509459966,0.997471490540034,9965,9912,9559
"WMW_Asymp","GLDLS",130518949,10000,10,100,1.5,2,-0.002,-0.2,0,0.9225,0.915612210003201,0.929387789996799,0.9807,0.978003485167554,0.983396514832446,0.9912,0.989663658064622,0.992736341935378,9912,9807,9225
"WMW_Asymp","GLDLS",4504345,10000,10,100,2,2,-0.002,-0.002,0,0.9994,0.998769200767229,1.00003079923277,1,1,1,1,1,1,10000,10000,9994
"WMW_Asymp","GLDLS",20853,10000,10,100,2,2,-0.002,-0.02,0,0.999,0.99818580467798,0.99981419532202,1,1,1,1,1,1,10000,10000,9990
"WMW_Asymp","GLDLS",8579131,10000,10,100,2,2,-0.002,-0.05,0,0.9989,0.998046107482698,0.999753892517302,0.9999,0.999704009800245,1.00009599019976,1,1,1,10000,9999,9989
"WMW_Asymp","GLDLS",138645511,10000,10,100,2,2,-0.002,-0.1,0,0.9969,0.995467968722666,0.998332031277334,0.9996,0.999208078407842,0.999991921592158,0.9998,0.999567385133966,1.00003261486603,9998,9996,9969
"WMW_Asymp","GLDLS",290487771,10000,10,100,2,2,-0.002,-0.2,0,0.9867,0.983749033744968,0.989650966255032,0.9978,0.996881690321515,0.998718309678485,0.999,0.998480065487297,0.999519934512703,9990,9978,9867
"WMW_Asymp","GLDLS",484486,10000,10,100,2.5,2,-0.002,-0.002,0,1,1,1,1,1,1,1,1,1,10000,10000,10000
"WMW_Asymp","GLDLS",65428,10000,10,100,2.5,2,-0.002,-0.02,0,1,1,1,1,1,1,1,1,1,10000,10000,10000
"WMW_Asymp","GLDLS",448443,10000,10,100,2.5,2,-0.002,-0.05,0,0.9998,0.999435735018296,1.0001642649817,1,1,1,1,1,1,10000,10000,9998
"WMW_Asymp","GLDLS",138815,10000,10,100,2.5,2,-0.002,-0.1,0,0.9994,0.998769200767229,1.00003079923277,0.9998,0.999522841861747,1.00007715813825,1,1,1,10000,9998,9994
"WMW_Asymp","GLDLS",332140,10000,10,100,2.5,2,-0.002,-0.2,0,0.9981,0.996978214849062,0.999221785150938,0.9996,0.999208078407842,0.999991921592158,0.9997,0.999415120383714,0.999984879616286,9997,9996,9981
