"method","distribution","seed","N","n1","n2","delta","sd","g1","g2","h","null","power0.01","l_CI","u_CI","power0.05","l_CI","u_CI","power0.10","l_CI","u_CI","ct_0.10","ct_0.05","ct_0.01"
"WMW_Asymp","ghEqualK",61024623,10000,10,10,0,3,1,1,0.2,1,0.0064,0.00434580514519581,0.00845419485480419,0.0403,0.0364454264067734,0.0441545735932266,0.087,0.0823638132935029,0.091636186706497,870,403,64
"WMW_Asymp","ghEqualK",97984103,10000,10,10,0,3,3,3,0.2,1,0.0062,0.0041779532159082,0.0082220467840918,0.0432,0.0392151816551316,0.0471848183448684,0.0899,0.0851946676377778,0.0946053323622221,899,432,62
"WMW_Asymp","ghEqualK",32149908,10000,10,10,0,3,-3,-3,0.2,1,0.0065,0.00442992313031617,0.00857007686968383,0.0408,0.0369225988216848,0.0446774011783152,0.0857,0.0810953070792098,0.0903046929207902,857,408,65
"WMW_Asymp","ghEqualK",831083,10000,10,10,0,3,-1,-1,0.2,1,0.0064,0.00434580514519581,0.00845419485480419,0.0437,0.039693235034395,0.047706764965605,0.0887,0.0840230966263162,0.0933769033736838,887,437,64
"WMW_Asymp","ghEqualK",441228,10000,10,10,0.5,3,1,1,0.2,0,0.0101,0.00752425890101043,0.0126757410989896,0.0588,0.0541891001041445,0.0634108998958555,0.1079,0.102796320494195,0.113003679505805,1079,588,101
"WMW_Asymp","ghEqualK",703532,10000,10,10,0.5,3,3,3,0.2,0,0.0255,0.0214392442248271,0.0295607557751729,0.1033,0.0973347339625462,0.109265266037454,0.1809,0.17456781421214,0.18723218578786,1809,1033,255
"WMW_Asymp","ghEqualK",1229929,10000,10,10,0.5,3,1,3,0.2,0,0.0335,0.028864792384542,0.038135207615458,0.1397,0.13290515998234,0.14649484001766,0.2324,0.225452133786579,0.239347866213421,2324,1397,335
"WMW_Asymp","ghEqualK",2651285,10000,10,10,0.5,3,-1,1,0.2,0,0.031,0.0265353379157656,0.0354646620842344,0.1475,0.140549768421124,0.154450231578876,0.2422,0.235152578092387,0.249247421907613,2422,1475,310
"WMW_Asymp","ghEqualK",4834551,10000,10,10,0.5,3,-3,3,0.2,0,0.1217,0.113278051349009,0.130121948650991,0.3485,0.339160692550301,0.357839307449699,0.4854,0.477178507229761,0.493621492770239,4854,3485,1217
"WMW_Asymp","ghEqualK",289218,10000,10,10,0.5,3,-1,3,0.2,0,0.0741,0.0673525914872342,0.0808474085127658,0.2535,0.244973712763459,0.262026287236541,0.3813,0.373310136442856,0.389289863557144,3813,2535,741
"WMW_Asymp","ghEqualK",1257054,10000,10,10,0.5,3,1,-3,0.2,0,0.0167,0.0133989879183596,0.0200010120816404,0.0929,0.0872102719138433,0.0985897280861567,0.165,0.158894079967974,0.171105920032026,1650,929,167
"WMW_Asymp","ghEqualK",56616,10000,10,10,1,3,1,1,0.2,0,0.0222,0.0184046890594293,0.0259953109405707,0.1026,0.0966526597643653,0.108547340235635,0.1797,0.173384230136731,0.186015769863269,1797,1026,222
"WMW_Asymp","ghEqualK",27608,10000,10,10,1,3,3,3,0.2,0,0.0568,0.0508375888196321,0.0627624111803679,0.1903,0.182606259480227,0.197993740519773,0.2994,0.291865978299534,0.306934021700466,2994,1903,568
"WMW_Asymp","ghEqualK",9465745,10000,10,10,1,3,1,3,0.2,0,0.0696,0.0630448093167945,0.0761551906832055,0.234,0.225701905336766,0.242298094663234,0.3486,0.340761129844225,0.356438870155775,3486,2340,696
"WMW_Asymp","ghEqualK",38548,10000,10,10,1,3,-1,1,0.2,0,0.0697,0.0631404543589349,0.0762595456410651,0.243,0.234593656195468,0.251406343804532,0.3632,0.355288836692976,0.371111163307024,3632,2430,697
"WMW_Asymp","ghEqualK",140772,10000,10,10,1,3,-3,3,0.2,0,0.2508,0.239633720120365,0.261966279879635,0.5446,0.534839065398518,0.554360934601482,0.6844,0.676754790338022,0.692045209661978,6844,5446,2508
"WMW_Asymp","ghEqualK",62783510,10000,10,10,1,3,-1,3,0.2,0,0.146,0.136903983867736,0.155096016132264,0.3914,0.381833954195886,0.400966045804114,0.5347,0.526494831187856,0.542905168812144,5347,3914,1460
"WMW_Asymp","ghEqualK",89959881,10000,10,10,1,3,1,-3,0.2,0,0.0105,0.00787428002833509,0.0131257199716649,0.0617,0.056984046529322,0.066415953470678,0.1209,0.115537118598927,0.126262881401073,1209,617,105
"WMW_Asymp","ghEqualK",147614493,10000,10,10,1.5,3,1,1,0.2,0,0.0475,0.0420206990372859,0.0529793009627141,0.1798,0.172273192698521,0.187326807301479,0.281,0.273605930856592,0.288394069143408,2810,1798,475
"WMW_Asymp","ghEqualK",360853,10000,10,10,1.5,3,3,3,0.2,0,0.102,0.0942037795150727,0.109796220484927,0.2841,0.275260700089351,0.292939299910649,0.4087,0.40061328456994,0.41678671543006,4087,2841,1020
"WMW_Asymp","ghEqualK",25394,10000,10,10,1.5,3,1,3,0.2,0,0.1271,0.118519731452758,0.135680268547242,0.3415,0.332205429733441,0.350794570266559,0.4788,0.47058239661383,0.48701760338617,4788,3415,1271
"WMW_Asymp","ghEqualK",77755,10000,10,10,1.5,3,-1,1,0.2,0,0.1379,0.129018080875645,0.146781919124355,0.3831,0.373571609828392,0.392628390171608,0.5251,0.516885370201952,0.533314629798048,5251,3831,1379
"WMW_Asymp","ghEqualK",241753,10000,10,10,1.5,3,-3,3,0.2,0,0.541,0.528163375597362,0.553836624402638,0.8204,0.812876462961186,0.827923537038814,0.9018,0.896904728746239,0.906695271253761,9018,8204,5410
"WMW_Asymp","ghEqualK",1522407,10000,10,10,1.5,3,-1,3,0.2,0,0.2677,0.256294493894013,0.279105506105987,0.5659,0.556185491977954,0.575614508022046,0.6962,0.688634688816718,0.703765311183283,6962,5659,2677
"WMW_Asymp","ghEqualK",88863158,10000,10,10,1.5,3,1,-3,0.2,0,0.0086,0.00622141025800917,0.0109785897419908,0.0486,0.0443854056605173,0.0528145943394827,0.0979,0.0930113990300931,0.102788600969907,979,486,86
"WMW_Asymp","ghEqualK",58883635,10000,10,10,2,3,1,1,0.2,0,0.0945,0.0869646055619099,0.10203539443809,0.2793,0.270506357610091,0.288093642389909,0.4045,0.396426421948766,0.412573578051235,4045,2793,945
"WMW_Asymp","ghEqualK",1010082,10000,10,10,2,3,3,3,0.2,0,0.1502,0.140996793041505,0.159403206958495,0.3714,0.361929689694292,0.380870310305708,0.5054,0.497175479695988,0.513624520304012,5054,3714,1502
"WMW_Asymp","ghEqualK",88728,10000,10,10,2,3,1,3,0.2,0,0.1978,0.187538748524063,0.208061251475937,0.4506,0.440847948354197,0.460352051645803,0.5887,0.580605458109518,0.596794541890482,5887,4506,1978
"WMW_Asymp","ghEqualK",99266,10000,10,10,2,3,-1,1,0.2,0,0.2441,0.233034732405236,0.255165267594764,0.5391,0.529330010626904,0.548869989373096,0.6716,0.663874567180565,0.679325432819435,6716,5391,2441
"WMW_Asymp","ghEqualK",21139121,10000,10,10,2,3,-3,3,0.2,0,0.9268,0.920090434270344,0.933509565729656,0.99,0.988049824623271,0.991950175376729,0.9977,0.996911993488114,0.998488006511886,9977,9900,9268
"WMW_Asymp","ghEqualK",1160983,10000,10,10,2,3,-1,3,0.2,0,0.4677,0.454846903247633,0.480553096752367,0.7625,0.754159198180031,0.770840801819969,0.8591,0.853376742865118,0.864823257134882,8591,7625,4677
"WMW_Asymp","ghEqualK",36318,10000,10,10,2,3,1,-3,0.2,0,0.0136,0.0106163914386931,0.0165836085613069,0.0601,0.055441628370514,0.064758371629486,0.1065,0.101425561603056,0.111574438396944,1065,601,136
"WMW_Asymp","ghEqualK",17114388,10000,10,10,2.5,3,1,1,0.2,0,0.1561,0.14675040489489,0.16544959510511,0.394,0.38442275727362,0.40357724272638,0.524,0.515784480664012,0.532215519335988,5240,3940,1561
"WMW_Asymp","ghEqualK",4308854,10000,10,10,2.5,3,3,3,0.2,0,0.2105,0.199998581264915,0.221001418735085,0.4613,0.451529398820461,0.471070601179539,0.5908,0.58271176132867,0.59888823867133,5908,4613,2105
"WMW_Asymp","ghEqualK",19583,10000,10,10,2.5,3,1,3,0.2,0,0.2832,0.271593761746967,0.294806238253033,0.5633,0.553578852272617,0.573021147727383,0.6932,0.685613824999356,0.700786175000644,6932,5633,2832
"WMW_Asymp","ghEqualK",778254,10000,10,10,2.5,3,-1,1,0.2,0,0.4102,0.397529432384834,0.422870567615166,0.7123,0.703427265740844,0.721172734259156,0.8196,0.813274641516594,0.825925358483406,8196,7123,4102
"WMW_Asymp","ghEqualK",638037,10000,10,10,2.5,3,-3,3,0.2,0,0.9912,0.988794153905451,0.993605846094549,0.9994,0.998920044062022,0.999879955937978,0.9998,0.999567385133966,1.00003261486603,9998,9994,9912
"WMW_Asymp","ghEqualK",70180587,10000,10,10,2.5,3,-1,3,0.2,0,0.6885,0.676570373232058,0.700429626767942,0.9067,0.900999293249289,0.912400706750711,0.9534,0.949932659962579,0.956867340037421,9534,9067,6885
"WMW_Asymp","ghEqualK",864010,10000,10,10,2.5,3,1,-3,0.2,0,0.0218,0.0180382672793809,0.0255617327206191,0.0809,0.0755554429752879,0.0862445570247121,0.1368,0.131147186375759,0.142452813624241,1368,809,218
"WMW_Asymp","ghEqualK",37491103,10000,20,20,0,3,1,1,0.2,1,0.0082,0.00587691641085044,0.0105230835891496,0.0492,0.0449608068058179,0.0534391931941821,0.0948,0.0899811618092739,0.0996188381907261,948,492,82
"WMW_Asymp","ghEqualK",20546059,10000,20,20,0,3,3,3,0.2,1,0.0087,0.00630774187608109,0.0110922581239189,0.0491,0.0448648944251176,0.0533351055748824,0.0971,0.0922292555565935,0.101970744443406,971,491,87
"WMW_Asymp","ghEqualK",767712,10000,20,20,0,3,-3,-3,0.2,1,0.0089,0.00648064499126234,0.0113193550087377,0.0503,0.0460161595938224,0.0545838404061776,0.0966,0.0917404673028058,0.101459532697194,966,503,89
"WMW_Asymp","ghEqualK",48504,10000,20,20,0,3,-1,-1,0.2,1,0.008,0.00570519024021598,0.010294809759784,0.048,0.0438101819418977,0.0521898180581023,0.0995,0.0945759857484594,0.104424014251541,995,480,80
"WMW_Asymp","ghEqualK",47206067,10000,20,20,0.5,3,1,1,0.2,0,0.0185,0.0150288220779683,0.0219711779220317,0.0842,0.0787573245643709,0.0896426754356291,0.1464,0.140584813550573,0.152215186449427,1464,842,185
"WMW_Asymp","ghEqualK",822631,10000,20,20,0.5,3,3,3,0.2,0,0.054,0.048177784088648,0.059822215911352,0.1777,0.170207703938471,0.185192296061529,0.2644,0.25714533290801,0.27165466709199,2644,1777,540
"WMW_Asymp","ghEqualK",192675316,10000,20,20,0.5,3,1,3,0.2,0,0.0929,0.0854220716581941,0.100377928341806,0.2695,0.26080347867478,0.27819652132522,0.3839,0.375899805185124,0.391900194814876,3839,2695,929
"WMW_Asymp","ghEqualK",26424,10000,20,20,0.5,3,-1,1,0.2,0,0.113,0.104844569513165,0.121155430486835,0.2999,0.290919007306628,0.308880992693372,0.4178,0.409686911364721,0.425913088635279,4178,2999,1130
"WMW_Asymp","ghEqualK",31782685,10000,20,20,0.5,3,-3,3,0.2,0,0.385,0.372465304700951,0.397534695299049,0.661,0.651721951248242,0.670278048751758,0.7611,0.754085530387764,0.768114469612236,7611,6610,3850
"WMW_Asymp","ghEqualK",608604,10000,20,20,0.5,3,-1,3,0.2,0,0.2458,0.234708761046162,0.256891238953838,0.4996,0.489800003136,0.509399996864,0.625,0.617036177994361,0.632963822005639,6250,4996,2458
"WMW_Asymp","ghEqualK",1318107,10000,20,20,0.5,3,1,-3,0.2,0,0.0431,0.0378686018910368,0.0483313981089632,0.1539,0.146827283850853,0.160972716149147,0.2467,0.239608559542394,0.253791440457606,2467,1539,431
"WMW_Asymp","ghEqualK",159336392,10000,20,20,1,3,1,1,0.2,0,0.0564,0.0504573606169056,0.0623426393830944,0.1866,0.178964034191381,0.194235965808619,0.2858,0.278367978840726,0.293232021159274,2858,1866,564
"WMW_Asymp","ghEqualK",197168813,10000,20,20,1,3,3,3,0.2,0,0.1583,0.148897031532801,0.167702968467199,0.3618,0.352381781699196,0.371218218300804,0.4803,0.472081386560023,0.488518613439977,4803,3618,1583
"WMW_Asymp","ghEqualK",77634,10000,20,20,1,3,1,3,0.2,0,0.2194,0.208739478661976,0.230060521338024,0.4616,0.45182894411896,0.47137105588104,0.5851,0.576995006539856,0.593204993460144,5851,4616,2194
"WMW_Asymp","ghEqualK",206104,10000,20,20,1,3,-1,1,0.2,0,0.2384,0.227423536137802,0.249376463862198,0.4911,0.481301552638994,0.500898447361006,0.6191,0.611111747378057,0.627088252621943,6191,4911,2384
"WMW_Asymp","ghEqualK",46469,10000,20,20,1,3,-3,3,0.2,0,0.6539,0.64164531007358,0.66615468992642,0.8605,0.853709236393453,0.867290763606547,0.918,0.913486700343429,0.922513299656571,9180,8605,6539
"WMW_Asymp","ghEqualK",62202988,10000,20,20,1,3,-1,3,0.2,0,0.4437,0.430901911677244,0.456498088322756,0.7083,0.69939091901386,0.71720908098614,0.8049,0.798381232364628,0.811418767635372,8049,7083,4437
"WMW_Asymp","ghEqualK",38992,10000,20,20,1,3,1,-3,0.2,0,0.0172,0.0138507878653606,0.0205492121346394,0.086,0.0805048646386099,0.0914951353613901,0.1472,0.141371679802344,0.153028320197656,1472,860,172
"WMW_Asymp","ghEqualK",10774536,10000,20,20,1.5,3,1,1,0.2,0,0.1472,0.138073098584097,0.156326901415903,0.3608,0.351387440838029,0.370212559161971,0.4851,0.476878652875655,0.493321347124345,4851,3608,1472
"WMW_Asymp","ghEqualK",500773,10000,20,20,1.5,3,3,3,0.2,0,0.28,0.268433788686004,0.291566211313996,0.5302,0.52041789231742,0.53998210768258,0.6447,0.636826962117405,0.652573037882595,6447,5302,2800
"WMW_Asymp","ghEqualK",661205,10000,20,20,1.5,3,1,3,0.2,0,0.3857,0.373161056779753,0.398238943220247,0.6385,0.629083474800119,0.647916525199881,0.746,0.73883935449069,0.75316064550931,7460,6385,3857
"WMW_Asymp","ghEqualK",957402,10000,20,20,1.5,3,-1,1,0.2,0,0.4436,0.430802203853885,0.456397796146115,0.705,0.696061561881402,0.713938438118598,0.8069,0.800406678641483,0.813393321358517,8069,7050,4436
"WMW_Asymp","ghEqualK",2102366,10000,20,20,1.5,3,-3,3,0.2,0,0.9395,0.933358535607072,0.945641464392928,0.9877,0.985539664740463,0.989860335259537,0.994,0.992729616864879,0.995270383135121,9940,9877,9395
"WMW_Asymp","ghEqualK",121460382,10000,20,20,1.5,3,-1,3,0.2,0,0.7013,0.689509956988973,0.713090043011027,0.8964,0.890427077592468,0.902372922407532,0.9418,0.937948705427015,0.945651294572984,9418,8964,7013
"WMW_Asymp","ghEqualK",587089,10000,20,20,1.5,3,1,-3,0.2,0,0.0114,0.00866530694682127,0.0141346930531787,0.0552,0.0507239435756908,0.0596760564243092,0.107,0.101915087072771,0.112084912927229,1070,552,114
"WMW_Asymp","ghEqualK",8311060,10000,20,20,2,3,1,1,0.2,0,0.2827,0.271099968238488,0.294300031761512,0.5406,0.530832361287271,0.550367638712729,0.6644,0.656632313483694,0.672167686516306,6644,5406,2827
"WMW_Asymp","ghEqualK",102876,10000,20,20,2,3,3,3,0.2,0,0.4235,0.410771646689756,0.436228353310244,0.6706,0.661388090911087,0.679811909088913,0.7732,0.766311362205748,0.780088637794252,7732,6706,4235
"WMW_Asymp","ghEqualK",2551755,10000,20,20,2,3,1,3,0.2,0,0.5453,0.532472970763157,0.558127029236843,0.7777,0.76955048333497,0.78584951666503,0.8527,0.846870042252917,0.858529957747083,8527,7777,5453
"WMW_Asymp","ghEqualK",21318525,10000,20,20,2,3,-1,1,0.2,0,0.668,0.655868817624914,0.680131182375086,0.8747,0.868211248084138,0.881188751915862,0.93,0.925802831579505,0.934197168420495,9300,8747,6680
"WMW_Asymp","ghEqualK",413575,10000,20,20,2,3,-3,3,0.2,0,0.9997,0.999253890643434,1.00014610935657,1,1,1,1,1,1,10000,10000,9997
"WMW_Asymp","ghEqualK",142297508,10000,20,20,2,3,-1,3,0.2,0,0.9035,0.895893697488635,0.911106302511365,0.9776,0.974699581430483,0.980500418569517,0.9887,0.986961249006679,0.990438750993321,9887,9776,9035
"WMW_Asymp","ghEqualK",102856,10000,20,20,2,3,1,-3,0.2,0,0.017,0.0136699781872186,0.0203300218127814,0.0683,0.0633557039067629,0.0732442960932371,0.1223,0.116910454037419,0.127689545962581,1223,683,170
"WMW_Asymp","ghEqualK",17856,10000,20,20,2.5,3,1,1,0.2,0,0.455,0.442172270062088,0.467827729937912,0.7138,0.704941113085178,0.722658886914822,0.8084,0.801925938702206,0.814874061297794,8084,7138,4550
"WMW_Asymp","ghEqualK",97364184,10000,20,20,2.5,3,3,3,0.2,0,0.5468,0.533976544701315,0.559623455298685,0.7792,0.771070195954539,0.787329804045461,0.8602,0.854495478686524,0.865904521313476,8602,7792,5468
"WMW_Asymp","ghEqualK",91218555,10000,20,20,2.5,3,1,3,0.2,0,0.6923,0.680410686668605,0.704189313331395,0.8777,0.87127841332118,0.88412158667882,0.9299,0.925700060493415,0.934099939506585,9299,8777,6923
"WMW_Asymp","ghEqualK",28724,10000,20,20,2.5,3,-1,1,0.2,0,0.8704,0.861748173521274,0.879051826478726,0.9657,0.962132826384713,0.969267173615287,0.9837,0.981616991509433,0.985783008490567,9837,9657,8704
"WMW_Asymp","ghEqualK",15617424,10000,20,20,2.5,3,-3,3,0.2,0,1,1,1,1,1,1,1,1,1,10000,10000,10000
"WMW_Asymp","ghEqualK",8910629,10000,20,20,2.5,3,-1,3,0.2,0,0.9862,0.983194837914212,0.989205162085788,0.998,0.997124338330175,0.998875661669825,0.9991,0.998606722124989,0.999593277875011,9991,9980,9862
"WMW_Asymp","ghEqualK",75612612,10000,20,20,2.5,3,1,-3,0.2,0,0.0362,0.031388354700328,0.041011645299672,0.1201,0.113728462640901,0.126471537359099,0.1897,0.18325055286627,0.19614944713373,1897,1201,362
"WMW_Asymp","ghEqualK",1883117,10000,100,100,0,3,1,1,0.2,1,0.0102,0.00761166986137858,0.0127883301386214,0.0473,0.0431393160810271,0.0514606839189729,0.0984,0.0935002896965637,0.103299710303436,984,473,102
"WMW_Asymp","ghEqualK",21186,10000,100,100,0,3,3,3,0.2,1,0.0101,0.00752425890101043,0.0126757410989896,0.0482,0.0440019032739109,0.0523980967260891,0.0984,0.0935002896965637,0.103299710303436,984,482,101
"WMW_Asymp","ghEqualK",2528123,10000,100,100,0,3,-3,-3,0.2,1,0.0093,0.00682737409756834,0.0117726259024317,0.0473,0.0431393160810271,0.0514606839189729,0.0953,0.0904698051808674,0.100130194819133,953,473,93
"WMW_Asymp","ghEqualK",9635003,10000,100,100,0,3,-1,-1,0.2,1,0.0095,0.00700118041435561,0.0119988195856444,0.0477,0.0435226376032717,0.0518773623967283,0.0955,0.0906652739168206,0.100334726083179,955,477,95
"WMW_Asymp","ghEqualK",340228848,10000,100,100,0.5,3,1,1,0.2,0,0.0942,0.0866753298287875,0.101724670171213,0.2448,0.236372616282997,0.253227383717003,0.3537,0.345834967706565,0.361565032293435,3537,2448,942
"WMW_Asymp","ghEqualK",838305,10000,100,100,0.5,3,3,3,0.2,0,0.4039,0.391260137599139,0.416539862400861,0.6458,0.636425904576035,0.655174095423965,0.7528,0.745703733113362,0.759896266886638,7528,6458,4039
"WMW_Asymp","ghEqualK",297682385,10000,100,100,0.5,3,1,3,0.2,0,0.6755,0.663439484089576,0.687560515910424,0.8593,0.852484848321453,0.866115151678547,0.9172,0.912666714264863,0.921733285735137,9172,8593,6755
"WMW_Asymp","ghEqualK",19213103,10000,100,100,0.5,3,-1,1,0.2,0,0.7333,0.721908046357049,0.744691953642951,0.8938,0.887761368823185,0.899838631176815,0.9409,0.937020896413864,0.944779103586136,9409,8938,7333
"WMW_Asymp","ghEqualK",17007,10000,100,100,0.5,3,-3,3,0.2,0,0.9973,0.995963279371261,0.998636720628739,0.9996,0.999208078407842,0.999991921592158,0.9998,0.999567385133966,1.00003261486603,9998,9996,9973
"WMW_Asymp","ghEqualK",77736045,10000,100,100,0.5,3,-1,3,0.2,0,0.9628,0.95792487933544,0.96767512066456,0.9916,0.989811190991078,0.993388809008922,0.997,0.996100348913467,0.997899651086533,9970,9916,9628
"WMW_Asymp","ghEqualK",295364460,10000,100,100,0.5,3,1,-3,0.2,0,0.325,0.312934663867094,0.337065336132906,0.5688,0.559093218778112,0.578506781221888,0.6852,0.677560024932737,0.692839975067263,6852,5688,3250
"WMW_Asymp","ghEqualK",50037,10000,100,100,1,3,1,1,0.2,0,0.4518,0.438979986350375,0.464620013649625,0.6973,0.688295240576584,0.706304759423416,0.7967,0.790079633991328,0.803320366008672,7967,6973,4518
"WMW_Asymp","ghEqualK",51367,10000,100,100,1,3,3,3,0.2,0,0.8526,0.843467971365385,0.861732028634615,0.9494,0.945104082391107,0.953695917608893,0.9738,0.971172447313582,0.976427552686418,9738,9494,8526
"WMW_Asymp","ghEqualK",1423574,10000,100,100,1,3,1,3,0.2,0,0.9446,0.93870715915596,0.95049284084404,0.985,0.982617571826896,0.987382428173104,0.9929,0.991518827788444,0.994281172211556,9929,9850,9446
"WMW_Asymp","ghEqualK",56028,10000,100,100,1,3,-1,1,0.2,0,0.9674,0.962825351813546,0.971974648186454,0.9919,0.990143158725895,0.993656841274105,0.9974,0.996562302425036,0.998237697574964,9974,9919,9674
"WMW_Asymp","ghEqualK",4500772,10000,100,100,1,3,-3,3,0.2,0,1,1,1,1,1,1,1,1,1,10000,10000,10000
"WMW_Asymp","ghEqualK",4922926,10000,100,100,1,3,-1,3,0.2,0,0.9987,0.997771813901281,0.99962818609872,0.9998,0.999522841861747,1.00007715813825,0.9999,0.999735508225206,1.00006449177479,9999,9998,9987
"WMW_Asymp","ghEqualK",25641965,10000,100,100,1,3,1,-3,0.2,0,0.0722,0.0655328282710271,0.0788671717289729,0.2121,0.204087612295052,0.220112387704948,0.3169,0.309246340018006,0.324553659981994,3169,2121,722
"WMW_Asymp","ghEqualK",554190,10000,100,100,1.5,3,1,1,0.2,0,0.8533,0.84418594199141,0.86241405800859,0.9525,0.948330966658804,0.956669033341196,0.9778,0.975376363937407,0.980223636062593,9778,9525,8533
"WMW_Asymp","ghEqualK",119647645,10000,100,100,1.5,3,3,3,0.2,0,0.9795,0.975849729830054,0.983150270169946,0.9964,0.995226118708557,0.997573881291443,0.9988,0.998230497293773,0.999369502706227,9988,9964,9795
"WMW_Asymp","ghEqualK",98176408,10000,100,100,1.5,3,1,3,0.2,0,0.9958,0.994134070706442,0.997465929293558,0.9994,0.998920044062022,0.999879955937978,0.9997,0.999415120383714,0.999984879616286,9997,9994,9958
"WMW_Asymp","ghEqualK",10542752,10000,100,100,1.5,3,-1,1,0.2,0,0.9998,0.999435735018296,1.0001642649817,1,1,1,1,1,1,10000,10000,9998
"WMW_Asymp","ghEqualK",90952,10000,100,100,1.5,3,-3,3,0.2,0,1,1,1,1,1,1,1,1,1,10000,10000,10000
"WMW_Asymp","ghEqualK",83036011,10000,100,100,1.5,3,-1,3,0.2,0,1,1,1,1,1,1,1,1,1,10000,10000,10000
"WMW_Asymp","ghEqualK",19043,10000,100,100,1.5,3,1,-3,0.2,0,0.0134,0.0104381107640318,0.0163618892359682,0.0632,0.0584308821820383,0.0679691178179617,0.1179,0.112595044858533,0.123204955141467,1179,632,134
"WMW_Asymp","ghEqualK",941721,10000,100,100,2,3,1,1,0.2,0,0.9829,0.979560368248746,0.986239631751254,0.9972,0.996164318492199,0.998235681507801,0.9989,0.99835471537618,0.99944528462382,9989,9972,9829
"WMW_Asymp","ghEqualK",52560677,10000,100,100,2,3,3,3,0.2,0,0.9977,0.996466015334578,0.998933984665422,0.9997,0.99936056896783,1.00003943103217,0.9998,0.999567385133966,1.00003261486603,9998,9997,9977
"WMW_Asymp","ghEqualK",225028508,10000,100,100,2,3,1,3,0.2,0,0.9997,0.999253890643434,1.00014610935657,0.9999,0.999704009800245,1.00009599019976,0.9999,0.999735508225206,1.00006449177479,9999,9999,9997
"WMW_Asymp","ghEqualK",131993,10000,100,100,2,3,-1,1,0.2,0,1,1,1,1,1,1,1,1,1,10000,10000,10000
"WMW_Asymp","ghEqualK",28793555,10000,100,100,2,3,-3,3,0.2,0,1,1,1,1,1,1,1,1,1,10000,10000,10000
"WMW_Asymp","ghEqualK",203763,10000,100,100,2,3,-1,3,0.2,0,1,1,1,1,1,1,1,1,1,10000,10000,10000
"WMW_Asymp","ghEqualK",25892,10000,100,100,2,3,1,-3,0.2,0,0.0435,0.0382454809081706,0.0487545190918294,0.1308,0.124191242714579,0.137408757285421,0.2059,0.199248315012196,0.212551684987804,2059,1308,435
"WMW_Asymp","ghEqualK",4031507,10000,100,100,2.5,3,1,1,0.2,0,0.9992,0.998471688672108,0.999928311327892,0.9998,0.999522841861747,1.00007715813825,1,1,1,10000,9998,9992
"WMW_Asymp","ghEqualK",54364,10000,100,100,2.5,3,3,3,0.2,0,0.9997,0.999253890643434,1.00014610935657,1,1,1,1,1,1,10000,10000,9997
"WMW_Asymp","ghEqualK",22308290,10000,100,100,2.5,3,1,3,0.2,0,1,1,1,1,1,1,1,1,1,10000,10000,10000
"WMW_Asymp","ghEqualK",217245477,10000,100,100,2.5,3,-1,1,0.2,0,1,1,1,1,1,1,1,1,1,10000,10000,10000
"WMW_Asymp","ghEqualK",26366355,10000,100,100,2.5,3,-3,3,0.2,0,1,1,1,1,1,1,1,1,1,10000,10000,10000
"WMW_Asymp","ghEqualK",216644,10000,100,100,2.5,3,-1,3,0.2,0,1,1,1,1,1,1,1,1,1,10000,10000,10000
"WMW_Asymp","ghEqualK",1017158,10000,100,100,2.5,3,1,-3,0.2,0,0.1652,0.155633741760997,0.174766258239003,0.3427,0.333397601507482,0.352002398492518,0.4616,0.453399292385556,0.469800707614444,4616,3427,1652
"WMW_Asymp","ghEqualK",2628992,10000,10,100,0,3,1,1,0.2,1,0.0083,0.00596291202152422,0.0106370879784758,0.043,0.0390240009859156,0.0469759990140844,0.0966,0.0917404673028058,0.101459532697194,966,430,83
"WMW_Asymp","ghEqualK",79556,10000,10,100,0,3,3,3,0.2,1,0.009,0.00656721381654696,0.011432786183453,0.0466,0.0424687012320095,0.0507312987679905,0.0963,0.0914472134755612,0.101152786524439,963,466,90
"WMW_Asymp","ghEqualK",5411278,10000,10,100,0,3,-3,-3,0.2,1,0.0079,0.00561946296632043,0.0101805370336796,0.0484,0.0441936445525372,0.0526063554474628,0.102,0.0970214352881578,0.106978564711842,1020,484,79
"WMW_Asymp","ghEqualK",136254868,10000,10,100,0,3,-1,-1,0.2,1,0.0082,0.00587691641085044,0.0105230835891496,0.0528,0.0484167738610015,0.0571832261389985,0.1054,0.100348729166724,0.110451270833276,1054,528,82
"WMW_Asymp","ghEqualK",2637424,10000,10,100,0.5,3,1,1,0.2,0,0.0247,0.0207018098266821,0.0286981901733179,0.0942,0.0884747074784252,0.0999252925215748,0.1668,0.16066748589073,0.17293251410927,1668,942,247
"WMW_Asymp","ghEqualK",313166,10000,10,100,0.5,3,3,3,0.2,0,0.0827,0.075604968789632,0.089795031210368,0.206,0.198073162910719,0.213926837089281,0.3055,0.297922819470649,0.313077180529351,3055,2060,827
"WMW_Asymp","ghEqualK",2318965,10000,10,100,0.5,3,1,3,0.2,0,0.1309,0.12221138493523,0.13958861506477,0.2833,0.27446822368843,0.29213177631157,0.3878,0.379784761174868,0.395815238825132,3878,2833,1309
"WMW_Asymp","ghEqualK",238769,10000,10,100,0.5,3,-1,1,0.2,0,0.0991,0.0914030089885629,0.106796991011437,0.2623,0.253678256299704,0.270921743700296,0.3853,0.377294342365816,0.393305657634184,3853,2623,991
"WMW_Asymp","ghEqualK",230565403,10000,10,100,0.5,3,-3,3,0.2,0,0.3354,0.323237928387368,0.347562071612632,0.5996,0.589996403208464,0.609203596791536,0.7287,0.721385827748352,0.736014172251648,7287,5996,3354
"WMW_Asymp","ghEqualK",238827,10000,10,100,0.5,3,-1,3,0.2,0,0.2294,0.218569286499511,0.240230713500488,0.447,0.43725521192842,0.45674478807158,0.5722,0.56406120294737,0.58033879705263,5722,4470,2294
"WMW_Asymp","ghEqualK",182292,10000,10,100,0.5,3,1,-3,0.2,0,0.0542,0.0483676287996102,0.0600323712003898,0.1608,0.153600011029342,0.167999988970658,0.25,0.242876941053873,0.257123058946127,2500,1608,542
"WMW_Asymp","ghEqualK",36684,10000,10,100,1,3,1,1,0.2,0,0.0817,0.0746441526069836,0.0887558473930164,0.2133,0.205271099531218,0.221328900468782,0.3144,0.306762652079053,0.322037347920947,3144,2133,817
"WMW_Asymp","ghEqualK",9353688,10000,10,100,1,3,3,3,0.2,0,0.1934,0.183225731315532,0.203574268684468,0.3663,0.356856860959956,0.375743139040044,0.4794,0.471181983686856,0.487618016313144,4794,3663,1934
"WMW_Asymp","ghEqualK",19692,10000,10,100,1,3,1,3,0.2,0,0.2393,0.228309336378518,0.250290663621482,0.4379,0.428175879395318,0.447624120604682,0.5542,0.546023466977264,0.562376533022736,5542,4379,2393
"WMW_Asymp","ghEqualK",9535688,10000,10,100,1,3,-1,1,0.2,0,0.21,0.199507739812605,0.220492260187395,0.4492,0.439450711752256,0.458949288247744,0.5938,0.585721030688268,0.601878969311732,5938,4492,2100
"WMW_Asymp","ghEqualK",172558813,10000,10,100,1,3,-3,3,0.2,0,0.5959,0.583259129662379,0.608540870337621,0.8317,0.824367003459867,0.839032996540133,0.9074,0.902631620819702,0.912168379180298,9074,8317,5959
"WMW_Asymp","ghEqualK",413746,10000,10,100,1,3,-1,3,0.2,0,0.4118,0.399121976865813,0.424478023134187,0.6528,0.643468832131743,0.662131167868257,0.7677,0.760753176296481,0.774646823703519,7677,6528,4118
"WMW_Asymp","ghEqualK",17270796,10000,10,100,1,3,1,-3,0.2,0,0.0245,0.0205176214713315,0.0284823785286685,0.0904,0.0847796221644448,0.0960203778355552,0.1558,0.149834150367978,0.161765849632022,1558,904,245
"WMW_Asymp","ghEqualK",45869516,10000,10,100,1.5,3,1,1,0.2,0,0.1666,0.15700135112276,0.17619864887724,0.3568,0.347410520629896,0.366189479370104,0.4708,0.462589037907504,0.479010962092496,4708,3568,1666
"WMW_Asymp","ghEqualK",11827509,10000,10,100,1.5,3,3,3,0.2,0,0.3036,0.291755243870037,0.315444756129963,0.5024,0.49260011289665,0.51219988710335,0.6065,0.598463745661418,0.614536254338582,6065,5024,3036
"WMW_Asymp","ghEqualK",6541608,10000,10,100,1.5,3,1,3,0.2,0,0.3838,0.371272650588786,0.396327349411214,0.5872,0.577550186073006,0.596849813926994,0.6881,0.680479220979455,0.695720779020545,6881,5872,3838
"WMW_Asymp","ghEqualK",35347,10000,10,100,1.5,3,-1,1,0.2,0,0.3904,0.377833242275894,0.402966757724106,0.6661,0.656856552099655,0.675343447900345,0.782,0.775208002371172,0.788791997628828,7820,6661,3904
"WMW_Asymp","ghEqualK",60574136,10000,10,100,1.5,3,-3,3,0.2,0,0.9213,0.914363605895376,0.928236394104624,0.9861,0.98380531038125,0.98839468961875,0.9954,0.994286875770141,0.996513124229859,9954,9861,9213
"WMW_Asymp","ghEqualK",72203995,10000,10,100,1.5,3,-1,3,0.2,0,0.6341,0.621691881282848,0.646508118717152,0.8422,0.835054753936665,0.849345246063335,0.9103,0.905599388105706,0.915000611894294,9103,8422,6341
"WMW_Asymp","ghEqualK",26099254,10000,10,100,1.5,3,1,-3,0.2,0,0.0117,0.00892997819822009,0.0144700218017799,0.0624,0.0576591396183393,0.0671408603816607,0.1225,0.117106663603633,0.127893336396367,1225,624,117
"WMW_Asymp","ghEqualK",198738,10000,10,100,2,3,1,1,0.2,0,0.2917,0.279990922132502,0.303409077867498,0.5127,0.502903161794048,0.522496838205952,0.6283,0.620350392021378,0.636249607978622,6283,5127,2917
"WMW_Asymp","ghEqualK",2061879,10000,10,100,2,3,3,3,0.2,0,0.4135,0.400814206902901,0.426185793097099,0.6102,0.600640986159985,0.619759013840015,0.7103,0.702837900129268,0.717762099870732,7103,6102,4135
"WMW_Asymp","ghEqualK",1299901,10000,10,100,2,3,1,3,0.2,0,0.4996,0.486720004121601,0.512479995878399,0.705,0.696061561881402,0.713938438118598,0.7895,0.782793930970802,0.796206069029198,7895,7050,4996
"WMW_Asymp","ghEqualK",17133,10000,10,100,2,3,-1,1,0.2,0,0.6203,0.607798358297775,0.632801641702225,0.8505,0.84351101953358,0.85748898046642,0.9204,0.915947430150621,0.924852569849379,9204,8505,6203
"WMW_Asymp","ghEqualK",4199290,10000,10,100,2,3,-3,3,0.2,0,0.9997,0.999253890643434,1.00014610935657,1,1,1,1,1,1,10000,10000,9997
"WMW_Asymp","ghEqualK",397144,10000,10,100,2,3,-1,3,0.2,0,0.8424,0.833013943927835,0.851786056072165,0.9546,0.950519675408206,0.958680324591794,0.9808,0.978542609228689,0.983057390771311,9808,9546,8424
"WMW_Asymp","ghEqualK",872397,10000,10,100,2,3,1,-3,0.2,0,0.0132,0.0102599995648,0.0161400004352,0.0684,0.0634523512260469,0.0733476487739531,0.1318,0.126235405807438,0.137364594192562,1318,684,132
"WMW_Asymp","ghEqualK",36062801,10000,10,100,2.5,3,1,1,0.2,0,0.4285,0.415752371772977,0.441247628227023,0.6409,0.631497162954172,0.650302837045828,0.7401,0.732885366996584,0.747314633003416,7401,6409,4285
"WMW_Asymp","ghEqualK",85794585,10000,10,100,2.5,3,3,3,0.2,0,0.5031,0.490220247555979,0.515979752444021,0.6921,0.683052151074736,0.701147848925264,0.7781,0.771264626331723,0.784935373668277,7781,6921,5031
"WMW_Asymp","ghEqualK",21110,10000,10,100,2.5,3,1,3,0.2,0,0.6134,0.6008556353673,0.6259443646327,0.7909,0.782929347497827,0.798870652502173,0.8607,0.855004034344839,0.866395965655161,8607,7909,6134
"WMW_Asymp","ghEqualK",8849773,10000,10,100,2.5,3,-1,1,0.2,0,0.8267,0.816949674620161,0.836450325379839,0.9551,0.951041143806637,0.959158856193363,0.9811,0.978859972024511,0.983340027975489,9811,9551,8267
"WMW_Asymp","ghEqualK",105117,10000,10,100,2.5,3,-3,3,0.2,0,1,1,1,1,1,1,1,1,1,10000,10000,10000
"WMW_Asymp","ghEqualK",3135912,10000,10,100,2.5,3,-1,3,0.2,0,0.9606,0.955588528547735,0.965611471452265,0.9926,0.990920194237895,0.994279805762105,0.9984,0.997742526610729,0.999057473389271,9984,9926,9606
"WMW_Asymp","ghEqualK",93476,10000,10,100,2.5,3,1,-3,0.2,0,0.0259,0.0218083590883187,0.0299916409116813,0.1125,0.106306779916715,0.118693220083285,0.1952,0.188679967015544,0.201720032984456,1952,1125,259
