"method","distribution","seed","N","n1","n2","delta","sd","g1","g2","h","null","power0.01","l_CI","u_CI","power0.05","l_CI","u_CI","power0.10","l_CI","u_CI","ct_0.10","ct_0.05","ct_0.01"
"AD","ghEqualK",68800353,10000,10,10,0,3,1,1,0.2,1,0.0108,0.00813743762725904,0.013462562372741,0.0542,0.049762326260573,0.058637673739427,0.1054,0.100348729166724,0.110451270833276,1054,542,108
"AD","ghEqualK",314946610,10000,10,10,0,3,3,3,0.2,1,0.0088,0.00639415390545114,0.0112058460945489,0.0521,0.0477443177050662,0.0564556822949338,0.1007,0.0957496838681984,0.105650316131802,1007,521,88
"AD","ghEqualK",2628514,10000,10,10,0,3,-3,-3,0.2,1,0.0086,0.00622141025800917,0.0109785897419908,0.0502,0.0459201946967648,0.0544798053032352,0.1032,0.0981955823085598,0.10820441769144,1032,502,86
"AD","ghEqualK",748377,10000,10,10,0,3,-1,-1,0.2,1,0.0091,0.00665385910075809,0.0115461408992419,0.0526,0.0482246214474174,0.0569753785525826,0.1039,0.0988805987472633,0.108919401252737,1039,526,91
"AD","ghEqualK",145691,10000,10,10,0.5,3,1,1,0.2,0,0.0161,0.0128578412422733,0.0193421587577267,0.0695,0.0645156714434139,0.0744843285565861,0.1337,0.128101576306962,0.139298423693039,1337,695,161
"AD","ghEqualK",18728,10000,10,10,0.5,3,3,3,0.2,0,0.0328,0.0282118149607044,0.0373881850392956,0.1294,0.122821414235385,0.135978585764615,0.2396,0.232578492513456,0.246621507486544,2396,1294,328
"AD","ghEqualK",11752699,10000,10,10,0.5,3,1,3,0.2,0,0.0517,0.0459962037213154,0.0574037962786846,0.1884,0.18073578746182,0.19606421253818,0.3142,0.306563968117412,0.321836031882588,3142,1884,517
"AD","ghEqualK",11617695,10000,10,10,0.5,3,-1,1,0.2,0,0.0424,0.037209360639206,0.047590639360794,0.1687,0.161360060116758,0.176039939883242,0.2807,0.273308337333538,0.288091662666462,2807,1687,424
"AD","ghEqualK",1538223,10000,10,10,0.5,3,-3,3,0.2,0,0.1434,0.134371627497287,0.152428372502713,0.4115,0.401854733656347,0.421145266343653,0.5822,0.574086911364721,0.590313088635279,5822,4115,1434
"AD","ghEqualK",44985,10000,10,10,0.5,3,-1,3,0.2,0,0.0896,0.0822427419635584,0.0969572580364416,0.2995,0.290522435076258,0.308477564923742,0.459,0.450802699090707,0.467197300909293,4590,2995,896
"AD","ghEqualK",348653,10000,10,10,0.5,3,1,-3,0.2,0,0.0237,0.0197815737575072,0.0276184262424928,0.1235,0.117051398939305,0.129948601060695,0.2413,0.234261508260161,0.248338491739838,2413,1235,237
"AD","ghEqualK",122941330,10000,10,10,1,3,1,1,0.2,0,0.0301,0.0256985822944619,0.0345014177055381,0.1199,0.113533046568538,0.126266953431462,0.205,0.198359108310061,0.211640891689939,2050,1199,301
"AD","ghEqualK",39575706,10000,10,10,1,3,3,3,0.2,0,0.084,0.076854489881443,0.091145510118557,0.2597,0.251105988690629,0.268294011309371,0.4058,0.397722290186451,0.413877709813549,4058,2597,840
"AD","ghEqualK",167284,10000,10,10,1,3,1,3,0.2,0,0.1003,0.0925617067190487,0.108038293280951,0.2945,0.285565973631111,0.303434026368889,0.4545,0.446309126409572,0.462690873590428,4545,2945,1003
"AD","ghEqualK",213095,10000,10,10,1,3,-1,1,0.2,0,0.0828,0.0757010674445508,0.0898989325554492,0.2691,0.260407556005909,0.277792443994091,0.4053,0.397223872374351,0.413376127625649,4053,2691,828
"AD","ghEqualK",19407,10000,10,10,1,3,-3,3,0.2,0,0.2954,0.2836477120562,0.3071522879438,0.605,0.595418526418134,0.614581473581866,0.747,0.739848675851459,0.754151324148541,7470,6050,2954
"AD","ghEqualK",2761680,10000,10,10,1,3,-1,3,0.2,0,0.1722,0.162474204283473,0.181925795716527,0.4421,0.432365929003012,0.451834070996988,0.6073,0.599266625868119,0.615333374131881,6073,4421,1722
"AD","ghEqualK",29139,10000,10,10,1,3,1,-3,0.2,0,0.0134,0.0104381107640318,0.0163618892359682,0.0857,0.0802135573709734,0.0911864426290266,0.1881,0.181671471542415,0.194528528457585,1881,857,134
"AD","ghEqualK",15801511,10000,10,10,1.5,3,1,1,0.2,0,0.0655,0.0591268203381985,0.0718731796618015,0.2162,0.208131616255433,0.224268383744567,0.3298,0.322066191044776,0.337533808955224,3298,2162,655
"AD","ghEqualK",99553,10000,10,10,1.5,3,3,3,0.2,0,0.1378,0.128920786948946,0.146679213051054,0.3677,0.358249289121257,0.377150710878743,0.5447,0.536507934518647,0.552892065481353,5447,3677,1378
"AD","ghEqualK",28976077,10000,10,10,1.5,3,1,3,0.2,0,0.1777,0.167852982319134,0.187547017680866,0.4271,0.417404721960954,0.436795278039046,0.5894,0.581307542252004,0.597492457747996,5894,4271,1777
"AD","ghEqualK",541863,10000,10,10,1.5,3,-1,1,0.2,0,0.1603,0.150849066736644,0.169750933263356,0.4042,0.394581563650073,0.413818436349927,0.5558,0.547626379857621,0.563973620142379,5558,4042,1603
"AD","ghEqualK",483492,10000,10,10,1.5,3,-3,3,0.2,0,0.5737,0.560960688708338,0.586439311291662,0.8421,0.83495291462382,0.84924708537618,0.9193,0.914819450293237,0.923780549706763,9193,8421,5737
"AD","ghEqualK",283977,10000,10,10,1.5,3,-1,3,0.2,0,0.318,0.30600358155208,0.32999641844792,0.6314,0.621944466762451,0.640855533237549,0.7679,0.760955262954728,0.774844737045272,7679,6314,3180
"AD","ghEqualK",12398521,10000,10,10,1.5,3,1,-3,0.2,0,0.016,0.0127677614979089,0.0192322385020911,0.083,0.0775927084635652,0.0884072915364349,0.1796,0.173285602842424,0.185914397157576,1796,830,160
"AD","ghEqualK",148479,10000,10,10,2,3,1,1,0.2,0,0.1229,0.114442415303245,0.131357584696755,0.3251,0.315919120861355,0.334280879138645,0.4653,0.457094831187856,0.473505168812144,4653,3251,1229
"AD","ghEqualK",68150100,10000,10,10,2,3,3,3,0.2,0,0.2158,0.205202949649269,0.226397050350731,0.4911,0.481301552638994,0.500898447361006,0.6674,0.659649671227161,0.675150328772839,6674,4911,2158
"AD","ghEqualK",29008787,10000,10,10,2,3,1,3,0.2,0,0.2647,0.253335374934631,0.276064625065369,0.5548,0.545059037411344,0.564540962588656,0.7145,0.707070320577281,0.721929679422719,7145,5548,2647
"AD","ghEqualK",77244,10000,10,10,2,3,-1,1,0.2,0,0.278,0.266459175005157,0.289540824994843,0.5786,0.568921845481374,0.588278154518626,0.7116,0.704147851509289,0.719052148490711,7116,5786,2780
"AD","ghEqualK",2120978,10000,10,10,2,3,-3,3,0.2,0,0.9453,0.939442337427026,0.951157662572974,0.9933,0.991701054391919,0.99489894560808,0.9984,0.997742526610729,0.999057473389271,9984,9933,9453
"AD","ghEqualK",239793332,10000,10,10,2,3,-1,3,0.2,0,0.5135,0.500624695615932,0.526375304384068,0.796,0.788101807963844,0.803898192036156,0.8912,0.886077665459734,0.896322334540266,8912,7960,5135
"AD","ghEqualK",3195476,10000,10,10,2,3,1,-3,0.2,0,0.0213,0.0175807064704899,0.0250192935295101,0.0989,0.0930488570034223,0.104751142996578,0.1975,0.190951045504481,0.204048954495519,1975,989,213
"AD","ghEqualK",31345833,10000,10,10,2.5,3,1,1,0.2,0,0.2044,0.194011958124764,0.214788041875236,0.4632,0.453426579147422,0.472973420852578,0.607,0.598965543143591,0.615034456856409,6070,4632,2044
"AD","ghEqualK",88445,10000,10,10,2.5,3,3,3,0.2,0,0.2867,0.275050807627722,0.298349192372278,0.5782,0.568520600772693,0.587879399227307,0.7418,0.734600747004869,0.748999252995131,7418,5782,2867
"AD","ghEqualK",158438843,10000,10,10,2.5,3,1,3,0.2,0,0.3681,0.355676243091944,0.380523756908056,0.6691,0.659877472266759,0.678322527733241,0.811,0.804559683191217,0.817440316808784,8110,6691,3681
"AD","ghEqualK",95391,10000,10,10,2.5,3,-1,1,0.2,0,0.4418,0.429007552876397,0.454592447123603,0.7343,0.725642577496645,0.742957422503355,0.8391,0.833055633569846,0.845144366430154,8391,7343,4418
"AD","ghEqualK",2348500,10000,10,10,2.5,3,-3,3,0.2,0,0.9944,0.992477703257438,0.996322296742562,0.9992,0.998645850076604,0.999754149923396,0.9998,0.999567385133966,1.00003261486603,9998,9992,9944
"AD","ghEqualK",41094093,10000,10,10,2.5,3,-1,3,0.2,0,0.7294,0.717955610392438,0.740844389607562,0.9247,0.919528053922787,0.929871946077213,0.9675,0.964583022564473,0.970416977435527,9675,9247,7294
"AD","ghEqualK",3748133,10000,10,10,2.5,3,1,-3,0.2,0,0.0379,0.0329810141757082,0.0428189858242918,0.1415,0.134668682964464,0.148331317035536,0.25,0.242876941053873,0.257123058946127,2500,1415,379
"AD","ghEqualK",18281,10000,20,20,0,3,1,1,0.2,1,0.0109,0.00822527455888572,0.0135747254411143,0.0522,0.0478403695723605,0.0565596304276395,0.1052,0.100152959846762,0.110247040153238,1052,522,109
"AD","ghEqualK",230997,10000,20,20,0,3,3,3,0.2,1,0.0102,0.00761166986137858,0.0127883301386214,0.0538,0.0493777969370912,0.0582222030629088,0.1037,0.0986848724989513,0.108715127501049,1037,538,102
"AD","ghEqualK",20460,10000,20,20,0,3,-3,-3,0.2,1,0.0094,0.00691424141894994,0.0118857585810501,0.0512,0.0468800532862546,0.0555199467137454,0.1004,0.0954562388302427,0.105343761169757,1004,512,94
"AD","ghEqualK",154303246,10000,20,20,0,3,-1,-1,0.2,1,0.01,0.00743691236201335,0.0125630876379867,0.0508,0.0464960542129808,0.0551039457870192,0.0998,0.0948693897156741,0.104730610284326,998,508,100
"AD","ghEqualK",154341205,10000,20,20,0.5,3,1,1,0.2,0,0.0256,0.0215314985136952,0.0296685014863048,0.0906,0.0849740269799438,0.0962259730200562,0.1628,0.156726938034533,0.168873061965467,1628,906,256
"AD","ghEqualK",228169942,10000,20,20,0.5,3,3,3,0.2,0,0.0832,0.0760854927848672,0.0903145072151327,0.2646,0.255954048319913,0.273245951680087,0.4119,0.403803685163608,0.419996314836392,4119,2646,832
"AD","ghEqualK",50150365,10000,20,20,0.5,3,1,3,0.2,0,0.1399,0.130964287447717,0.148835712552283,0.3874,0.377851736935002,0.396948263064998,0.5612,0.553036844998875,0.569363155001126,5612,3874,1399
"AD","ghEqualK",566952,10000,20,20,0.5,3,-1,1,0.2,0,0.1268,0.118228391063016,0.135371608936984,0.3538,0.344428298173245,0.363171701826755,0.525,0.516785287683826,0.533214712316174,5250,3538,1268
"AD","ghEqualK",77298,10000,20,20,0.5,3,-3,3,0.2,0,0.5245,0.511635471732489,0.537364528267511,0.8438,0.836684321023992,0.850915678976008,0.9485,0.944864298792616,0.952135701207384,9485,8438,5245
"AD","ghEqualK",60120,10000,20,20,0.5,3,-1,3,0.2,0,0.3248,0.312736590074739,0.336863409925261,0.6623,0.653030656439985,0.671569343560015,0.8276,0.821386378798189,0.833813621201811,8276,6623,3248
"AD","ghEqualK",119163,10000,20,20,0.5,3,1,-3,0.2,0,0.0762,0.0693654122582078,0.0830345877417922,0.3028,0.293794399110243,0.311805600889757,0.5403,0.532101759811656,0.548498240188344,5403,3028,762
"AD","ghEqualK",716669,10000,20,20,1,3,1,1,0.2,0,0.0725,0.065820071389603,0.079179928610397,0.2072,0.199256118307427,0.215143881692573,0.3283,0.320575168450783,0.336024831549217,3283,2072,725
"AD","ghEqualK",270397,10000,20,20,1,3,3,3,0.2,0,0.2532,0.241998405063324,0.264401594936676,0.5475,0.537744322729815,0.557255677270185,0.7079,0.700419723748552,0.715380276251448,7079,5475,2532
"AD","ghEqualK",90330603,10000,20,20,1,3,1,3,0.2,0,0.3104,0.298481946204905,0.322318053795095,0.6229,0.613400658451535,0.632399341548465,0.7705,0.763582589182044,0.777417410817956,7705,6229,3104
"AD","ghEqualK",99550493,10000,20,20,1,3,-1,1,0.2,0,0.2709,0.259451623320813,0.282348376679187,0.5633,0.553578852272617,0.573021147727383,0.7095,0.702031813230484,0.716968186769516,7095,5633,2709
"AD","ghEqualK",1928588,10000,20,20,1,3,-3,3,0.2,0,0.7608,0.749810910808045,0.771789089191955,0.9464,0.9419855578284,0.9508144421716,0.9837,0.981616991509433,0.985783008490567,9837,9464,7608
"AD","ghEqualK",292952,10000,20,20,1,3,-1,3,0.2,0,0.5544,0.541596460060059,0.567203539939941,0.8302,0.822841042769957,0.837558957230043,0.9233,0.918922410822293,0.927677589177707,9233,8302,5544
"AD","ghEqualK",68997418,10000,20,20,1,3,1,-3,0.2,0,0.0341,0.0294249190925778,0.0387750809074222,0.2053,0.197383154811063,0.213216845188937,0.4415,0.433331490001575,0.449668509998425,4415,2053,341
"AD","ghEqualK",30126130,10000,20,20,1.5,3,1,1,0.2,0,0.1764,0.166581315210075,0.186218684789925,0.4073,0.397669901261482,0.416930098738518,0.5428,0.534605189171409,0.550994810828591,5428,4073,1764
"AD","ghEqualK",171245,10000,20,20,1.5,3,3,3,0.2,0,0.4506,0.437783017836945,0.463416982163055,0.7537,0.745255235654585,0.762144764345415,0.8747,0.869254083213473,0.880145916786527,8747,7537,4506
"AD","ghEqualK",590137,10000,20,20,1.5,3,1,3,0.2,0,0.5158,0.502926432332569,0.528673567667431,0.8046,0.796828437121505,0.812371562878495,0.9013,0.896393642789016,0.906206357210984,9013,8046,5158
"AD","ghEqualK",18822,10000,20,20,1.5,3,-1,1,0.2,0,0.4689,0.456044939474685,0.481755060525315,0.7517,0.743232275761599,0.760167724238401,0.8556,0.84981790947359,0.86138209052641,8556,7517,4689
"AD","ghEqualK",646916,10000,20,20,1.5,3,-3,3,0.2,0,0.96,0.954952091538072,0.965047908461928,0.995,0.993617539873993,0.996382460126007,0.9988,0.998230497293773,0.999369502706227,9988,9950,9600
"AD","ghEqualK",42537496,10000,20,20,1.5,3,-1,3,0.2,0,0.7813,0.770651727359752,0.791948272640248,0.9435,0.938974659654788,0.948025340345212,0.9789,0.976535843107792,0.981264156892208,9789,9435,7813
"AD","ghEqualK",115870166,10000,20,20,1.5,3,1,-3,0.2,0,0.0317,0.0271868428538842,0.0362131571461158,0.1844,0.176798922890642,0.192001077109358,0.4013,0.393236843091458,0.409363156908542,4013,1844,317
"AD","ghEqualK",5295177,10000,20,20,2,3,1,1,0.2,0,0.342,0.329779981636937,0.354220018363063,0.6172,0.607673025679388,0.626726974320612,0.7458,0.738637496207896,0.752962503792104,7458,6172,3420
"AD","ghEqualK",18908581,10000,20,20,2,3,3,3,0.2,0,0.6114,0.598843749424008,0.623956250575992,0.8747,0.868211248084138,0.881188751915862,0.9463,0.942591763151203,0.950008236848797,9463,8747,6114
"AD","ghEqualK",56763431,10000,20,20,2,3,1,3,0.2,0,0.6923,0.680410686668605,0.704189313331395,0.9063,0.900588346448742,0.912011653551258,0.9618,0.958646883841673,0.964953116158327,9618,9063,6923
"AD","ghEqualK",26351735,10000,20,20,2,3,-1,1,0.2,0,0.7054,0.693656975753189,0.717143024246811,0.9037,0.89791795648152,0.90948204351848,0.9538,0.95034684916346,0.95725315083654,9538,9037,7054
"AD","ghEqualK",468656,10000,20,20,2,3,-3,3,0.2,0,1,1,1,1,1,1,1,1,1,10000,10000,10000
"AD","ghEqualK",160821704,10000,20,20,2,3,-1,3,0.2,0,0.9336,0.927186275220692,0.940013724779308,0.9907,0.988818654204672,0.992581345795328,0.9974,0.996562302425036,0.998237697574964,9974,9907,9336
"AD","ghEqualK",2741695,10000,20,20,2,3,1,-3,0.2,0,0.0468,0.0413592245518331,0.0522407754481669,0.2177,0.209611426225001,0.225788573774999,0.4279,0.419760963063238,0.436039036936762,4279,2177,468
"AD","ghEqualK",10252124,10000,20,20,2.5,3,1,1,0.2,0,0.5336,0.520749114916368,0.546450885083631,0.7944,0.786478868114821,0.802321131885179,0.8844,0.879140200538462,0.889659799461538,8844,7944,5336
"AD","ghEqualK",2740460,10000,20,20,2.5,3,3,3,0.2,0,0.7402,0.728903602333164,0.751496397666836,0.9357,0.930892382885295,0.940507617114705,0.9749,0.972326745160507,0.977473254839493,9749,9357,7402
"AD","ghEqualK",467638,10000,20,20,2.5,3,1,3,0.2,0,0.8295,0.819812398951567,0.839187601048433,0.9685,0.965076572296659,0.971923427703341,0.9886,0.986853660686149,0.990346339313851,9886,9685,8295
"AD","ghEqualK",176687,10000,20,20,2.5,3,-1,1,0.2,0,0.8816,0.87327742915682,0.88992257084318,0.9747,0.97162211906897,0.97777788093103,0.9904,0.988795990874839,0.992004009125161,9904,9747,8816
"AD","ghEqualK",190741367,10000,20,20,2.5,3,-3,3,0.2,0,1,1,1,1,1,1,1,1,1,10000,10000,10000
"AD","ghEqualK",974745,10000,20,20,2.5,3,-1,3,0.2,0,0.9891,0.986425274558886,0.991774725441114,0.9989,0.998250299171618,0.999549700828382,0.9999,0.999735508225206,1.00006449177479,9999,9989,9891
"AD","ghEqualK",285747,10000,20,20,2.5,3,1,-3,0.2,0,0.0855,0.07829687799287,0.09270312200713,0.2864,0.277539259886082,0.295260740113918,0.4991,0.490875013324511,0.507324986675489,4991,2864,855
"AD","ghEqualK",139451,10000,100,100,0,3,1,1,0.2,1,0.0112,0.00848912745672984,0.0139108725432702,0.0497,0.0454404410761676,0.0539595589238324,0.0995,0.0945759857484594,0.104424014251541,995,497,112
"AD","ghEqualK",16879921,10000,100,100,0,3,3,3,0.2,1,0.0105,0.00787428002833509,0.0131257199716649,0.0498,0.0455363823068197,0.0540636176931803,0.0984,0.0935002896965637,0.103299710303436,984,498,105
"AD","ghEqualK",502270,10000,100,100,0,3,-3,-3,0.2,1,0.0113,0.00857718993386318,0.0140228100661368,0.0502,0.0459201946967648,0.0544798053032352,0.0979,0.0930113990300931,0.102788600969907,979,502,113
"AD","ghEqualK",93062,10000,100,100,0,3,-1,-1,0.2,1,0.0118,0.00901830642683706,0.0145816935731629,0.048,0.0438101819418977,0.0521898180581023,0.1006,0.0956518673438256,0.105548132656174,1006,480,118
"AD","ghEqualK",36365,10000,100,100,0.5,3,1,1,0.2,0,0.1057,0.0977800039002676,0.113619996099732,0.2757,0.26694142008305,0.28445857991695,0.4023,0.39423354813671,0.41036645186329,4023,2757,1057
"AD","ghEqualK",581147,10000,100,100,0.5,3,3,3,0.2,0,0.8012,0.790919256613637,0.811480743386363,0.9596,0.955740848096485,0.963459151903515,0.9858,0.983853723757557,0.987746276242443,9858,9596,8012
"AD","ghEqualK",140672723,10000,100,100,0.5,3,1,3,0.2,0,0.9812,0.977701325391944,0.984698674608056,0.9996,0.999208078407842,0.999991921592158,0.9999,0.999735508225206,1.00006449177479,9999,9996,9812
"AD","ghEqualK",212781,10000,100,100,0.5,3,-1,1,0.2,0,0.9808,0.977265022111309,0.984334977888691,0.9993,0.998781614273345,0.999818385726655,1,1,1,10000,9993,9808
"AD","ghEqualK",4064971,10000,100,100,0.5,3,-3,3,0.2,0,1,1,1,1,1,1,1,1,1,10000,10000,10000
"AD","ghEqualK",8848781,10000,100,100,0.5,3,-1,3,0.2,0,1,1,1,1,1,1,1,1,1,10000,10000,10000
"AD","ghEqualK",1492996,10000,100,100,0.5,3,1,-3,0.2,0,0.9995,0.998924132909779,1.00007586709022,1,1,1,1,1,1,10000,10000,9995
"AD","ghEqualK",18576019,10000,100,100,1,3,1,1,0.2,0,0.5725,0.559756120283054,0.585243879716946,0.8071,0.799366326041628,0.814833673958372,0.891,0.885873534921849,0.896126465078151,8910,8071,5725
"AD","ghEqualK",21102867,10000,100,100,1,3,3,3,0.2,0,0.9982,0.99710807981584,0.99929192018416,1,1,1,1,1,1,10000,10000,9982
"AD","ghEqualK",40202631,10000,100,100,1,3,1,3,0.2,0,0.9997,0.999253890643434,1.00014610935657,1,1,1,1,1,1,10000,10000,9997
"AD","ghEqualK",639179,10000,100,100,1,3,-1,1,0.2,0,0.9988,0.997908182996206,0.999691817003794,1,1,1,1,1,1,10000,10000,9988
"AD","ghEqualK",358076,10000,100,100,1,3,-3,3,0.2,0,1,1,1,1,1,1,1,1,1,10000,10000,10000
"AD","ghEqualK",1204438,10000,100,100,1,3,-1,3,0.2,0,1,1,1,1,1,1,1,1,1,10000,10000,10000
"AD","ghEqualK",83487,10000,100,100,1,3,1,-3,0.2,0,0.9983,0.997238791170063,0.999361208829937,1,1,1,1,1,1,10000,10000,9983
"AD","ghEqualK",707750,10000,100,100,1.5,3,1,1,0.2,0,0.9434,0.937447464279507,0.949352535720493,0.9889,0.986846504529735,0.990953495470265,0.996,0.994961693513456,0.997038306486544,9960,9889,9434
"AD","ghEqualK",494824,10000,100,100,1.5,3,3,3,0.2,0,1,1,1,1,1,1,1,1,1,10000,10000,10000
"AD","ghEqualK",41266498,10000,100,100,1.5,3,1,3,0.2,0,1,1,1,1,1,1,1,1,1,10000,10000,10000
"AD","ghEqualK",258331,10000,100,100,1.5,3,-1,1,0.2,0,1,1,1,1,1,1,1,1,1,10000,10000,10000
"AD","ghEqualK",2612224,10000,100,100,1.5,3,-3,3,0.2,0,1,1,1,1,1,1,1,1,1,10000,10000,10000
"AD","ghEqualK",974708,10000,100,100,1.5,3,-1,3,0.2,0,1,1,1,1,1,1,1,1,1,10000,10000,10000
"AD","ghEqualK",22237,10000,100,100,1.5,3,1,-3,0.2,0,0.9961,0.994494428567549,0.997705571432451,1,1,1,1,1,1,10000,10000,9961
"AD","ghEqualK",963919,10000,100,100,2,3,1,1,0.2,0,0.9977,0.996466015334578,0.998933984665422,0.9999,0.999704009800245,1.00009599019976,1,1,1,10000,9999,9977
"AD","ghEqualK",6164241,10000,100,100,2,3,3,3,0.2,0,1,1,1,1,1,1,1,1,1,10000,10000,10000
"AD","ghEqualK",20441,10000,100,100,2,3,1,3,0.2,0,1,1,1,1,1,1,1,1,1,10000,10000,10000
"AD","ghEqualK",258307,10000,100,100,2,3,-1,1,0.2,0,1,1,1,1,1,1,1,1,1,10000,10000,10000
"AD","ghEqualK",1409022,10000,100,100,2,3,-3,3,0.2,0,1,1,1,1,1,1,1,1,1,10000,10000,10000
"AD","ghEqualK",117935165,10000,100,100,2,3,-1,3,0.2,0,1,1,1,1,1,1,1,1,1,10000,10000,10000
"AD","ghEqualK",206256916,10000,100,100,2,3,1,-3,0.2,0,0.9951,0.993301223265154,0.996898776734846,1,1,1,1,1,1,10000,10000,9951
"AD","ghEqualK",133492,10000,100,100,2.5,3,1,1,0.2,0,1,1,1,1,1,1,1,1,1,10000,10000,10000
"AD","ghEqualK",1058053,10000,100,100,2.5,3,3,3,0.2,0,1,1,1,1,1,1,1,1,1,10000,10000,10000
"AD","ghEqualK",55027,10000,100,100,2.5,3,1,3,0.2,0,1,1,1,1,1,1,1,1,1,10000,10000,10000
"AD","ghEqualK",1484039,10000,100,100,2.5,3,-1,1,0.2,0,1,1,1,1,1,1,1,1,1,10000,10000,10000
"AD","ghEqualK",4389313,10000,100,100,2.5,3,-3,3,0.2,0,1,1,1,1,1,1,1,1,1,10000,10000,10000
"AD","ghEqualK",699783,10000,100,100,2.5,3,-1,3,0.2,0,1,1,1,1,1,1,1,1,1,10000,10000,10000
"AD","ghEqualK",55642,10000,100,100,2.5,3,1,-3,0.2,0,0.9961,0.994494428567549,0.997705571432451,1,1,1,1,1,1,10000,10000,9961
"AD","ghEqualK",40877320,10000,10,100,0,3,1,1,0.2,1,0.01,0.00743691236201335,0.0125630876379867,0.0497,0.0454404410761676,0.0539595589238324,0.0998,0.0948693897156741,0.104730610284326,998,497,100
"AD","ghEqualK",486626,10000,10,100,0,3,3,3,0.2,1,0.0083,0.00596291202152422,0.0106370879784758,0.0512,0.0468800532862546,0.0555199467137454,0.1048,0.0997614383085646,0.109838561691435,1048,512,83
"AD","ghEqualK",16408167,10000,10,100,0,3,-3,-3,0.2,1,0.0099,0.00734963120325236,0.0124503687967476,0.0534,0.0489933358750184,0.0578066641249816,0.105,0.0999571962225861,0.110042803777414,1050,534,99
"AD","ghEqualK",481625,10000,10,100,0,3,-1,-1,0.2,1,0.0094,0.00691424141894994,0.0118857585810501,0.0488,0.0445771864817873,0.0530228135182127,0.1008,0.0958475019016258,0.105752498098374,1008,488,94
"AD","ghEqualK",326777,10000,10,100,0.5,3,1,1,0.2,0,0.0357,0.0309204605551815,0.0404795394448185,0.1127,0.106501975763713,0.118898024236287,0.1866,0.180191242982052,0.193008757017948,1866,1127,357
"AD","ghEqualK",176205,10000,10,100,0.5,3,3,3,0.2,0,0.1748,0.165016456451321,0.184583543548679,0.3615,0.352083474800119,0.370916525199881,0.4869,0.478677823469119,0.495122176530881,4869,3615,1748
"AD","ghEqualK",1190852,10000,10,100,0.5,3,1,3,0.2,0,0.3385,0.326310381337285,0.350689618662715,0.5496,0.539848338350086,0.559351661649914,0.6684,0.660655535669422,0.676144464330578,6684,5496,3385
"AD","ghEqualK",14768354,10000,10,100,0.5,3,-1,1,0.2,0,0.207,0.196563193658135,0.217436806341865,0.4068,0.397171755401861,0.416428244598139,0.5462,0.538010186803113,0.554389813196887,5462,4068,2070
"AD","ghEqualK",205894481,10000,10,100,0.5,3,-3,3,0.2,0,0.5806,0.567888447733559,0.593311552266441,0.8318,0.824468741633144,0.839131258366856,0.9401,0.936196390737539,0.944003609262462,9401,8318,5806
"AD","ghEqualK",8326188,10000,10,100,0.5,3,-1,3,0.2,0,0.4612,0.448358838692009,0.474041161307991,0.6976,0.688597768007966,0.706602231992034,0.8174,0.811044735860163,0.823755264139837,8174,6976,4612
"AD","ghEqualK",18591,10000,10,100,0.5,3,1,-3,0.2,0,0.1968,0.186558342322974,0.207041657677026,0.4213,0.411622157675928,0.430977842324072,0.6119,0.603883626379093,0.619916373620907,6119,4213,1968
"AD","ghEqualK",137071334,10000,10,100,1,3,1,1,0.2,0,0.1169,0.108623283939045,0.125176716060955,0.2678,0.259120869470644,0.276479130529356,0.3753,0.36733490541357,0.38326509458643,3753,2678,1169
"AD","ghEqualK",492424,10000,10,100,1,3,3,3,0.2,0,0.4366,0.423823963446274,0.449376036553726,0.6646,0.655346249859954,0.673853750140046,0.7708,0.763885766182403,0.777714233817597,7708,6646,4366
"AD","ghEqualK",124441,10000,10,100,1,3,1,3,0.2,0,0.526,0.513137425547644,0.538862574452356,0.7382,0.729583559112859,0.746816440887141,0.8239,0.817634109058085,0.830165890941915,8239,7382,5260
"AD","ghEqualK",17883,10000,10,100,1,3,-1,1,0.2,0,0.3392,0.327004242012702,0.351395757987298,0.577,0.56731690569291,0.58668309430709,0.7023,0.694778288810864,0.709821711189136,7023,5770,3392
"AD","ghEqualK",219175,10000,10,100,1,3,-3,3,0.2,0,0.7728,0.762005971040412,0.783594028959588,0.9378,0.933066238448591,0.942533761551409,0.9815,0.979283351055224,0.983716648944776,9815,9378,7728
"AD","ghEqualK",945502,10000,10,100,1,3,-1,3,0.2,0,0.6473,0.634991605938414,0.659608394061586,0.84,0.832814521310309,0.847185478689691,0.9155,0.910924659384333,0.920075340615667,9155,8400,6473
"AD","ghEqualK",1944277,10000,10,100,1,3,1,-3,0.2,0,0.1302,0.121531158699013,0.138868841300987,0.3432,0.333894359235302,0.352505640764698,0.5516,0.543418916354932,0.559781083645068,5516,3432,1302
"AD","ghEqualK",255491598,10000,10,100,1.5,3,1,1,0.2,0,0.269,0.257576986575934,0.280423013424066,0.4729,0.463114405022974,0.482685594977026,0.59,0.581909342131198,0.598090657868801,5900,4729,2690
"AD","ghEqualK",53156045,10000,10,100,1.5,3,3,3,0.2,0,0.6466,0.634286061466982,0.658913938533018,0.8336,0.82630018951435,0.84089981048565,0.905,0.900176614266151,0.909823385733849,9050,8336,6466
"AD","ghEqualK",26762411,10000,10,100,1.5,3,1,3,0.2,0,0.7057,0.693960460850792,0.717439539149208,0.8644,0.857689679010479,0.87111032098952,0.9157,0.911129578051233,0.920270421948767,9157,8644,7057
"AD","ghEqualK",5331655,10000,10,100,1.5,3,-1,1,0.2,0,0.5232,0.510333872533176,0.536066127466824,0.7515,0.743029993173556,0.759970006826443,0.8453,0.839351376346938,0.851248623653063,8453,7515,5232
"AD","ghEqualK",70351,10000,10,100,1.5,3,-3,3,0.2,0,0.9556,0.950293900198596,0.960906099801404,0.9932,0.991589247243802,0.994810752756198,0.9985,0.99786337224819,0.99913662775181,9985,9932,9556
"AD","ghEqualK",135235582,10000,10,100,1.5,3,-1,3,0.2,0,0.8134,0.803364159222958,0.823435840777042,0.9325,0.927582635766999,0.937417364233001,0.9668,0.963852843047885,0.969747156952115,9668,9325,8134
"AD","ghEqualK",51269535,10000,10,100,1.5,3,1,-3,0.2,0,0.083,0.0758932739806856,0.0901067260193144,0.3026,0.293596082548224,0.311603917451776,0.5304,0.522190216507508,0.538609783492492,5304,3026,830
"AD","ghEqualK",35596,10000,10,100,2,3,1,1,0.2,0,0.4674,0.454547405854466,0.480252594145534,0.679,0.669849528458052,0.688150471541948,0.7725,0.765603863537503,0.779396136462497,7725,6790,4674
"AD","ghEqualK",30181455,10000,10,100,2,3,3,3,0.2,0,0.7761,0.765361793603068,0.786838206396932,0.9082,0.902540629056017,0.913859370943983,0.9514,0.947862751179363,0.954937248820637,9514,9082,7761
"AD","ghEqualK",31383,10000,10,100,2,3,1,3,0.2,0,0.8179,0.807958522460057,0.827841477539943,0.9288,0.923759690889479,0.933840309110521,0.96,0.956776471498497,0.963223528501503,9600,9288,8179
"AD","ghEqualK",248635,10000,10,100,2,3,-1,1,0.2,0,0.718,0.706408686953688,0.729591313046312,0.8888,0.882638158995105,0.894961841004895,0.9437,0.939908272859003,0.947491727140997,9437,8888,7180
"AD","ghEqualK",251060,10000,10,100,2,3,-3,3,0.2,0,1,1,1,1,1,1,1,1,1,10000,10000,10000
"AD","ghEqualK",6665517,10000,10,100,2,3,-1,3,0.2,0,0.9355,0.929172274777647,0.941827725222353,0.9835,0.981003191549197,0.985996808450803,0.9939,0.992619138519989,0.995180861480011,9939,9835,9355
"AD","ghEqualK",585165,10000,10,100,2,3,1,-3,0.2,0,0.0737,0.0669693743748552,0.0804306256251448,0.3056,0.296571042632596,0.314628957367404,0.5504,0.542216892316876,0.558583107683124,5504,3056,737
"AD","ghEqualK",8230039,10000,10,100,2.5,3,1,1,0.2,0,0.6481,0.635797977901302,0.660402022098698,0.8179,0.810335832306565,0.825464167693435,0.884,0.878732300050307,0.889267699949693,8840,8179,6481
"AD","ghEqualK",637551,10000,10,100,2.5,3,3,3,0.2,0,0.8584,0.849419048732092,0.867380951267908,0.9534,0.949268701232009,0.957531298767991,0.9759,0.973377233341751,0.978422766658249,9759,9534,8584
"AD","ghEqualK",31001,10000,10,100,2.5,3,1,3,0.2,0,0.8966,0.888756579565333,0.904443420434666,0.9639,0.960243836047659,0.967556163952341,0.9796,0.977274558737874,0.981925441262126,9796,9639,8966
"AD","ghEqualK",3652820,10000,10,100,2.5,3,-1,1,0.2,0,0.8723,0.863702459237707,0.880897540762293,0.9661,0.962552952849707,0.969647047150293,0.9857,0.983746981760255,0.987653018239745,9857,9661,8723
"AD","ghEqualK",378506,10000,10,100,2.5,3,-3,3,0.2,0,1,1,1,1,1,1,1,1,1,10000,10000,10000
"AD","ghEqualK",163800,10000,10,100,2.5,3,-1,3,0.2,0,0.9868,0.9838599995648,0.9897400004352,0.998,0.997124338330175,0.998875661669825,0.9995,0.999132258787495,0.999867741212506,9995,9980,9868
"AD","ghEqualK",127520,10000,10,100,2.5,3,1,-3,0.2,0,0.0903,0.0829168986321725,0.0976831013678275,0.3442,0.33488790901797,0.35351209098203,0.5884,0.580304570083831,0.596495429916169,5884,3442,903
