"method","distribution","seed","N","n1","n2","delta","sd","null","power0.01","l_CI","u_CI","power0.05","l_CI","u_CI","power0.10","l_CI","u_CI","ct_0.10","ct_0.05","ct_0.01"
"Gastwirth","Normal",264915346,10000,10,10,0,1,1,0.1143,0.106103804738748,0.122496195261252,0.205,0.197087448199222,0.212912551800778,0.3553,0.347426962117405,0.363173037882595,3553,2050,1143
"Gastwirth","Normal",178197712,10000,10,10,0,3,1,0.1192,0.110853149414927,0.127546850585073,0.21,0.202016758553069,0.217983241446931,0.3571,0.349218070604035,0.364981929395965,3571,2100,1192
"Gastwirth","Normal",1651724,10000,10,10,0,5,1,0.1208,0.11240495234968,0.12919504765032,0.2133,0.205271099531218,0.221328900468782,0.3627,0.354791180947969,0.370608819052031,3627,2133,1208
"Gastwirth","Normal",1691473,10000,10,10,0.5,1,0,0.2648,0.253434001398799,0.276165998601201,0.393,0.383427030128534,0.402572969871466,0.5384,0.530199292385556,0.546600707614444,5384,3930,2648
"Gastwirth","Normal",1547519,10000,10,10,1.5,1,0,0.8668,0.858046990044438,0.875553009955563,0.9364,0.931616835339819,0.941183164660181,0.9679,0.965000429561474,0.970799570438526,9679,9364,8668
"Gastwirth","Normal",1761835,10000,10,10,2,1,0,0.9715,0.967213629659677,0.975786370340323,0.99,0.988049824623271,0.991950175376729,0.9968,0.995870937553014,0.997729062446986,9968,9900,9715
"Gastwirth","Normal",146674,10000,10,10,2.5,1,0,0.9947,0.992829619989089,0.996570380010911,0.999,0.998380503559332,0.999619496440668,0.9997,0.999415120383714,0.999984879616286,9997,9990,9947
"Gastwirth","Normal",722036,10000,10,10,0.5,3,0,0.1388,0.129893796743738,0.147706203256262,0.2364,0.228072535934247,0.244727464065753,0.3852,0.377194730246369,0.393205269753631,3852,2364,1388
"Gastwirth","Normal",316816159,10000,10,10,1.5,3,0,0.2766,0.265077115764126,0.288122884235874,0.397,0.387410190483644,0.406589809516356,0.545,0.536808378979866,0.553191621020134,5450,3970,2766
"Gastwirth","Normal",294685,10000,10,10,2,3,0,0.3718,0.359350568571803,0.384249431428197,0.5031,0.49330018835781,0.51289981164219,0.6412,0.633309784293671,0.649090215706329,6412,5031,3718
"Gastwirth","Normal",13192737,10000,10,10,2.5,3,0,0.4803,0.467430001081227,0.493169998918773,0.6176,0.608074919454493,0.627125080545507,0.7415,0.734298022608729,0.748701977391271,7415,6176,4803
"Gastwirth","Normal",33715,10000,10,10,0.5,5,0,0.1293,0.120656703857314,0.137943296142686,0.2173,0.209216794846498,0.225383205153502,0.3655,0.35757817204653,0.37342182795347,3655,2173,1293
"Gastwirth","Normal",4585152,10000,10,10,1.5,5,0,0.1742,0.164429711828286,0.183970288171714,0.2803,0.271496743185298,0.289103256814702,0.4305,0.422354845165721,0.438645154834279,4305,2803,1742
"Gastwirth","Normal",197367,10000,10,10,2,5,0,0.2235,0.21276862546407,0.23423137453593,0.3387,0.329423953201412,0.347976046798588,0.4815,0.473280631940692,0.489719368059308,4815,3387,2235
"Gastwirth","Normal",574070,10000,10,10,2.5,5,0,0.275,0.263497792211927,0.286502207788073,0.4005,0.390896005000001,0.410103994999999,0.547,0.538811418677359,0.555188581322641,5470,4005,2750
"Gastwirth","Normal",56613,10000,10,10,1,1,0,0.6075,0.594921211053523,0.620078788946477,0.7375,0.728876139205669,0.746123860794331,0.8338,0.827676321842234,0.839923678157766,8338,7375,6075
"Gastwirth","Normal",227608,10000,10,10,1,3,0,0.1904,0.180286194894483,0.200513805105517,0.3007,0.291712176205466,0.309687823794534,0.4563,0.448106474622498,0.464493525377502,4563,3007,1904
"Gastwirth","Normal",87712,10000,10,10,1,5,0,0.1401,0.131158942233079,0.149041057766921,0.2406,0.23222202270101,0.24897797729899,0.392,0.383969164586421,0.400030835413579,3920,2406,1401
"Gastwirth","Normal",101864,10000,10,10,5,1,0,1,1,1,1,1,1,1,1,1,10000,10000,10000
"Gastwirth","Normal",19083,10000,10,10,5,3,0,0.9179,0.910828441765128,0.924971558234872,0.9657,0.962132826384713,0.969267173615287,0.9873,0.985457988525341,0.989142011474659,9873,9657,9179
"Gastwirth","Normal",15572887,10000,10,10,5,5,0,0.6112,0.598642573073999,0.623757426926001,0.731,0.722308576742558,0.739691423257442,0.8324,0.826255749051381,0.838544250948619,8324,7310,6112
"Gastwirth","Normal",82758230,10000,20,20,0,1,1,0.0461,0.0406980850054167,0.0515019149945833,0.13,0.123408452685446,0.136591547314554,0.2172,0.210417009305889,0.223982990694111,2172,1300,461
"Gastwirth","Normal",171838009,10000,20,20,0,3,1,0.0421,0.0369269462223959,0.0472730537776041,0.126,0.119495752477035,0.132504247522965,0.2101,0.20339860857814,0.21680139142186,2101,1260,421
"Gastwirth","Normal",10410730,10000,20,20,0,5,1,0.0443,0.0389996015927314,0.0496003984072686,0.1312,0.124582668446451,0.137817331553549,0.2218,0.214965727575821,0.228634272424179,2218,1312,443
"Gastwirth","Normal",334722,10000,20,20,0.5,1,0,0.2349,0.223979400804378,0.245820599195622,0.4239,0.414214172788739,0.433585827211261,0.5369,0.528697429065837,0.545102570934163,5369,4239,2349
"Gastwirth","Normal",138347,10000,20,20,1.5,1,0,0.9571,0.951880208415158,0.962319791584842,0.9909,0.989038805837533,0.992761194162467,0.9972,0.996330767305953,0.998069232694047,9972,9909,9571
"Gastwirth","Normal",306894,10000,20,20,2,1,0,0.9965,0.99497868715433,0.99802131284567,0.9996,0.999208078407842,0.999991921592158,0.9998,0.999567385133966,1.00003261486603,9998,9996,9965
"Gastwirth","Normal",20283,10000,20,20,2.5,1,0,1,1,1,1,1,1,1,1,1,10000,10000,10000
"Gastwirth","Normal",68230,10000,20,20,0.5,3,0,0.0634,0.0571227768988076,0.0696772231011924,0.1618,0.154581962097523,0.169018037902477,0.2486,0.241490287163387,0.255709712836613,2486,1618,634
"Gastwirth","Normal",5442216,10000,20,20,1.5,3,0,0.2335,0.222602035703931,0.244397964296069,0.4182,0.408532037792709,0.427867962207291,0.5367,0.528497186263313,0.544902813736687,5367,4182,2335
"Gastwirth","Normal",450352,10000,20,20,2,3,0,0.3747,0.362230991540703,0.387169008459297,0.5861,0.576446392319635,0.595753607680365,0.6912,0.683600125636407,0.698799874363593,6912,5861,3747
"Gastwirth","Normal",10355757,10000,20,20,2.5,3,0,0.5492,0.536382507362267,0.562017492637733,0.7503,0.741816348579438,0.758783651420562,0.8336,0.827473373342401,0.839726626657599,8336,7503,5492
"Gastwirth","Normal",22012,10000,20,20,0.5,5,0,0.0539,0.0480828700925023,0.0597171299074977,0.1455,0.138588956897834,0.152411043102166,0.2309,0.223967828884327,0.237832171115673,2309,1455,539
"Gastwirth","Normal",978475,10000,20,20,1.5,5,0,0.1081,0.10010134826851,0.11609865173149,0.2368,0.228467676916874,0.245132323083126,0.3358,0.328031168825885,0.343568831174115,3358,2368,1081
"Gastwirth","Normal",9235603,10000,20,20,2,5,0,0.1627,0.153192196866105,0.172207803133895,0.3273,0.318103135502053,0.336496864497947,0.4409,0.432732658824197,0.449067341175803,4409,3273,1627
"Gastwirth","Normal",1019666,10000,20,20,2.5,5,0,0.2322,0.221323203071068,0.243076796928932,0.4176,0.407933995354936,0.427266004645064,0.5316,0.523391442747498,0.539808557252502,5316,4176,2322
"Gastwirth","Normal",16843,10000,20,20,1,1,0,0.6964,0.684555243870037,0.708244756129963,0.8615,0.854729689309936,0.868270310690064,0.9154,0.910822202919405,0.919977797080595,9154,8615,6964
"Gastwirth","Normal",6211432,10000,20,20,1,3,0,0.1236,0.115121748829629,0.132078251170371,0.2671,0.258428077734758,0.275771922265242,0.373,0.365044745304046,0.380955254695954,3730,2671,1236
"Gastwirth","Normal",483567,10000,20,20,1,5,0,0.0753,0.0685025851556628,0.0820974148443372,0.1788,0.171289578711577,0.186310421288423,0.2678,0.26051572973429,0.27508427026571,2678,1788,753
"Gastwirth","Normal",151711643,10000,20,20,5,1,0,1,1,1,1,1,1,1,1,1,10000,10000,10000
"Gastwirth","Normal",5025505,10000,20,20,5,3,0,0.9824,0.979012756878725,0.985787243121275,0.9964,0.995226118708557,0.997573881291443,0.9988,0.998230497293773,0.999369502706227,9988,9964,9824
"Gastwirth","Normal",45897903,10000,20,20,5,5,0,0.6936,0.681724694761081,0.705475305238919,0.8565,0.849628592484796,0.863371407515204,0.9134,0.908773470327005,0.918026529672995,9134,8565,6936
"Gastwirth","Normal",13186764,10000,100,100,0,1,1,0.0135,0.0105272301497761,0.0164727698502239,0.06,0.0553452579018811,0.0646547420981189,0.1173,0.112006761390436,0.122593238609564,1173,600,135
"Gastwirth","Normal",20457564,10000,100,100,0,3,1,0.0127,0.00981548841415119,0.0155845115858488,0.0618,0.0570804779096184,0.0665195220903816,0.1154,0.110144158325149,0.120655841674851,1154,618,127
"Gastwirth","Normal",10641989,10000,100,100,0,5,1,0.0141,0.0110628107899994,0.0171371892100006,0.0647,0.0598784832608815,0.0695215167391185,0.1201,0.11475245971647,0.12544754028353,1201,647,141
"Gastwirth","Normal",114345506,10000,100,100,0.5,1,0,0.683,0.67101368072536,0.69498631927464,0.8646,0.857893853770279,0.871306146229721,0.9193,0.914819450293237,0.923780549706763,9193,8646,6830
"Gastwirth","Normal",28095,10000,100,100,1.5,1,0,1,1,1,1,1,1,1,1,1,10000,10000,10000
"Gastwirth","Normal",234012598,10000,100,100,2,1,0,1,1,1,1,1,1,1,1,1,10000,10000,10000
"Gastwirth","Normal",13836306,10000,100,100,2.5,1,0,1,1,1,1,1,1,1,1,1,10000,10000,10000
"Gastwirth","Normal",110186727,10000,100,100,0.5,3,0,0.0718,0.0651498894826194,0.0784501105173806,0.2008,0.192948264463343,0.208651735536657,0.3044,0.296830485713363,0.311969514286637,3044,2008,718
"Gastwirth","Normal",54658,10000,100,100,1.5,3,0,0.6809,0.668892546101702,0.692907453898298,0.8663,0.859629537727443,0.872970462272556,0.922,0.917588577396123,0.926411422603877,9220,8663,6809
"Gastwirth","Normal",80621764,10000,100,100,2,3,0,0.931,0.924471021408643,0.937528978591357,0.9823,0.979715569982839,0.98488443001716,0.9926,0.991190163021091,0.994009836978909,9926,9823,9310
"Gastwirth","Normal",302940504,10000,100,100,2.5,3,0,0.9935,0.991429923130316,0.995570076869684,0.9988,0.99812144358407,0.99947855641593,0.9996,0.999271065806581,0.999928934193419,9996,9988,9935
"Gastwirth","Normal",38150,10000,100,100,0.5,5,0,0.0337,0.0290514575751687,0.0383485424248313,0.1168,0.110504836373723,0.123095163626277,0.1925,0.186014364536965,0.198985635463035,1925,1168,337
"Gastwirth","Normal",211294,10000,100,100,1.5,5,0,0.2455,0.234413327237011,0.256586672762989,0.4687,0.458919220772883,0.478480779227117,0.5881,0.580003685163608,0.596196314836392,5881,4687,2455
"Gastwirth","Normal",584242,10000,100,100,2,5,0,0.4639,0.451053614553661,0.476746385446339,0.7037,0.694750151730359,0.712649848269641,0.7985,0.791901565837687,0.805098434162313,7985,7037,4639
"Gastwirth","Normal",568725,10000,100,100,2.5,5,0,0.6887,0.676772471566655,0.700627528433345,0.8716,0.865043120627128,0.878156879372872,0.9261,0.921796547006069,0.930403452993931,9261,8716,6887
"Gastwirth","Normal",73081,10000,100,100,1,1,0,0.9999,0.999642412880322,1.00015758711968,1,1,1,1,1,1,10000,10000,9999
"Gastwirth","Normal",1803342,10000,100,100,1,3,0,0.3072,0.295316061274762,0.319083938725238,0.55,0.540249123116355,0.559750876883645,0.6663,0.65854326575505,0.67405673424495,6663,5500,3072
"Gastwirth","Normal",127006,10000,100,100,1,5,0,0.1019,0.0941071682658443,0.109692831734156,0.2449,0.236471453268896,0.253328546731104,0.3502,0.342352816169102,0.358047183830898,3502,2449,1019
"Gastwirth","Normal",242791,10000,100,100,5,1,0,1,1,1,1,1,1,1,1,1,10000,10000,10000
"Gastwirth","Normal",196259875,10000,100,100,5,3,0,1,1,1,1,1,1,1,1,1,10000,10000,10000
"Gastwirth","Normal",704867,10000,100,100,5,5,0,0.9998,0.999435735018296,1.0001642649817,1,1,1,1,1,1,10000,10000,9998
"Gastwirth","Normal",40004986,10000,10,100,0,1,1,0.0168,0.0134892877596843,0.0201107122403157,0.0686,0.0636456549972373,0.0735543450027627,0.1237,0.118284018677859,0.129115981322141,1237,686,168
"Gastwirth","Normal",116717,10000,10,100,0,3,1,0.0141,0.0110628107899994,0.0171371892100006,0.0613,0.0565983562651345,0.0660016437348655,0.1195,0.114164015798433,0.124835984201567,1195,613,141
"Gastwirth","Normal",1394573,10000,10,100,0,5,1,0.0151,0.0119585481968644,0.0182414518031356,0.0594,0.0547671122156478,0.0640328877843522,0.1166,0.111320486861926,0.121879513138074,1166,594,151
"Gastwirth","Normal",19740,10000,10,100,0.5,1,0,0.1249,0.116383602578307,0.133416397421693,0.2888,0.279917186584781,0.297682813415219,0.3965,0.388453145746978,0.404546854253022,3965,2888,1249
"Gastwirth","Normal",276481260,10000,10,100,1.5,1,0,0.921,0.914051529477763,0.927948470522237,0.9769,0.973955665714903,0.979844334285097,0.9894,0.987715369000908,0.991084630999091,9894,9769,9210
"Gastwirth","Normal",6413423,10000,10,100,2,1,0,0.9961,0.994494428567549,0.997705571432451,0.9998,0.999522841861747,1.00007715813825,0.9998,0.999567385133966,1.00003261486603,9998,9998,9961
"Gastwirth","Normal",815078,10000,10,100,2.5,1,0,1,1,1,1,1,1,1,1,1,10000,10000,10000
"Gastwirth","Normal",44902,10000,10,100,0.5,3,0,0.0269,0.0227322588788573,0.0310677411211427,0.0892,0.0836133687093562,0.0947866312906438,0.1597,0.153673910991715,0.165726089008285,1597,892,269
"Gastwirth","Normal",32257247,10000,10,100,1.5,3,0,0.1282,0.119588113377118,0.136811886622882,0.2863,0.277440186220377,0.295159813779623,0.3974,0.389350027489047,0.405449972510953,3974,2863,1282
"Gastwirth","Normal",386992,10000,10,100,2,3,0,0.2391,0.228112486067115,0.250087513932885,0.4383,0.428574901278774,0.448025098721226,0.5604,0.552235232778358,0.568564767221642,5604,4383,2391
"Gastwirth","Normal",1174419,10000,10,100,2.5,3,0,0.3818,0.369285072988955,0.394314927011045,0.6067,0.597125743858785,0.616274256141215,0.7129,0.705457877645592,0.720342122354408,7129,6067,3818
"Gastwirth","Normal",26840765,10000,10,100,0.5,5,0,0.0172,0.0138507878653606,0.0205492121346394,0.0725,0.067417445622524,0.077582554377476,0.1321,0.126530038987751,0.137669961012249,1321,725,172
"Gastwirth","Normal",9636729,10000,10,100,1.5,5,0,0.0511,0.0454276041309598,0.0567723958690402,0.1402,0.13339498951701,0.14700501048299,0.2194,0.212592330123816,0.226207669876184,2194,1402,511
"Gastwirth","Normal",223721642,10000,10,100,2,5,0,0.0802,0.0732035176085624,0.0871964823914376,0.2006,0.192751193765776,0.208448806234224,0.2946,0.287101057885868,0.302098942114132,2946,2006,802
"Gastwirth","Normal",76955572,10000,10,100,2.5,5,0,0.1299,0.121239658483534,0.138560341516466,0.2875,0.278629105174786,0.296370894825214,0.3972,0.389150717977583,0.405249282022417,3972,2875,1299
"Gastwirth","Normal",503262,10000,10,100,1,1,0,0.5496,0.53678353040297,0.56241646959703,0.7522,0.743737992870152,0.760662007129848,0.8385,0.832446539692508,0.844553460307492,8385,7522,5496
"Gastwirth","Normal",73853634,10000,10,100,1,3,0,0.0586,0.0525496323727641,0.0646503676272359,0.1594,0.152225445768384,0.166574554231616,0.247,0.239905662146648,0.254094337853352,2470,1594,586
"Gastwirth","Normal",678283,10000,10,100,1,5,0,0.0278,0.0235650716691287,0.0320349283308713,0.0965,0.0907125959152656,0.102287404084734,0.1647,0.158598537553932,0.170801462446068,1647,965,278
"Gastwirth","Normal",53235,10000,10,100,5,1,0,1,1,1,1,1,1,1,1,1,10000,10000,10000
"Gastwirth","Normal",315202098,10000,10,100,5,3,0,0.9664,0.961758119476688,0.971041880523312,0.991,0.989148967034329,0.992851032965671,0.9962,0.995187882417947,0.997212117582053,9962,9910,9664
"Gastwirth","Normal",30898,10000,10,100,5,5,0,0.5596,0.546811831007045,0.572388168992955,0.7603,0.751932753113144,0.768667246886856,0.8382,0.832142003903278,0.844257996096722,8382,7603,5596
