"method","distribution","seed","N","n1","n2","delta","rate1","null","power0.01","l_CI","u_CI","power0.05","l_CI","u_CI","power0.10","l_CI","u_CI","ct_0.10","ct_0.05","ct_0.01"
"VW","Exp",181534159,10000,10,10,0,1,1,0.0075,0.00527750011023622,0.00972249988976378,0.0486,0.0443854056605173,0.0528145943394827,0.0991,0.0941848019356312,0.104015198064369,991,486,75
"VW","Exp",8888120,10000,10,10,0,0.5,1,0.007,0.00485232034567536,0.00914767965432464,0.0497,0.0454404410761676,0.0539595589238324,0.1023,0.0973149521453877,0.107285047854612,1023,497,70
"VW","Exp",36062,10000,10,10,0,0.25,1,0.0077,0.00544828864991625,0.00995171135008375,0.0478,0.0436184806749699,0.0519815193250301,0.0975,0.0926203146890014,0.102379685310999,975,478,77
"VW","Exp",181016,10000,10,10,0,0.125,1,0.0081,0.00579100861117587,0.0104089913888241,0.0487,0.0444812936141988,0.0529187063858012,0.1043,0.0992720686003312,0.109327931399669,1043,487,81
"VW","Exp",17892,10000,10,10,0.5,1,0,0.1098,0.101746385755992,0.117853614244008,0.3308,0.321578176879944,0.340021823120056,0.4714,0.463188466466055,0.479611533533945,4714,3308,1098
"VW","Exp",87561439,10000,10,10,0.5,0.5,0,0.0267,0.0225473545679006,0.0308526454320994,0.1331,0.126442217541674,0.139757782458326,0.2314,0.224462583488135,0.238337416511865,2314,1331,267
"VW","Exp",50784,10000,10,10,0.5,0.25,0,0.0122,0.00937212450238417,0.0150278754976158,0.0673,0.0623893996340977,0.0722106003659023,0.1382,0.132522944124998,0.143877055875002,1382,673,122
"VW","Exp",297893,10000,10,10,0.5,0.125,0,0.0083,0.00596291202152422,0.0106370879784758,0.052,0.0476482703025119,0.0563517296974881,0.1106,0.105440685190541,0.115759314809459,1106,520,83
"VW","Exp",308477,10000,10,10,1,1,0,0.4068,0.394145735671017,0.419454264328983,0.7127,0.703830946722812,0.721569053277188,0.8278,0.821589233713631,0.834010766286369,8278,7127,4068
"VW","Exp",4520116,10000,10,10,1,0.5,0,0.0981,0.0904376928714085,0.105762307128591,0.3159,0.30678848321571,0.32501151678429,0.4555,0.447307639876118,0.463692360123882,4555,3159,981
"VW","Exp",3893451,10000,10,10,1,0.25,0,0.0271,0.0229172240157063,0.0312827759842937,0.13,0.123408452685446,0.136591547314554,0.2287,0.221791072262878,0.235608927737122,2287,1300,271
"VW","Exp",6220483,10000,10,10,1,0.125,0,0.0114,0.00866530694682127,0.0141346930531787,0.0725,0.067417445622524,0.077582554377476,0.1391,0.133407463536175,0.144792536463825,1391,725,114
"VW","Exp",127637841,10000,10,10,1.5,1,0,0.7028,0.691027027281115,0.714572972718885,0.9107,0.905110544935184,0.916289455064816,0.9573,0.953974140724899,0.960625859275101,9573,9107,7028
"VW","Exp",3752290,10000,10,10,1.5,0.5,0,0.2451,0.23401942680265,0.25618057319735,0.5389,0.529129703932511,0.54867029606749,0.6882,0.680579889101338,0.695820110898662,6882,5389,2451
"VW","Exp",274292539,10000,10,10,1.5,0.25,0,0.0613,0.0551206968056053,0.0674793031943947,0.2239,0.215729625567552,0.232070374432448,0.3486,0.340761129844225,0.356438870155775,3486,2239,613
"VW","Exp",3582672,10000,10,10,1.5,0.125,0,0.0162,0.012947953288365,0.019452046711635,0.0994,0.0935357127541022,0.105264287245898,0.1846,0.178217848575041,0.190982151424959,1846,994,162
"VW","Exp",531905,10000,10,10,2,1,0,0.8688,0.860102935672478,0.877497064327522,0.977,0.974061895277564,0.979938104722436,0.9908,0.989229446210918,0.992370553789082,9908,9770,8688
"VW","Exp",84636,10000,10,10,2,0.5,0,0.4121,0.39942059435953,0.42477940564047,0.7236,0.714834546911517,0.732365453088483,0.8327,0.82656014443144,0.83883985556856,8327,7236,4121
"VW","Exp",36217072,10000,10,10,2,0.25,0,0.1077,0.0997143705006996,0.1156856294993,0.332,0.322769752540695,0.341230247459305,0.4744,0.466185787746497,0.482614212253503,4744,3320,1077
"VW","Exp",112694897,10000,10,10,2,0.125,0,0.0252,0.0211625803783981,0.0292374196216019,0.1325,0.125854942362929,0.139145057637071,0.2215,0.214669034750171,0.228330965249829,2215,1325,252
"VW","Exp",17757,10000,10,10,2.5,1,0,0.9474,0.941649502473749,0.953150497526251,0.9932,0.991589247243802,0.994810752756198,0.9981,0.997383642634591,0.998816357365409,9981,9932,9474
"VW","Exp",1341656,10000,10,10,2.5,0.5,0,0.5712,0.558451257584708,0.583948742415292,0.8398,0.832610887788217,0.846989112211783,0.9125,0.907851783314068,0.917148216685932,9125,8398,5712
"VW","Exp",167530,10000,10,10,2.5,0.25,0,0.1734,0.163647451792616,0.183152548207384,0.44,0.430270815861543,0.449729184138457,0.5833,0.575189947964484,0.591410052035516,5833,4400,1734
"VW","Exp",148996,10000,10,10,2.5,0.125,0,0.0457,0.0403204441504734,0.0510795558495266,0.1784,0.170896157470309,0.185903842529691,0.2873,0.279856330285217,0.294743669714783,2873,1784,457
"VW","Exp",10056666,10000,10,10,5,1,0,0.9999,0.999642412880322,1.00015758711968,1,1,1,1,1,1,10000,10000,9999
"VW","Exp",43376,10000,10,10,5,0.5,0,0.9469,0.941123760693733,0.952676239306267,0.9937,0.992149206432306,0.995250793567694,0.998,0.997265069669969,0.998734930330031,9980,9937,9469
"VW","Exp",44078,10000,10,10,5,0.25,0,0.5702,0.557447578149853,0.582952421850147,0.8386,0.831389169855946,0.845810830144054,0.9155,0.910924659384333,0.920075340615667,9155,8386,5702
"VW","Exp",40917879,10000,10,10,5,0.12,0,0.1592,0.14977538231354,0.16862461768646,0.4141,0.404445707879373,0.423754292120627,0.564,0.555842657469494,0.572157342530506,5640,4141,1592
"VW","Exp",34931797,10000,10,10,0,1.5,1,0.0073,0.00510711276402639,0.00949288723597361,0.047,0.0428518786710126,0.0511481213289874,0.0976,0.092718083416362,0.102481916583638,976,470,73
"VW","Exp",28837920,10000,10,10,0.5,1.5,0,0.2499,0.238747080450204,0.261052919549796,0.543,0.533236307657448,0.552763692342552,0.6795,0.671823298572995,0.687176701427005,6795,5430,2499
"VW","Exp",1008826,10000,10,10,1,1.5,0,0.7007,0.688903171226174,0.712496828773826,0.9117,0.906138878284231,0.917261121715769,0.9568,0.953455598889128,0.960144401110872,9568,9117,7007
"VW","Exp",637372,10000,10,10,1.5,1.5,0,0.9163,0.90916609320474,0.92343390679526,0.987,0.984779829520059,0.989220170479941,0.9962,0.995187882417947,0.997212117582053,9962,9870,9163
"VW","Exp",1389277,10000,10,10,2,1.5,0,0.9791,0.975415042129339,0.982784957870661,0.999,0.998380503559332,0.999619496440668,0.9998,0.999567385133966,1.00003261486603,9998,9990,9791
"VW","Exp",81594970,10000,10,10,2.5,1.5,0,0.995,0.993183052405819,0.996816947594181,0.9999,0.999704009800245,1.00009599019976,0.9999,0.999735508225206,1.00006449177479,9999,9999,9950
"VW","Exp",1700439,10000,10,10,5,1.5,0,1,1,1,1,1,1,1,1,1,10000,10000,10000
"VW","Exp",26406145,10000,20,20,0,1,1,0.0082,0.00587691641085044,0.0105230835891496,0.0464,0.0422771438435958,0.0505228561564042,0.0978,0.0929136255890589,0.102686374410941,978,464,82
"VW","Exp",137546064,10000,20,20,0,0.5,1,0.0073,0.00510711276402639,0.00949288723597361,0.0436,0.0395976128115336,0.0476023871884664,0.095,0.0901766142661508,0.0998233857338492,950,436,73
"VW","Exp",7364656,10000,20,20,0,0.25,1,0.0075,0.00527750011023622,0.00972249988976378,0.0464,0.0422771438435958,0.0505228561564042,0.0977,0.0928158537170991,0.102584146282901,977,464,75
"VW","Exp",98836008,10000,20,20,0,0.125,1,0.0062,0.0041779532159082,0.0082220467840918,0.0478,0.0436184806749699,0.0519815193250301,0.1027,0.0977063286343838,0.107693671365616,1027,478,62
"VW","Exp",8065665,10000,20,20,0.5,1,0,0.3324,0.320265146705682,0.344534853294318,0.6118,0.602248126259126,0.621351873740874,0.7385,0.731271020407805,0.745728979592195,7385,6118,3324
"VW","Exp",40722755,10000,20,20,0.5,0.5,0,0.0838,0.0766622224047918,0.0909377775952082,0.2469,0.238448322046931,0.255351677953069,0.3711,0.36315301896089,0.37904698103911,3711,2469,838
"VW","Exp",12437176,10000,20,20,0.5,0.25,0,0.0264,0.0222701136098067,0.0305298863901933,0.1086,0.102501720871721,0.114698279128279,0.1857,0.179303180865088,0.192096819134912,1857,1086,264
"VW","Exp",351483,10000,20,20,0.5,0.125,0,0.0128,0.00990430099526626,0.0156956990047337,0.0587,0.0540927778727741,0.0633072221272259,0.1198,0.114458232352872,0.125141767647128,1198,587,128
"VW","Exp",337626475,10000,20,20,1,1,0,0.8443,0.834960178856757,0.853639821143243,0.9584,0.954486402668848,0.962313597331152,0.9817,0.979495140893668,0.983904859106332,9817,9584,8443
"VW","Exp",67390,10000,20,20,1,0.5,0,0.3372,0.325021861987068,0.349378138012932,0.6139,0.60435766214985,0.62344233785015,0.7416,0.73439893025047,0.74880106974953,7416,6139,3372
"VW","Exp",65297612,10000,20,20,1,0.25,0,0.0744,0.0676400419723149,0.0811599580276851,0.2447,0.236273779913532,0.253126220086468,0.3728,0.364845610026759,0.380754389973241,3728,2447,744
"VW","Exp",197799745,10000,20,20,1,0.125,0,0.026,0.0219006782094595,0.0300993217905405,0.1098,0.103672250031733,0.115927749968267,0.1893,0.18285576609132,0.19574423390868,1893,1098,260
"VW","Exp",33544162,10000,20,20,1.5,1,0,0.9828,0.979450787865361,0.986149212134639,0.9974,0.996401892251107,0.998398107748893,0.9997,0.999415120383714,0.999984879616286,9997,9974,9828
"VW","Exp",45682,10000,20,20,1.5,0.5,0,0.6347,0.622296194603928,0.647103805396072,0.8554,0.848506737122784,0.862293262877216,0.9206,0.916152544219096,0.925047455780904,9206,8554,6347
"VW","Exp",3490301,10000,20,20,1.5,0.25,0,0.187,0.17695587902773,0.19704412097227,0.4329,0.423188648179867,0.442611351820133,0.5666,0.558448291505758,0.574751708494242,5666,4329,1870
"VW","Exp",31956,10000,20,20,1.5,0.125,0,0.0503,0.0446698097518808,0.0559301902481191,0.1686,0.161261794551363,0.175938205448637,0.2684,0.261110562671399,0.275689437328601,2684,1686,503
"VW","Exp",71635836,10000,20,20,2,1,0,0.9984,0.997370424649992,0.999429575350008,0.9999,0.999704009800245,1.00009599019976,1,1,1,10000,9999,9984
"VW","Exp",30585962,10000,20,20,2,0.5,0,0.8484,0.839161620696608,0.857638379303392,0.9577,0.95375505458167,0.96164494541833,0.9829,0.980767354724063,0.985032645275937,9829,9577,8484
"VW","Exp",556794,10000,20,20,2,0.25,0,0.3334,0.321256012512006,0.345543987487994,0.6052,0.595619369231955,0.614780630768044,0.7392,0.731977281732312,0.746422718267688,7392,6052,3334
"VW","Exp",4980521,10000,20,20,2,0.125,0,0.0844,0.0772390610038024,0.0915609389961976,0.2442,0.235779607321651,0.252620392678349,0.3647,0.356781859354572,0.372618140645428,3647,2442,844
"VW","Exp",12692715,10000,20,20,2.5,1,0,1,1,1,1,1,1,1,1,1,10000,10000,10000
"VW","Exp",25451,10000,20,20,2.5,0.5,0,0.9459,0.940072703662543,0.951727296337457,0.9906,0.988708661949201,0.992491338050799,0.9965,0.995528509459966,0.997471490540034,9965,9906,9459
"VW","Exp",638316,10000,20,20,2.5,0.25,0,0.4839,0.471026678981308,0.496773321018692,0.7578,0.749403071769653,0.766196928230347,0.8539,0.848089754044709,0.859710245955291,8539,7578,4839
"VW","Exp",167711040,10000,20,20,2.5,0.125,0,0.1276,0.119005333599527,0.136194666400473,0.3458,0.336477683666727,0.355122316333273,0.4785,0.470282607530708,0.486717392469292,4785,3458,1276
"VW","Exp",1207905,10000,20,20,5,1,0,1,1,1,1,1,1,1,1,1,10000,10000,10000
"VW","Exp",381958,10000,20,20,5,0.5,0,1,1,1,1,1,1,1,1,1,10000,10000,10000
"VW","Exp",10975767,10000,20,20,5,0.25,0,0.9431,0.937132658886366,0.949067341113634,0.991,0.989148967034329,0.992851032965671,0.9968,0.995870937553014,0.997729062446986,9968,9910,9431
"VW","Exp",5785681,10000,20,20,5,0.12,0,0.465,0.452151594751099,0.477848405248902,0.7333,0.724632209184711,0.741967790815289,0.8327,0.82656014443144,0.83883985556856,8327,7333,4650
"VW","Exp",334960,10000,20,20,0,1.5,1,0.0094,0.00691424141894994,0.0118857585810501,0.045,0.0409368391614409,0.0490631608385591,0.0987,0.093793642789016,0.103606357210984,987,450,94
"VW","Exp",70964096,10000,20,20,0.5,1.5,0,0.6256,0.613132994566775,0.638067005433225,0.8519,0.844938097933582,0.858861902066418,0.9226,0.918204147538065,0.926995852461935,9226,8519,6256
"VW","Exp",202027,10000,20,20,1,1.5,0,0.9829,0.979560368248746,0.986239631751254,0.9983,0.997492558498961,0.999107441501039,0.9997,0.999415120383714,0.999984879616286,9997,9983,9829
"VW","Exp",186062817,10000,20,20,1.5,1.5,0,0.9996,0.999084903050306,1.00011509694969,0.9999,0.999704009800245,1.00009599019976,1,1,1,10000,9999,9996
"VW","Exp",162949241,10000,20,20,2,1.5,0,1,1,1,1,1,1,1,1,1,10000,10000,10000
"VW","Exp",282922,10000,20,20,2.5,1.5,0,1,1,1,1,1,1,1,1,1,10000,10000,10000
"VW","Exp",1148276,10000,20,20,5,1.5,0,1,1,1,1,1,1,1,1,1,10000,10000,10000
"VW","Exp",30667,10000,100,100,0,1,1,0.0091,0.00665385910075809,0.0115461408992419,0.0468,0.0426602795503078,0.0509397204496922,0.0973,0.0924247819630528,0.102175218036947,973,468,91
"VW","Exp",137140215,10000,100,100,0,0.5,1,0.0104,0.00778668132697445,0.0130133186730255,0.0489,0.0446730842489588,0.0531269157510412,0.0974,0.0925225475371768,0.102277452462823,974,489,104
"VW","Exp",95685160,10000,100,100,0,0.25,1,0.0106,0.00796193954184822,0.0132380604581518,0.054,0.0495700531109279,0.0584299468890721,0.1002,0.0952606163769252,0.105139383623075,1002,540,106
"VW","Exp",73801,10000,100,100,0,0.125,1,0.0098,0.00726241640782102,0.012337583592179,0.0494,0.0451526460822766,0.0536473539177234,0.1001,0.0951628074279025,0.105037192572098,1001,494,98
"VW","Exp",32729,10000,100,100,0.5,1,0,0.9963,0.99473598185987,0.99786401814013,0.9998,0.999522841861747,1.00007715813825,0.9998,0.999567385133966,1.00003261486603,9998,9998,9963
"VW","Exp",21479167,10000,100,100,0.5,0.5,0,0.6778,0.665761859466528,0.689838140533472,0.8683,0.861671979250364,0.874928020749636,0.9268,0.922515358841116,0.931084641158884,9268,8683,6778
"VW","Exp",1178200,10000,100,100,0.5,0.25,0,0.1906,0.180482134384206,0.200717865615794,0.4101,0.400459708767968,0.419740291232032,0.5311,0.522890926023237,0.539309073976763,5311,4101,1906
"VW","Exp",15050555,10000,100,100,0.5,0.125,0,0.0489,0.0433446250129173,0.0544553749870827,0.1563,0.149182465434604,0.163417534565396,0.2494,0.242282648625851,0.256517351374149,2494,1563,489
"VW","Exp",34337,10000,100,100,1,1,0,1,1,1,1,1,1,1,1,1,10000,10000,10000
"VW","Exp",2060479,10000,100,100,1,0.5,0,0.9964,0.994857184588389,0.997942815411611,0.9997,0.99936056896783,1.00003943103217,0.9998,0.999567385133966,1.00003261486603,9998,9997,9964
"VW","Exp",3117700,10000,100,100,1,0.25,0,0.6757,0.663641416570137,0.687758583429863,0.8626,0.85585232487753,0.86934767512247,0.9236,0.919230270599728,0.927969729400272,9236,8626,6757
"VW","Exp",51278453,10000,100,100,1,0.125,0,0.1896,0.179502479550762,0.199697520449238,0.4062,0.396573994011554,0.415826005988446,0.5364,0.528196824547067,0.544603175452933,5364,4062,1896
"VW","Exp",1293444,10000,100,100,1.5,1,0,1,1,1,1,1,1,1,1,1,10000,10000,10000
"VW","Exp",110572250,10000,100,100,1.5,0.5,0,1,1,1,1,1,1,1,1,1,10000,10000,10000
"VW","Exp",17175979,10000,100,100,1.5,0.25,0,0.9469,0.941123760693733,0.952676239306267,0.9889,0.986846504529735,0.990953495470265,0.9955,0.99439898612662,0.99660101387338,9955,9889,9469
"VW","Exp",95036281,10000,100,100,1.5,0.125,0,0.421,0.408281784236836,0.433718215763164,0.6797,0.670554800674365,0.688845199325635,0.7846,0.777837412402704,0.791362587597296,7846,6797,4210
"VW","Exp",89468021,10000,100,100,2,1,0,1,1,1,1,1,1,1,1,1,10000,10000,10000
"VW","Exp",4782606,10000,100,100,2,0.5,0,1,1,1,1,1,1,1,1,1,10000,10000,10000
"VW","Exp",14583108,10000,100,100,2,0.25,0,0.9961,0.994494428567549,0.997705571432451,0.9998,0.999522841861747,1.00007715813825,0.9999,0.999735508225206,1.00006449177479,9999,9998,9961
"VW","Exp",1629565,10000,100,100,2,0.125,0,0.6802,0.668185563615812,0.692214436384188,0.8704,0.863817088548795,0.876982911451205,0.9299,0.925700060493415,0.934099939506585,9299,8704,6802
"VW","Exp",18580131,10000,100,100,2.5,1,0,1,1,1,1,1,1,1,1,1,10000,10000,10000
"VW","Exp",64474855,10000,100,100,2.5,0.5,0,1,1,1,1,1,1,1,1,1,10000,10000,10000
"VW","Exp",34624,10000,100,100,2.5,0.25,0,0.9997,0.999253890643434,1.00014610935657,1,1,1,1,1,1,10000,10000,9997
"VW","Exp",113126185,10000,100,100,2.5,0.125,0,0.8554,0.846340283075659,0.864459716924341,0.9564,0.952397612811534,0.960402387188466,0.9795,0.977168985081692,0.981831014918308,9795,9564,8554
"VW","Exp",27439,10000,100,100,5,1,0,1,1,1,1,1,1,1,1,1,10000,10000,10000
"VW","Exp",35089299,10000,100,100,5,0.5,0,1,1,1,1,1,1,1,1,1,10000,10000,10000
"VW","Exp",15145129,10000,100,100,5,0.25,0,1,1,1,1,1,1,1,1,1,10000,10000,10000
"VW","Exp",186636,10000,100,100,5,0.12,0,0.9992,0.998471688672108,0.999928311327892,0.9999,0.999704009800245,1.00009599019976,0.9999,0.999735508225206,1.00006449177479,9999,9999,9992
"VW","Exp",165762,10000,100,100,0,1.5,1,0.01,0.00743691236201335,0.0125630876379867,0.0461,0.0419898472867301,0.0502101527132699,0.0947,0.0898834380336411,0.0995165619663589,947,461,100
"VW","Exp",32388590,10000,100,100,0.5,1.5,0,1,1,1,1,1,1,1,1,1,10000,10000,10000
"VW","Exp",91926689,10000,100,100,1,1.5,0,1,1,1,1,1,1,1,1,1,10000,10000,10000
"VW","Exp",21905714,10000,100,100,1.5,1.5,0,1,1,1,1,1,1,1,1,1,10000,10000,10000
"VW","Exp",46129,10000,100,100,2,1.5,0,1,1,1,1,1,1,1,1,1,10000,10000,10000
"VW","Exp",6317089,10000,100,100,2.5,1.5,0,1,1,1,1,1,1,1,1,1,10000,10000,10000
"VW","Exp",37384713,10000,100,100,5,1.5,0,1,1,1,1,1,1,1,1,1,10000,10000,10000
"VW","Exp",1670703,10000,10,100,0,1,1,0.0089,0.00648064499126234,0.0113193550087377,0.0503,0.0460161595938224,0.0545838404061776,0.1004,0.0954562388302427,0.105343761169757,1004,503,89
"VW","Exp",770205,10000,10,100,0,0.5,1,0.0099,0.00734963120325236,0.0124503687967476,0.0499,0.0456323282977249,0.0541676717022751,0.099,0.0940870098313247,0.103912990168675,990,499,99
"VW","Exp",28516,10000,10,100,0,0.25,1,0.0097,0.00717526898390819,0.0122247310160918,0.0464,0.0422771438435958,0.0505228561564042,0.0946,0.089785715896304,0.099414284103696,946,464,97
"VW","Exp",814289,10000,10,100,0,0.125,1,0.0104,0.00778668132697445,0.0130133186730255,0.0526,0.0482246214474174,0.0569753785525826,0.1026,0.0976084823022351,0.107591517697765,1026,526,104
"VW","Exp",72772,10000,10,100,0.5,1,0,0.5289,0.516041533009231,0.541758466990769,0.7114,0.702519014414695,0.720280985585305,0.7913,0.784615056982533,0.797984943017467,7913,7114,5289
"VW","Exp",19523695,10000,10,100,0.5,0.5,0,0.192,0.181853829562165,0.202146170437835,0.369,0.359542334842045,0.378457665157955,0.4746,0.466385619737856,0.482814380262144,4746,3690,1920
"VW","Exp",208191824,10000,10,100,0.5,0.25,0,0.0637,0.0574089507291505,0.0699910492708495,0.1714,0.16401358091587,0.17878641908413,0.2548,0.247631933310271,0.261968066689729,2548,1714,637
"VW","Exp",21155849,10000,10,100,0.5,0.125,0,0.0257,0.0216237691489593,0.0297762308510407,0.0951,0.08935028095309,0.10084971904691,0.1623,0.156234460714596,0.168365539285404,1623,951,257
"VW","Exp",147562,10000,10,100,1,1,0,0.9006,0.892892651048249,0.908307348951751,0.9629,0.959195465706138,0.966604534293862,0.9785,0.976114026876854,0.980885973123146,9785,9629,9006
"VW","Exp",8219535,10000,10,100,1,0.5,0,0.5262,0.513337694849202,0.539062305150798,0.7146,0.705748547121834,0.723451452878166,0.7915,0.78481741653854,0.79818258346146,7915,7146,5262
"VW","Exp",29831072,10000,10,100,1,0.25,0,0.1935,0.183323732157299,0.203676267842701,0.3686,0.359144466762451,0.378055533237549,0.4759,0.467684559880203,0.484115440119797,4759,3686,1935
"VW","Exp",20632,10000,10,100,1,0.125,0,0.0657,0.0593177807742623,0.0720822192257377,0.1765,0.169027598000643,0.183972401999357,0.2639,0.25664973290037,0.27115026709963,2639,1765,657
"VW","Exp",28599,10000,10,100,1.5,1,0,0.984,0.980767761497909,0.987232238502091,0.9969,0.995810410984637,0.997989589015363,0.9984,0.997742526610729,0.999057473389271,9984,9969,9840
"VW","Exp",108844,10000,10,100,1.5,0.5,0,0.7722,0.761395924331271,0.783004075668729,0.8928,0.886736399852761,0.898863600147239,0.9335,0.929401415568227,0.937598584431773,9335,8928,7722
"VW","Exp",6470820,10000,10,100,1.5,0.25,0,0.3651,0.352697636991306,0.377502363008694,0.5629,0.553177854890283,0.572622145109717,0.6604,0.652609716270661,0.668190283729339,6604,5629,3651
"VW","Exp",75353,10000,10,100,1.5,0.125,0,0.1259,0.117354464476574,0.134445535523427,0.2724,0.263674185661017,0.281125814338983,0.3711,0.36315301896089,0.37904698103911,3711,2724,1259
"VW","Exp",212985238,10000,10,100,2,1,0,0.9982,0.99710807981584,0.99929192018416,0.9998,0.999522841861747,1.00007715813825,0.9999,0.999735508225206,1.00006449177479,9999,9998,9982
"VW","Exp",23570,10000,10,100,2,0.5,0,0.9015,0.893823790138981,0.909176209861019,0.9605,0.956682286762995,0.964317713237005,0.9784,0.976008606745514,0.980791393254486,9784,9605,9015
"VW","Exp",31609,10000,10,100,2,0.25,0,0.5153,0.502426031570661,0.528173968429339,0.7065,0.697574835954449,0.715425164045551,0.785,0.778241972407758,0.791758027592242,7850,7065,5153
"VW","Exp",35480793,10000,10,100,2,0.125,0,0.1966,0.186362273360802,0.206837726639198,0.3711,0.361631256634252,0.380568743365748,0.4758,0.467584639426544,0.484015360573456,4758,3711,1966
"VW","Exp",8245698,10000,10,100,2.5,1,0,1,1,1,1,1,1,1,1,1,10000,10000,10000
"VW","Exp",41880,10000,10,100,2.5,0.5,0,0.9578,0.952621076445166,0.962978923554834,0.9858,0.983481032562195,0.988118967437805,0.9933,0.991958027793218,0.994641972206782,9933,9858,9578
"VW","Exp",3060592,10000,10,100,2.5,0.25,0,0.655,0.642754513151369,0.667245486848631,0.8131,0.805459307838788,0.820740692161212,0.8724,0.866911558141002,0.877888441858998,8724,8131,6550
"VW","Exp",499175,10000,10,100,2.5,0.125,0,0.2704,0.258958272111871,0.281841727888129,0.4656,0.455823221367833,0.475376778632167,0.5682,0.560051872127421,0.576348127872579,5682,4656,2704
"VW","Exp",129087,10000,10,100,5,1,0,1,1,1,1,1,1,1,1,1,10000,10000,10000
"VW","Exp",2922969,10000,10,100,5,0.5,0,0.9996,0.999084903050306,1.00011509694969,1,1,1,1,1,1,10000,10000,9996
"VW","Exp",68455192,10000,10,100,5,0.25,0,0.9613,0.956331436869249,0.966268563130751,0.9888,0.986737379586642,0.990862620413358,0.9945,0.993283394877384,0.995716605122616,9945,9888,9613
"VW","Exp",19596,10000,10,100,5,0.12,0,0.6321,0.619677653248553,0.644522346751447,0.7958,0.787898930033369,0.803701069966631,0.86,0.854292063332517,0.865707936667483,8600,7958,6321
"VW","Exp",6611201,10000,10,100,0,1.5,1,0.0099,0.00734963120325236,0.0124503687967476,0.0487,0.0444812936141988,0.0529187063858012,0.1001,0.0951628074279025,0.105037192572098,1001,487,99
"VW","Exp",30558,10000,10,100,0.5,1.5,0,0.775,0.764243079251012,0.785756920748988,0.8927,0.886633912091504,0.898766087908496,0.9324,0.928270091947803,0.936529908052197,9324,8927,7750
"VW","Exp",206845,10000,10,100,1,1.5,0,0.9835,0.980218480321802,0.986781519678198,0.9955,0.994188153682781,0.996811846317219,0.9979,0.997146958239554,0.998653041760446,9979,9955,9835
"VW","Exp",51662398,10000,10,100,1.5,1.5,0,0.9995,0.998924132909779,1.00007586709022,0.9999,0.999704009800245,1.00009599019976,0.9999,0.999735508225206,1.00006449177479,9999,9999,9995
"VW","Exp",316691,10000,10,100,2,1.5,0,1,1,1,1,1,1,1,1,1,10000,10000,10000
"VW","Exp",1498428,10000,10,100,2.5,1.5,0,1,1,1,1,1,1,1,1,1,10000,10000,10000
"VW","Exp",24852,10000,10,100,5,1.5,0,1,1,1,1,1,1,1,1,1,10000,10000,10000
