"method","distribution","seed","N","n1","n2","delta","scale","lambda3","lambda4","null","power0.01","l_CI","u_CI","power0.05","l_CI","u_CI","power0.10","l_CI","u_CI","ct_0.10","ct_0.05","ct_0.01"
"KS","GLDLS",7665848,10000,10,10,0,2,-0.002,-0.002,1,0.0017,0.000638791170063121,0.00276120882993688,0.0122,0.0100483555996401,0.0143516444003599,0.0549,0.0511529373358623,0.0586470626641377,549,122,17
"KS","GLDLS",916321,10000,10,10,0,2,-0.02,-0.02,1,0.0019,0.000778214849062442,0.00302178515093756,0.0134,0.0111463886248068,0.0156536113751932,0.0527,0.0490245122591995,0.0563754877408005,527,134,19
"KS","GLDLS",59113046,10000,10,10,0,2,-0.05,-0.05,1,0.0021,0.000920768647472431,0.00327923135252757,0.0141,0.0117890951663039,0.0164109048336961,0.0529,0.0492179332559044,0.0565820667440956,529,141,21
"KS","GLDLS",352371886,10000,10,10,0,2,-0.1,-0.1,1,0.0014,0.000436823989135942,0.00236317601086406,0.0131,0.0108714196666039,0.0153285803333961,0.0515,0.0478642987926158,0.0551357012073842,515,131,14
"KS","GLDLS",1068569,10000,10,10,0,2,-0.2,-0.2,1,0.002,0.000849130376801959,0.00315086962319804,0.0135,0.0112381098965688,0.0157618901034312,0.0528,0.0491212209190548,0.0564787790809452,528,135,20
"KS","GLDLS",44564,10000,10,10,0.5,2,-0.002,-0.002,0,0.0241,0.0201494547649541,0.0280505452350459,0.0888,0.0832246849981727,0.0943753150018273,0.2204,0.213581205336454,0.227218794663546,2204,888,241
"KS","GLDLS",846551,10000,10,10,0.5,2,-0.002,-0.02,0,0.023,0.0191384909362271,0.0268615090637729,0.0814,0.0760404109106761,0.0867595890893239,0.2066,0.19993995507109,0.21326004492891,2066,814,230
"KS","GLDLS",36454962,10000,10,10,0.5,2,-0.002,-0.05,0,0.0215,0.0177636676199246,0.0252363323800754,0.0792,0.0739070070264925,0.0844929929735075,0.1999,0.193321234071349,0.206478765928651,1999,792,215
"KS","GLDLS",291519011,10000,10,10,0.5,2,-0.002,-0.1,0,0.0207,0.0170323413525553,0.0243676586474447,0.077,0.0717748076245941,0.0822251923754059,0.1972,0.190654798224928,0.203745201775072,1972,770,207
"KS","GLDLS",1436007,10000,10,10,0.5,2,-0.002,-0.2,0,0.0195,0.0159380570165147,0.0230619429834853,0.0692,0.0642256389297117,0.0741743610702883,0.189,0.182559683191216,0.195440316808784,1890,692,195
"KS","GLDLS",29106,10000,10,10,1,2,-0.002,-0.002,0,0.1707,0.161007887378999,0.180392112621001,0.3791,0.369590804120726,0.388609195879274,0.624,0.616031948735105,0.631968051264895,6240,3791,1707
"KS","GLDLS",36155514,10000,10,10,1,2,-0.002,-0.02,0,0.1695,0.159835029598721,0.179164970401279,0.3749,0.36541169708755,0.38438830291245,0.6116,0.603582494781567,0.619617505218433,6116,3749,1695
"KS","GLDLS",314838834,10000,10,10,1,2,-0.002,-0.05,0,0.1698,0.160128227640515,0.179471772359485,0.373,0.36352139866014,0.38247860133986,0.6055,0.597460177145958,0.613539822854042,6055,3730,1698
"KS","GLDLS",24704,10000,10,10,1,2,-0.002,-0.1,0,0.1451,0.136027285944447,0.154172714055553,0.3353,0.326046933412884,0.344553066587116,0.5811,0.572983916244211,0.589216083755788,5811,3353,1451
"KS","GLDLS",1120785,10000,10,10,1,2,-0.002,-0.2,0,0.1293,0.120656703857314,0.137943296142686,0.3146,0.30549861511338,0.32370138488662,0.5467,0.538510954224467,0.554889045775533,5467,3146,1293
"KS","GLDLS",10386842,10000,10,10,1.5,2,-0.002,-0.002,0,0.4993,0.486420012622406,0.512179987377594,0.7573,0.748897182370562,0.765702817629438,0.912,0.907339798905627,0.916660201094374,9120,7573,4993
"KS","GLDLS",122190,10000,10,10,1.5,2,-0.002,-0.02,0,0.486,0.473125049949984,0.498874950050016,0.7424,0.733828674611333,0.750971325388667,0.9058,0.900994843776535,0.910605156223465,9058,7424,4860
"KS","GLDLS",211174953,10000,10,10,1.5,2,-0.002,-0.05,0,0.469,0.456144779195735,0.481855220804265,0.7284,0.719682219645437,0.737117780354563,0.8952,0.890161438308565,0.900238561691435,8952,7284,4690
"KS","GLDLS",129462,10000,10,10,1.5,2,-0.002,-0.1,0,0.444,0.431201038298112,0.456798961701888,0.6944,0.685371042632596,0.703428957367404,0.8791,0.873737118598927,0.884462881401073,8791,6944,4440
"KS","GLDLS",180668295,10000,10,10,1.5,2,-0.002,-0.2,0,0.3951,0.382506653127392,0.407693346872608,0.6627,0.653433350700841,0.671966649299159,0.8527,0.846870042252917,0.858529957747083,8527,6627,3951
"KS","GLDLS",87619632,10000,10,10,2,2,-0.002,-0.002,0,0.8032,0.792958342322974,0.813441657677026,0.9483,0.943960155005349,0.952639844994651,0.9889,0.987176530587456,0.990623469412544,9889,9483,8032
"KS","GLDLS",472130,10000,10,10,2,2,-0.002,-0.02,0,0.7934,0.782970653047494,0.803829346952506,0.9443,0.939804907182093,0.948795092817907,0.9888,0.987068872153075,0.990531127846925,9888,9443,7934
"KS","GLDLS",47350,10000,10,10,2,2,-0.002,-0.05,0,0.7758,0.765056679043874,0.786543320956126,0.9327,0.927789399634098,0.937610600365902,0.9852,0.983213635424098,0.987186364575902,9852,9327,7758
"KS","GLDLS",265703,10000,10,10,2,2,-0.002,-0.1,0,0.7511,0.739962000655813,0.762237999344187,0.924,0.918806036981264,0.929193963018736,0.981,0.978754168306061,0.983245831693939,9810,9240,7511
"KS","GLDLS",92277,10000,10,10,2,2,-0.002,-0.2,0,0.6841,0.672124863654933,0.696075136345067,0.8817,0.875369924877413,0.888030075122587,0.9684,0.965522357533049,0.971277642466951,9684,8817,6841
"KS","GLDLS",35638809,10000,10,10,2.5,2,-0.002,-0.002,0,0.95,0.94438573816072,0.95561426183928,0.994,0.992486352009217,0.995513647990783,0.9995,0.999132258787495,0.999867741212506,9995,9940,9500
"KS","GLDLS",36998,10000,10,10,2.5,2,-0.002,-0.02,0,0.9475,0.941754668134912,0.953245331865088,0.9921,0.990364808778722,0.993835191221278,0.9991,0.998606722124989,0.999593277875011,9991,9921,9475
"KS","GLDLS",91333572,10000,10,10,2.5,2,-0.002,-0.05,0,0.9358,0.929485995411727,0.942114004588273,0.9911,0.989259186406395,0.992940813593605,0.999,0.998480065487297,0.999519934512703,9990,9911,9358
"KS","GLDLS",23929,10000,10,10,2.5,2,-0.002,-0.1,0,0.9138,0.906570220226185,0.921029779773814,0.9822,0.979608411540078,0.984791588459922,0.9978,0.997029275805557,0.998570724194443,9978,9822,9138
"KS","GLDLS",484134,10000,10,10,2.5,2,-0.002,-0.2,0,0.8727,0.864113967095655,0.881286032904345,0.9721,0.968872147770669,0.975327852229331,0.9961,0.995074703025473,0.997125296974527,9961,9721,8727
"KS","GLDLS",44446870,10000,20,20,0,2,-0.002,-0.002,1,0.004,0.00237405622532635,0.00562594377467365,0.035,0.0313979167139001,0.0386020832860999,0.0824,0.0778766914797242,0.0869233085202758,824,350,40
"KS","GLDLS",143850041,10000,20,20,0,2,-0.02,-0.02,1,0.0041,0.00245394003130384,0.00574605996869616,0.0332,0.0296884938442885,0.0367115061557115,0.0798,0.0753423243774474,0.0842576756225526,798,332,41
"KS","GLDLS",17949808,10000,20,20,0,2,-0.05,-0.05,1,0.004,0.00237405622532635,0.00562594377467365,0.0327,0.0292141351785246,0.0361858648214754,0.0836,0.0790468539501132,0.0881531460498868,836,327,40
"KS","GLDLS",316258219,10000,20,20,0,2,-0.1,-0.1,1,0.0046,0.00285689482302874,0.00634310517697126,0.0359,0.0322535997544976,0.0395464002455024,0.0838,0.0792419083291469,0.0883580916708531,838,359,46
"KS","GLDLS",7254866,10000,20,20,0,2,-0.2,-0.2,1,0.0035,0.00197868715433018,0.00502131284566982,0.0339,0.0303529528497072,0.0374470471502928,0.0827,0.0781692056129443,0.0872307943870557,827,339,35
"KS","GLDLS",7921174,10000,20,20,0.5,2,-0.002,-0.002,0,0.099,0.0913064664592659,0.106693533540734,0.3016,0.292604530087294,0.310595469912706,0.4535,0.445310646256,0.461689353744,4535,3016,990
"KS","GLDLS",409022,10000,20,20,0.5,2,-0.002,-0.02,0,0.0979,0.0902446589066989,0.105555341093301,0.3074,0.298356235463127,0.316443764536873,0.4575,0.449304766676026,0.465695233323974,4575,3074,979
"KS","GLDLS",972827,10000,20,20,0.5,2,-0.002,-0.05,0,0.0971,0.0894726214673465,0.104727378532654,0.3026,0.293596082548224,0.311603917451776,0.4565,0.448306186637507,0.464693813362493,4565,3026,971
"KS","GLDLS",524253,10000,20,20,0.5,2,-0.002,-0.1,0,0.0906,0.0832058640307833,0.0979941359692167,0.2912,0.282295416492076,0.300104583507924,0.4444,0.436226011056063,0.452573988943937,4444,2912,906
"KS","GLDLS",2379054,10000,20,20,0.5,2,-0.002,-0.2,0,0.0811,0.0740678129907188,0.0881321870092813,0.2726,0.263872182721986,0.281327817278014,0.418,0.409886363713476,0.426113636286524,4180,2726,811
"KS","GLDLS",21743178,10000,20,20,1,2,-0.002,-0.002,0,0.6123,0.599749070534462,0.624850929465537,0.8654,0.858710601834664,0.872089398165336,0.9362,0.932179680577379,0.940220319422621,9362,8654,6123
"KS","GLDLS",55032,10000,20,20,1,2,-0.002,-0.02,0,0.5895,0.576828023929568,0.602171976070432,0.8499,0.842899479493752,0.856900520506248,0.9289,0.924672484738528,0.933127515261472,9289,8499,5895
"KS","GLDLS",3376357,10000,20,20,1,2,-0.002,-0.05,0,0.5782,0.565478503872682,0.590921496127318,0.8453,0.838212278200606,0.852387721799394,0.9247,0.920359259542339,0.929040740457661,9247,8453,5782
"KS","GLDLS",14344026,10000,20,20,1,2,-0.002,-0.1,0,0.552,0.539189844412748,0.564810155587252,0.8259,0.818467769161927,0.833332230838073,0.9102,0.905497026991796,0.914902973008204,9102,8259,5520
"KS","GLDLS",1044272,10000,20,20,1,2,-0.002,-0.2,0,0.5094,0.496522276354756,0.522277723645243,0.7958,0.787898930033369,0.803701069966631,0.8917,0.886588015669647,0.896811984330353,8917,7958,5094
"KS","GLDLS",143860760,10000,20,20,1.5,2,-0.002,-0.002,0,0.9588,0.953680135357389,0.963919864642611,0.9952,0.993845335113912,0.996554664886088,0.999,0.998480065487297,0.999519934512703,9990,9952,9588
"KS","GLDLS",28836044,10000,20,20,1.5,2,-0.002,-0.02,0,0.954,0.94860366426189,0.95939633573811,0.9948,0.993390303467551,0.99620969653245,0.9982,0.997502714012833,0.998897285987167,9982,9948,9540
"KS","GLDLS",33798041,10000,20,20,1.5,2,-0.002,-0.05,0,0.9502,0.944596388174677,0.955803611825323,0.9947,0.993276884774307,0.996123115225693,0.9988,0.998230497293773,0.999369502706227,9988,9947,9502
"KS","GLDLS",933868,10000,20,20,1.5,2,-0.002,-0.1,0,0.9376,0.93136915492696,0.94383084507304,0.9921,0.990364808778722,0.993835191221278,0.9975,0.996678528768383,0.998321471231617,9975,9921,9376
"KS","GLDLS",40946,10000,20,20,1.5,2,-0.002,-0.2,0,0.9058,0.898275329828788,0.913324670171213,0.985,0.982617571826896,0.987382428173104,0.9954,0.994286875770141,0.996513124229859,9954,9850,9058
"KS","GLDLS",43701,10000,20,20,2,2,-0.002,-0.002,0,0.9994,0.998769200767229,1.00003079923277,0.9999,0.999704009800245,1.00009599019976,1,1,1,10000,9999,9994
"KS","GLDLS",9579851,10000,20,20,2,2,-0.002,-0.02,0,0.9986,0.997636823989136,0.999563176010864,1,1,1,1,1,1,10000,10000,9986
"KS","GLDLS",53471,10000,20,20,2,2,-0.002,-0.05,0,0.998,0.996849130376802,0.999150869623198,1,1,1,1,1,1,10000,10000,9980
"KS","GLDLS",391455,10000,20,20,2,2,-0.002,-0.1,0,0.997,0.995591184681514,0.998408815318486,0.9999,0.999704009800245,1.00009599019976,1,1,1,10000,9999,9970
"KS","GLDLS",236826,10000,20,20,2,2,-0.002,-0.2,0,0.993,0.990852320345675,0.995147679654325,0.9996,0.999208078407842,0.999991921592158,0.9999,0.999735508225206,1.00006449177479,9999,9996,9930
"KS","GLDLS",139405826,10000,20,20,2.5,2,-0.002,-0.002,0,1,1,1,1,1,1,1,1,1,10000,10000,10000
"KS","GLDLS",3918903,10000,20,20,2.5,2,-0.002,-0.02,0,1,1,1,1,1,1,1,1,1,10000,10000,10000
"KS","GLDLS",679878,10000,20,20,2.5,2,-0.002,-0.05,0,1,1,1,1,1,1,1,1,1,10000,10000,10000
"KS","GLDLS",544365,10000,20,20,2.5,2,-0.002,-0.1,0,1,1,1,1,1,1,1,1,1,10000,10000,10000
"KS","GLDLS",121036763,10000,20,20,2.5,2,-0.002,-0.2,0,0.9998,0.999435735018296,1.0001642649817,1,1,1,1,1,1,10000,10000,9998
"KS","GLDLS",937636,10000,100,100,0,2,-0.002,-0.002,1,0.0074,0.00519225528409102,0.00960774471590898,0.0368,0.0331098993019702,0.0404901006980298,0.08,0.0755372268711036,0.0844627731288964,800,368,74
"KS","GLDLS",4123454,10000,100,100,0,2,-0.02,-0.02,1,0.0057,0.0037607133569851,0.0076392866430149,0.0359,0.0322535997544976,0.0395464002455024,0.0762,0.0718355214148882,0.0805644785851119,762,359,57
"KS","GLDLS",83622997,10000,100,100,0,2,-0.05,-0.05,1,0.0063,0.00426181416817406,0.00833818583182594,0.0371,0.033395465706138,0.040804534293862,0.079,0.0745627973567235,0.0834372026432765,790,371,63
"KS","GLDLS",2700144,10000,100,100,0,2,-0.1,-0.1,1,0.0061,0.0040942254270472,0.0081057745729528,0.0369,0.0332050807989348,0.0405949192010652,0.0765,0.0721276484851541,0.0808723515148459,765,369,61
"KS","GLDLS",45895,10000,100,100,0,2,-0.2,-0.2,1,0.0071,0.00493714308998861,0.00926285691001139,0.036,0.0323487141114396,0.0396512858885604,0.0781,0.0736859898578532,0.0825140101421468,781,360,71
"KS","GLDLS",5562091,10000,100,100,0.5,2,-0.002,-0.002,0,0.8244,0.814598848415821,0.83420115158418,0.9475,0.943128551841781,0.951871448158219,0.9766,0.974113249631527,0.979086750368473,9766,9475,8244
"KS","GLDLS",103708637,10000,100,100,0.5,2,-0.002,-0.02,0,0.8205,0.810614073486334,0.830385926513666,0.9447,0.940220128110582,0.949179871889418,0.9729,0.970228933814378,0.975571066185622,9729,9447,8205
"KS","GLDLS",862199,10000,100,100,0.5,2,-0.002,-0.05,0,0.8059,0.795711759123394,0.816088240876606,0.9404,0.935759812696194,0.945040187303806,0.9698,0.966984792157602,0.972615207842398,9698,9404,8059
"KS","GLDLS",41138,10000,100,100,0.5,2,-0.002,-0.1,0,0.7892,0.778693097547006,0.799706902452994,0.9284,0.923346641046749,0.933453358953251,0.9663,0.963331501440665,0.969268498559335,9663,9284,7892
"KS","GLDLS",31633,10000,100,100,0.5,2,-0.002,-0.2,0,0.7428,0.731540547104889,0.754059452895111,0.9095,0.903876823534691,0.915123176465308,0.9554,0.95200432630674,0.95879567369326,9554,9095,7428
"KS","GLDLS",880301,10000,100,100,1,2,-0.002,-0.002,0,1,1,1,1,1,1,1,1,1,10000,10000,10000
"KS","GLDLS",29958429,10000,100,100,1,2,-0.002,-0.02,0,1,1,1,1,1,1,1,1,1,10000,10000,10000
"KS","GLDLS",1170261,10000,100,100,1,2,-0.002,-0.05,0,1,1,1,1,1,1,1,1,1,10000,10000,10000
"KS","GLDLS",2186659,10000,100,100,1,2,-0.002,-0.1,0,1,1,1,1,1,1,1,1,1,10000,10000,10000
"KS","GLDLS",37546665,10000,100,100,1,2,-0.002,-0.2,0,1,1,1,1,1,1,1,1,1,10000,10000,10000
"KS","GLDLS",183370,10000,100,100,1.5,2,-0.002,-0.002,0,1,1,1,1,1,1,1,1,1,10000,10000,10000
"KS","GLDLS",99884,10000,100,100,1.5,2,-0.002,-0.02,0,1,1,1,1,1,1,1,1,1,10000,10000,10000
"KS","GLDLS",27136,10000,100,100,1.5,2,-0.002,-0.05,0,1,1,1,1,1,1,1,1,1,10000,10000,10000
"KS","GLDLS",59944531,10000,100,100,1.5,2,-0.002,-0.1,0,1,1,1,1,1,1,1,1,1,10000,10000,10000
"KS","GLDLS",1294874,10000,100,100,1.5,2,-0.002,-0.2,0,1,1,1,1,1,1,1,1,1,10000,10000,10000
"KS","GLDLS",211959154,10000,100,100,2,2,-0.002,-0.002,0,1,1,1,1,1,1,1,1,1,10000,10000,10000
"KS","GLDLS",34891,10000,100,100,2,2,-0.002,-0.02,0,1,1,1,1,1,1,1,1,1,10000,10000,10000
"KS","GLDLS",66402,10000,100,100,2,2,-0.002,-0.05,0,1,1,1,1,1,1,1,1,1,10000,10000,10000
"KS","GLDLS",9326576,10000,100,100,2,2,-0.002,-0.1,0,1,1,1,1,1,1,1,1,1,10000,10000,10000
"KS","GLDLS",310085,10000,100,100,2,2,-0.002,-0.2,0,1,1,1,1,1,1,1,1,1,10000,10000,10000
"KS","GLDLS",920237,10000,100,100,2.5,2,-0.002,-0.002,0,1,1,1,1,1,1,1,1,1,10000,10000,10000
"KS","GLDLS",38259,10000,100,100,2.5,2,-0.002,-0.02,0,1,1,1,1,1,1,1,1,1,10000,10000,10000
"KS","GLDLS",4717410,10000,100,100,2.5,2,-0.002,-0.05,0,1,1,1,1,1,1,1,1,1,10000,10000,10000
"KS","GLDLS",31397,10000,100,100,2.5,2,-0.002,-0.1,0,1,1,1,1,1,1,1,1,1,10000,10000,10000
"KS","GLDLS",42490764,10000,100,100,2.5,2,-0.002,-0.2,0,1,1,1,1,1,1,1,1,1,10000,10000,10000
"KS","GLDLS",8017040,10000,10,100,0,2,-0.002,-0.002,1,0.0094,0.00691424141894994,0.0118857585810501,0.0448,0.0407454539694807,0.0488545460305193,0.1029,0.0979020257070514,0.107897974292949,1029,448,94
"KS","GLDLS",299011774,10000,10,100,0,2,-0.02,-0.02,1,0.0084,0.00604899387398841,0.0107510061260116,0.0438,0.0397888629929158,0.0478111370070841,0.1018,0.09682576479769,0.10677423520231,1018,438,84
"KS","GLDLS",41065686,10000,10,100,0,2,-0.05,-0.05,1,0.0079,0.00561946296632043,0.0101805370336796,0.0415,0.0375909054194098,0.0454090945805902,0.1003,0.0953584268450447,0.105241573154955,1003,415,79
"KS","GLDLS",4014958,10000,10,100,0,2,-0.1,-0.1,1,0.0088,0.00639415390545114,0.0112058460945489,0.0424,0.0384506004863524,0.0463493995136476,0.0963,0.0914472134755612,0.101152786524439,963,424,88
"KS","GLDLS",150195,10000,10,100,0,2,-0.2,-0.2,1,0.008,0.00570519024021598,0.010294809759784,0.0425,0.0385461523802756,0.0464538476197244,0.1003,0.0953584268450447,0.105241573154955,1003,425,80
"KS","GLDLS",603461,10000,10,100,0.5,2,-0.002,-0.002,0,0.1441,0.135053317217027,0.153146682782973,0.325,0.315819852942354,0.334180147057646,0.4668,0.458593151877828,0.475006848122172,4668,3250,1441
"KS","GLDLS",459278,10000,10,100,0.5,2,-0.002,-0.02,0,0.1427,0.133690011075828,0.151709988924172,0.3203,0.311154800674365,0.329445199325635,0.4601,0.451901230390237,0.468298769609763,4601,3203,1427
"KS","GLDLS",172779338,10000,10,100,0.5,2,-0.002,-0.05,0,0.1419,0.132911111209851,0.150888888790149,0.32,0.310857067428883,0.329142932571117,0.4629,0.454697673195186,0.471102326804814,4629,3200,1419
"KS","GLDLS",61795,10000,10,100,0.5,2,-0.002,-0.1,0,0.1328,0.124058126236394,0.141541873763606,0.3038,0.294786012207153,0.312813987792847,0.4474,0.439220639827768,0.455579360172232,4474,3038,1328
"KS","GLDLS",11504360,10000,10,100,0.5,2,-0.002,-0.2,0,0.1212,0.112792977829252,0.129607022170748,0.2833,0.27446822368843,0.29213177631157,0.4183,0.410185544807026,0.426414455192974,4183,2833,1212
"KS","GLDLS",37194960,10000,10,100,1,2,-0.002,-0.002,0,0.6637,0.651529870453267,0.675870129546733,0.8541,0.847181083678032,0.861018916321968,0.9253,0.920975185501576,0.929624814498424,9253,8541,6637
"KS","GLDLS",156727867,10000,10,100,1,2,-0.002,-0.02,0,0.6607,0.648503367394868,0.672896632605132,0.8529,0.845957570712323,0.859842429287677,0.9241,0.919743414162217,0.928456585837783,9241,8529,6607
"KS","GLDLS",141885053,10000,10,100,1,2,-0.002,-0.05,0,0.6383,0.625922511392114,0.650677488607886,0.8342,0.82691074023665,0.841489259763351,0.9137,0.909080732502141,0.918319267497859,9137,8342,6383
"KS","GLDLS",398291,10000,10,100,1,2,-0.002,-0.1,0,0.6228,0.6103144981693,0.6352855018307,0.8173,0.809726160554012,0.824873839445988,0.8995,0.894554052330506,0.904445947669494,8995,8173,6228
"KS","GLDLS",431983,10000,10,100,1,2,-0.002,-0.2,0,0.5763,0.563570850110009,0.589029149889991,0.7816,0.77350205796573,0.78969794203427,0.8705,0.864976871160803,0.876023128839198,8705,7816,5763
"KS","GLDLS",120095,10000,10,100,1.5,2,-0.002,-0.002,0,0.9665,0.961864792384542,0.971135207615458,0.9927,0.991031498842194,0.994368501157806,0.9977,0.996911993488114,0.998488006511886,9977,9927,9665
"KS","GLDLS",708478,10000,10,100,1.5,2,-0.002,-0.02,0,0.9619,0.956968565048582,0.966831434951418,0.9928,0.991142882881146,0.994457117118854,0.9976,0.996795085514107,0.998404914485893,9976,9928,9619
"KS","GLDLS",1050436,10000,10,100,1.5,2,-0.002,-0.05,0,0.9545,0.949131666061654,0.959868333938346,0.9886,0.986519255285625,0.990680744714375,0.9969,0.995985523504963,0.997814476495037,9969,9886,9545
"KS","GLDLS",846819,10000,10,100,1.5,2,-0.002,-0.1,0,0.9396,0.933463286727996,0.945736713272003,0.9851,0.982725406005566,0.987474593994434,0.9951,0.993951324639432,0.996248675360567,9951,9851,9396
"KS","GLDLS",65035379,10000,10,100,1.5,2,-0.002,-0.2,0,0.9158,0.908646769427459,0.922953230572541,0.977,0.974061895277564,0.979938104722436,0.9917,0.990207566100702,0.993192433899298,9917,9770,9158
"KS","GLDLS",239999228,10000,10,100,2,2,-0.002,-0.002,0,0.9988,0.997908182996206,0.999691817003794,0.9998,0.999522841861747,1.00007715813825,1,1,1,10000,9998,9988
"KS","GLDLS",1583875,10000,10,100,2,2,-0.002,-0.02,0,0.999,0.99818580467798,0.99981419532202,1,1,1,1,1,1,10000,10000,9990
"KS","GLDLS",60977,10000,10,100,2,2,-0.002,-0.05,0,0.9977,0.996466015334578,0.998933984665422,0.9995,0.99906184025744,0.99993815974256,0.9999,0.999735508225206,1.00006449177479,9999,9995,9977
"KS","GLDLS",1362997,10000,10,100,2,2,-0.002,-0.1,0,0.9961,0.994494428567549,0.997705571432451,0.9997,0.99936056896783,1.00003943103217,1,1,1,10000,9997,9961
"KS","GLDLS",252799771,10000,10,100,2,2,-0.002,-0.2,0,0.9901,0.987549631203252,0.992650368796748,0.999,0.998380503559332,0.999619496440668,0.9997,0.999415120383714,0.999984879616286,9997,9990,9901
"KS","GLDLS",79278313,10000,10,100,2.5,2,-0.002,-0.002,0,0.9999,0.999642412880322,1.00015758711968,1,1,1,1,1,1,10000,10000,9999
"KS","GLDLS",272663212,10000,10,100,2.5,2,-0.002,-0.02,0,1,1,1,1,1,1,1,1,1,10000,10000,10000
"KS","GLDLS",52604161,10000,10,100,2.5,2,-0.002,-0.05,0,1,1,1,1,1,1,1,1,1,10000,10000,10000
"KS","GLDLS",79602993,10000,10,100,2.5,2,-0.002,-0.1,0,0.9999,0.999642412880322,1.00015758711968,1,1,1,1,1,1,10000,10000,9999
"KS","GLDLS",348814291,10000,10,100,2.5,2,-0.002,-0.2,0,0.9992,0.998471688672108,0.999928311327892,0.9999,0.999704009800245,1.00009599019976,1,1,1,10000,9999,9992
