"method","distribution","seed","N","n1","n2","delta","sd","null","power0.01","l_CI","u_CI","power0.05","l_CI","u_CI","power0.10","l_CI","u_CI","ct_0.10","ct_0.05","ct_0.01"
"BWS","Logistic",8717039,10000,10,10,0,1,1,0.0124,0.00954932805320851,0.0152506719467915,0.0527,0.0483206954577696,0.0570793045422304,0.0995,0.0945759857484594,0.104424014251541,995,527,124
"BWS","Logistic",1765672,10000,10,10,0,3,1,0.0134,0.0104381107640318,0.0163618892359682,0.0547,0.0502430828249114,0.0591569171750886,0.1054,0.100348729166724,0.110451270833276,1054,547,134
"BWS","Logistic",5916105,10000,10,10,0,5,1,0.0126,0.00972672170157083,0.0154732782984292,0.0515,0.0471681006890741,0.0558318993109259,0.1041,0.0990763307859718,0.109123669214028,1041,515,126
"BWS","Logistic",1352321,10000,10,10,0,2,1,0.0134,0.0104381107640318,0.0163618892359682,0.057,0.0524558846669566,0.0615441153330434,0.1105,0.105342728233419,0.115657271766581,1105,570,134
"BWS","Logistic",1859892,10000,10,10,0.5,1,0,0.0297,0.0253270239476055,0.0340729760523945,0.1003,0.0944121681557979,0.106187831844202,0.1701,0.163919395676071,0.176280604323929,1701,1003,297
"BWS","Logistic",3151380,10000,10,10,1.5,1,0,0.2264,0.215619415686527,0.237180584313473,0.4479,0.438153347638579,0.457646652361421,0.5645,0.556343723217707,0.572656276782293,5645,4479,2264
"BWS","Logistic",75186,10000,10,10,2,1,0,0.4318,0.419040378480387,0.444559621519613,0.668,0.658769752540695,0.677230247459305,0.7693,0.762369930887807,0.776230069112193,7693,6680,4318
"BWS","Logistic",122567445,10000,10,10,2.5,1,0,0.6338,0.621389732402939,0.646210267597061,0.8443,0.837193614347532,0.851406385652468,0.9067,0.901915478262796,0.911484521737204,9067,8443,6338
"BWS","Logistic",336106,10000,10,10,0.5,3,0,0.0157,0.0124977190820642,0.0189022809179358,0.0633,0.0585273653882159,0.0680726346117841,0.111,0.105832526333159,0.116167473666841,1110,633,157
"BWS","Logistic",326283209,10000,10,10,1.5,3,0,0.0317,0.0271868428538842,0.0362131571461158,0.1034,0.0974321801040581,0.109367819895942,0.1735,0.167270731211099,0.179729268788901,1735,1034,317
"BWS","Logistic",589733,10000,10,10,2,3,0,0.0432,0.0379628101753158,0.0484371898246842,0.1355,0.128791765779283,0.142208234220717,0.212,0.205276476278022,0.218723523721978,2120,1355,432
"BWS","Logistic",171394,10000,10,10,2.5,3,0,0.0639,0.0575997554057081,0.0702002445942919,0.1855,0.17788142806295,0.19311857193705,0.2715,0.264184136440626,0.278815863559374,2715,1855,639
"BWS","Logistic",230772,10000,10,10,1,1,0,0.0935,0.0860004437246994,0.100999556275301,0.2345,0.226195756171691,0.242804243828309,0.3379,0.330119244075093,0.345680755924907,3379,2345,935
"BWS","Logistic",465831,10000,10,10,1,3,0,0.0204,0.0167584579384574,0.0240415420615426,0.0762,0.0709997701964625,0.0814002298035375,0.1328,0.127217553439002,0.138382446560998,1328,762,204
"BWS","Logistic",221605,10000,10,10,5,1,0,0.997,0.995591184681514,0.998408815318486,0.9998,0.999522841861747,1.00007715813825,0.9998,0.999567385133966,1.00003261486603,9998,9998,9970
"BWS","Logistic",161516,10000,10,10,5,3,0,0.2971,0.285328170690314,0.308871829309686,0.526,0.51621325856886,0.53578674143114,0.6432,0.635319544100092,0.651080455899908,6432,5260,2971
"BWS","Logistic",141091,10000,10,10,0.5,5,0,0.0132,0.0102599995648,0.0161400004352,0.0572,0.0526484022645229,0.0617515977354771,0.1029,0.0979020257070514,0.107897974292949,1029,572,132
"BWS","Logistic",5670081,10000,10,10,1,5,0,0.0143,0.0112416565437191,0.0173583434562809,0.0598,0.0551525279480561,0.0644474720519439,0.1119,0.106714246363355,0.117085753636645,1119,598,143
"BWS","Logistic",197508,10000,10,10,1.5,5,0,0.0175,0.0141222215347954,0.0208777784652046,0.0699,0.0649024231473243,0.0748975768526757,0.1254,0.119952221930814,0.130847778069186,1254,699,175
"BWS","Logistic",464887,10000,10,10,2,5,0,0.0219,0.0181298420474383,0.0256701579525617,0.0816,0.0762344148883463,0.0869655851116537,0.1383,0.132621220069524,0.143978779930476,1383,816,219
"BWS","Logistic",141212564,10000,10,10,2.5,5,0,0.0312,0.0267214211918226,0.0356785788081774,0.1019,0.0959706715066207,0.107829328493379,0.1676,0.161455749051381,0.173744250948619,1676,1019,312
"BWS","Logistic",56864,10000,10,10,5,5,0,0.0936,0.0860968482256119,0.101103151774388,0.2368,0.228467676916874,0.245132323083126,0.3395,0.331710273628081,0.347289726371919,3395,2368,936
"BWS","Logistic",21461599,10000,10,10,3,1,0,0.8078,0.797649802919607,0.817950197080393,0.9388,0.934101942553608,0.943498057446392,0.9676,0.964687363167231,0.970512636832769,9676,9388,8078
"BWS","Logistic",7000978,10000,10,10,3,3,0,0.0915,0.0840729068379076,0.0989270931620924,0.2328,0.224516729262809,0.241083270737191,0.3332,0.325446171442416,0.340953828557584,3332,2328,915
"BWS","Logistic",813032,10000,10,10,3,5,0,0.0387,0.0337314368692492,0.0436685631307508,0.1217,0.115291995591637,0.128108004408363,0.1999,0.193321234071349,0.206478765928651,1999,1217,387
"BWS","Logistic",144507750,10000,10,10,0.5,2,0,0.017,0.0136699781872186,0.0203300218127814,0.0666,0.0617131716553167,0.0714868283446833,0.1188,0.113477552738411,0.124122447261589,1188,666,170
"BWS","Logistic",891842,10000,10,10,1,2,0,0.0291,0.0247700826783247,0.0334299173216753,0.0977,0.0918805916629265,0.103519408337073,0.163,0.156923934687851,0.169076065312149,1630,977,291
"BWS","Logistic",22112161,10000,10,10,1.5,2,0,0.0612,0.0550254102133133,0.0673745897866867,0.1608,0.153600011029342,0.167999988970658,0.2455,0.23842019538233,0.25257980461767,2455,1608,612
"BWS","Logistic",103474099,10000,10,10,2,2,0,0.0957,0.0881219390668736,0.103278060933126,0.2376,0.229257989477446,0.245942010522554,0.3409,0.333102505829949,0.348697494170051,3409,2376,957
"BWS","Logistic",170885,10000,10,10,2.5,2,0,0.1579,0.148506687791307,0.167293312208693,0.3389,0.329622618103883,0.348177381896117,0.4556,0.447407493054284,0.463792506945716,4556,3389,1579
"BWS","Logistic",69165,10000,10,10,3,2,0,0.2233,0.21257204673739,0.23402795326261,0.4459,0.43615753436391,0.45564246563609,0.5655,0.557345880021463,0.573654119978537,5655,4459,2233
"BWS","Logistic",919273,10000,10,10,5,2,0,0.6391,0.626728461571116,0.651471538428884,0.8411,0.833934576949935,0.848265423050065,0.9024,0.897518083416362,0.907281916583638,9024,8411,6391
"BWS","Logistic",320198,10000,20,20,0,1,1,0.011,0.00831316902087236,0.0136868309791276,0.0535,0.0490894447016277,0.0579105552983723,0.1053,0.100250843795665,0.110349156204335,1053,535,110
"BWS","Logistic",200368147,10000,20,20,0,3,1,0.0126,0.00972672170157083,0.0154732782984292,0.0561,0.0515897512478357,0.0606102487521643,0.1047,0.0996635614973699,0.10973643850263,1047,561,126
"BWS","Logistic",36372,10000,20,20,0,5,1,0.0121,0.00928359545455842,0.0149164045454416,0.0555,0.05101250948079,0.05998749051921,0.1078,0.10269840013879,0.11290159986121,1078,555,121
"BWS","Logistic",70370,10000,20,20,0,2,1,0.012,0.00919511568409676,0.0148048843159032,0.0555,0.05101250948079,0.05998749051921,0.1093,0.104167349301796,0.114432650698204,1093,555,120
"BWS","Logistic",585776,10000,20,20,0.5,1,0,0.0591,0.0530254888523484,0.0651745111476516,0.1522,0.14515939299026,0.15924060700974,0.2329,0.22594692941946,0.23985307058054,2329,1522,591
"BWS","Logistic",2139295,10000,20,20,1.5,1,0,0.5447,0.531871574054732,0.557528425945268,0.7549,0.746469129088973,0.763330870911027,0.8402,0.834172383287244,0.846227616712756,8402,7549,5447
"BWS","Logistic",67907080,10000,20,20,2,1,0,0.821,0.811124844278777,0.830875155721223,0.9353,0.930478483260882,0.940121516739118,0.9651,0.962080988456634,0.968119011543366,9651,9353,8210
"BWS","Logistic",239031,10000,20,20,2.5,1,0,0.9576,0.952409360639206,0.962790639360794,0.9911,0.989259186406395,0.992940813593605,0.9956,0.994511233663452,0.996688766336548,9956,9911,9576
"BWS","Logistic",415923,10000,20,20,0.5,3,0,0.0165,0.0132184803218021,0.0197815196781979,0.0676,0.0626792584909995,0.0725207415090004,0.1203,0.114948617280013,0.125651382719987,1203,676,165
"BWS","Logistic",189887734,10000,20,20,1.5,3,0,0.0535,0.0477032701792821,0.0592967298207179,0.1561,0.148986177637416,0.163213822362584,0.2325,0.225551091822497,0.239448908177503,2325,1561,535
"BWS","Logistic",93936,10000,20,20,2,3,0,0.0905,0.0831095395027373,0.0978904604972627,0.2239,0.215729625567552,0.232070374432448,0.3239,0.316202018833098,0.331597981166902,3239,2239,905
"BWS","Logistic",19880485,10000,20,20,2.5,3,0,0.1505,0.141289232916548,0.159710767083452,0.3226,0.313437566216425,0.331762433783575,0.4333,0.42514851275878,0.44145148724122,4333,3226,1505
"BWS","Logistic",23097397,10000,20,20,1,1,0,0.2246,0.213849872058641,0.235350127941359,0.4345,0.42478445279153,0.44421554720847,0.5531,0.544921514108041,0.561278485891959,5531,4345,2246
"BWS","Logistic",49387494,10000,20,20,1,3,0,0.0271,0.0229172240157063,0.0312827759842937,0.0954,0.0896421738151973,0.101157826184803,0.1626,0.156529944650409,0.168670055349591,1626,954,271
"BWS","Logistic",20578,10000,20,20,5,1,0,1,1,1,1,1,1,1,1,1,10000,10000,10000
"BWS","Logistic",751797,10000,20,20,5,3,0,0.6426,0.630254931804051,0.654945068195949,0.8317,0.824367003459867,0.839032996540133,0.8978,0.892817111712681,0.902782888287319,8978,8317,6426
"BWS","Logistic",192971,10000,20,20,0.5,5,0,0.0143,0.0112416565437191,0.0173583434562809,0.0579,0.0533223366032003,0.0624776633967997,0.1075,0.102404647351814,0.112595352648186,1075,579,143
"BWS","Logistic",60109,10000,20,20,1,5,0,0.0174,0.01403171475587,0.02076828524413,0.0662,0.061326825075005,0.071073174924995,0.1177,0.112398945449934,0.123001054550066,1177,662,174
"BWS","Logistic",45963,10000,20,20,1.5,5,0,0.0253,0.0212547850620745,0.0293452149379255,0.0893,0.0837105449351838,0.0948894550648162,0.1506,0.144716516815432,0.156483483184568,1506,893,253
"BWS","Logistic",15101571,10000,20,20,2,5,0,0.0376,0.0326997573231294,0.0425002426768706,0.1151,0.108844805320504,0.121355194679496,0.1885,0.18206622540266,0.19493377459734,1885,1151,376
"BWS","Logistic",9287041,10000,20,20,2.5,5,0,0.0511,0.0454276041309598,0.0567723958690402,0.1489,0.141922598480351,0.155877401519649,0.2351,0.228124191540475,0.242075808459525,2351,1489,511
"BWS","Logistic",4560073,10000,20,20,5,5,0,0.2172,0.206578125210924,0.227821874789076,0.428,0.418302138660509,0.437697861339491,0.5418,0.533603792493604,0.549996207506396,5418,4280,2172
"BWS","Logistic",8104436,10000,20,20,3,1,0,0.993,0.990852320345675,0.995147679654325,0.9986,0.997867148687386,0.999332851312614,0.9997,0.999415120383714,0.999984879616286,9997,9986,9930
"BWS","Logistic",23469,10000,20,20,3,3,0,0.2232,0.212473758711246,0.233926241288754,0.4338,0.424086275593286,0.443513724406714,0.5548,0.546624549255949,0.562975450744051,5548,4338,2232
"BWS","Logistic",1286347,10000,20,20,3,5,0,0.0743,0.0675442215715007,0.0810557784284993,0.1966,0.188810425383219,0.204389574616781,0.2867,0.279260977697051,0.294139022302949,2867,1966,743
"BWS","Logistic",33433,10000,20,20,0.5,2,0,0.0222,0.0184046890594293,0.0259953109405707,0.0795,0.0741978558337216,0.0848021441662784,0.139,0.133309179619993,0.144690820380007,1390,795,222
"BWS","Logistic",151637,10000,20,20,1,2,0,0.0554,0.0495071591559602,0.0612928408440398,0.1514,0.144374608633934,0.158425391366066,0.2355,0.228520085498419,0.242479914501581,2355,1514,554
"BWS","Logistic",2183465,10000,20,20,1.5,2,0,0.1168,0.108526356376893,0.125073643623107,0.2702,0.261496364934489,0.278903635065511,0.3737,0.365741730225308,0.381658269774692,3737,2702,1168
"BWS","Logistic",267091145,10000,20,20,2,2,0,0.2185,0.207855235186891,0.229144764813109,0.4235,0.413815383350901,0.433184616649099,0.5368,0.528597307498729,0.545002692501271,5368,4235,2185
"BWS","Logistic",195840339,10000,20,20,2.5,2,0,0.3742,0.361734332757917,0.386665667242083,0.6064,0.596824461372518,0.615975538627482,0.7124,0.704954012573231,0.719845987426769,7124,6064,3742
"BWS","Logistic",969681,10000,20,20,3,2,0,0.5394,0.526560051064087,0.552239948935913,0.754,0.745558700725599,0.762441299274401,0.8362,0.830111953896372,0.842288046103628,8362,7540,5394
"BWS","Logistic",1423833,10000,20,20,5,2,0,0.9575,0.952303514556934,0.962696485443066,0.991,0.989148967034329,0.992851032965671,0.9965,0.995528509459966,0.997471490540034,9965,9910,9575
"BWS","Logistic",88041,10000,100,100,0,1,1,0.0107,0.00804965901805522,0.0133503409819448,0.0512,0.0468800532862546,0.0555199467137454,0.1045,0.099467812175666,0.109532187824334,1045,512,107
"BWS","Logistic",5627713,10000,100,100,0,3,1,0.0103,0.00769914430765258,0.0129008556923474,0.0521,0.0477443177050662,0.0564556822949338,0.1032,0.0981955823085598,0.10820441769144,1032,521,103
"BWS","Logistic",1645618,10000,100,100,0,5,1,0.0104,0.00778668132697445,0.0130133186730255,0.0519,0.0475522273768745,0.0562477726231255,0.0986,0.0936958568720825,0.103504143127917,986,519,104
"BWS","Logistic",34720149,10000,100,100,0,2,1,0.012,0.00919511568409676,0.0148048843159032,0.0536,0.0491855578284001,0.0580144421715999,0.1057,0.100642393795008,0.110757606204992,1057,536,120
"BWS","Logistic",80979,10000,100,100,0.5,1,0,0.2919,0.280188562545543,0.303611437454457,0.5236,0.513810922502789,0.533389077497211,0.6419,0.634013183240687,0.649786816759313,6419,5236,2919
"BWS","Logistic",25743,10000,100,100,1.5,1,0,0.9994,0.998769200767229,1.00003079923277,0.9999,0.999704009800245,1.00009599019976,1,1,1,10000,9999,9994
"BWS","Logistic",101633567,10000,100,100,2,1,0,1,1,1,1,1,1,1,1,1,10000,10000,10000
"BWS","Logistic",335519266,10000,100,100,2.5,1,0,1,1,1,1,1,1,1,1,1,10000,10000,10000
"BWS","Logistic",790280,10000,100,100,0.5,3,0,0.0297,0.0253270239476055,0.0340729760523945,0.1021,0.0961655164795578,0.108034483520442,0.1737,0.167467896060978,0.179932103939022,1737,1021,297
"BWS","Logistic",5848931,10000,100,100,1.5,3,0,0.2991,0.287305430462872,0.310894569537128,0.5238,0.514011108519878,0.533588891480122,0.6411,0.633209300221085,0.648990699778915,6411,5238,2991
"BWS","Logistic",2137489,10000,100,100,2,3,0,0.5498,0.536984045060593,0.562615954939406,0.7626,0.754260407518445,0.770939592481554,0.8409,0.834883094808627,0.846916905191373,8409,7626,5498
"BWS","Logistic",583202,10000,100,100,2.5,3,0,0.7928,0.782359469775475,0.803240530224525,0.9221,0.916846922462556,0.927353077537444,0.9576,0.954285325408189,0.960914674591811,9576,9221,7928
"BWS","Logistic",24866583,10000,100,100,1,1,0,0.9262,0.919465173254177,0.932934826745823,0.9785,0.975657138406464,0.981342861593536,0.9899,0.988255165330808,0.991544834669192,9899,9785,9262
"BWS","Logistic",69061449,10000,100,100,1,3,0,0.1123,0.104166661513936,0.120433338486064,0.2685,0.2598136888589,0.2771863111411,0.3806,0.372612959350103,0.388587040649897,3806,2685,1123
"BWS","Logistic",36007985,10000,100,100,5,1,0,1,1,1,1,1,1,1,1,1,10000,10000,10000
"BWS","Logistic",5250116,10000,100,100,5,3,0,1,1,1,1,1,1,1,1,1,10000,10000,10000
"BWS","Logistic",63733400,10000,100,100,0.5,5,0,0.0187,0.0152104649781015,0.0221895350218985,0.073,0.0679013245484734,0.0780986754515266,0.1313,0.125744371769388,0.136855628230612,1313,730,187
"BWS","Logistic",436444,10000,100,100,1,5,0,0.0428,0.0375860232749641,0.0480139767250359,0.1319,0.125267712450263,0.138532287549737,0.2127,0.20596837719619,0.21943162280381,2127,1319,428
"BWS","Logistic",171421,10000,100,100,1.5,5,0,0.0904,0.0830132177018418,0.0977867822981582,0.2225,0.214347866598246,0.230652133401754,0.3299,0.322165595720485,0.337634404279515,3299,2225,904
"BWS","Logistic",61665638,10000,100,100,2,5,0,0.1727,0.162963036553294,0.182436963446706,0.3673,0.357851443752954,0.376748556247046,0.4799,0.471681648651708,0.488118351348292,4799,3673,1727
"BWS","Logistic",548395,10000,100,100,2.5,5,0,0.2963,0.284537342274186,0.308062657725814,0.5175,0.507706004339392,0.527293995660608,0.6336,0.625674051993509,0.641525948006491,6336,5175,2963
"BWS","Logistic",985831,10000,100,100,5,5,0,0.9294,0.922801434329063,0.935998565670937,0.9792,0.976402800504504,0.981997199495495,0.9909,0.98933792632793,0.99246207367207,9909,9792,9294
"BWS","Logistic",5168313,10000,100,100,3,1,0,1,1,1,1,1,1,1,1,1,10000,10000,10000
"BWS","Logistic",289144574,10000,100,100,3,3,0,0.9247,0.917902585155663,0.931497414844337,0.9779,0.975018627338507,0.980781372661493,0.9891,0.987391955221028,0.990808044778972,9891,9779,9247
"BWS","Logistic",28843,10000,100,100,3,5,0,0.4431,0.430303672615689,0.455896327384311,0.6728,0.663603857120205,0.681996142879795,0.7731,0.766210289289457,0.779989710710543,7731,6728,4431
"BWS","Logistic",1766017,10000,100,100,0.5,2,0,0.0589,0.052835131444598,0.064964868555402,0.1742,0.166766085086739,0.181633914913261,0.2684,0.261110562671399,0.275689437328601,2684,1742,589
"BWS","Logistic",477488,10000,100,100,1,2,0,0.293,0.281275633773308,0.304724366226692,0.5216,0.511809148846479,0.531390851153521,0.6431,0.635219052560766,0.650980947439234,6431,5216,2930
"BWS","Logistic",45926,10000,100,100,1.5,2,0,0.6809,0.668892546101702,0.692907453898298,0.8548,0.84789487354543,0.86170512645457,0.9117,0.907032629988551,0.916367370011449,9117,8548,6809
"BWS","Logistic",167275,10000,100,100,2,2,0,0.9244,0.917590162873602,0.931209837126398,0.9771,0.974168139386942,0.980031860613058,0.9891,0.987391955221028,0.990808044778972,9891,9771,9244
"BWS","Logistic",88751,10000,100,100,2.5,2,0,0.9941,0.992127182546776,0.996072817453224,0.999,0.998380503559332,0.999619496440668,0.9998,0.999567385133966,1.00003261486603,9998,9990,9941
"BWS","Logistic",45564,10000,100,100,3,2,0,0.9997,0.999253890643434,1.00014610935657,1,1,1,1,1,1,10000,10000,9997
"BWS","Logistic",253859,10000,100,100,5,2,0,1,1,1,1,1,1,1,1,1,10000,10000,10000
"BWS","Logistic",79068257,10000,10,100,0,1,1,0.0153,0.0121381333994591,0.0184618666005409,0.0587,0.0540927778727741,0.0633072221272259,0.1122,0.107008176724512,0.117391823275488,1122,587,153
"BWS","Logistic",270258,10000,10,100,0,3,1,0.0113,0.00857718993386318,0.0140228100661368,0.0562,0.0516859723428406,0.0607140276571594,0.1051,0.100055077321804,0.110144922678196,1051,562,113
"BWS","Logistic",3098762,10000,10,100,0,5,1,0.0124,0.00954932805320851,0.0152506719467915,0.0564,0.0518784265563413,0.0609215734436587,0.1135,0.108282010473911,0.118717989526089,1135,564,124
"BWS","Logistic",241901,10000,10,100,0,2,1,0.011,0.00831316902087236,0.0136868309791276,0.0545,0.0500507676212632,0.0589492323787368,0.1064,0.101327660705197,0.111472339294803,1064,545,110
"BWS","Logistic",121459,10000,10,100,0.5,1,0,0.0694,0.0628535309646754,0.0759464690353246,0.1813,0.17374877573571,0.18885122426429,0.2715,0.264184136440626,0.278815863559374,2715,1813,694
"BWS","Logistic",30457,10000,10,100,1.5,1,0,0.5593,0.546510905583061,0.572089094416939,0.7646,0.756284728239294,0.772915271760706,0.8472,0.841281378697163,0.853118621302837,8472,7646,5593
"BWS","Logistic",8595276,10000,10,100,2,1,0,0.8368,0.827280442275873,0.846319557724126,0.9429,0.938352141504576,0.947447858495424,0.9701,0.967298376647553,0.972901623352447,9701,9429,8368
"BWS","Logistic",63456,10000,10,100,2.5,1,0,0.9593,0.954209970662032,0.964390029337968,0.9901,0.988159502002475,0.992040497997525,0.9956,0.994511233663452,0.996688766336548,9956,9901,9593
"BWS","Logistic",260995,10000,10,100,0.5,3,0,0.0216,0.0178551799248904,0.0253448200751096,0.0764,0.0711935139060591,0.0816064860939409,0.1404,0.134685244430109,0.146114755569891,1404,764,216
"BWS","Logistic",14296419,10000,10,100,1.5,3,0,0.0684,0.0618973758970902,0.0749026241029098,0.1882,0.180538912821172,0.195861087178828,0.275,0.267654840135334,0.282345159864666,2750,1882,684
"BWS","Logistic",24406776,10000,10,100,2,3,0,0.1126,0.104457181284824,0.120742818715176,0.2701,0.261397379502793,0.278802620497207,0.3808,0.37281215100954,0.38878784899046,3808,2701,1126
"BWS","Logistic",73284240,10000,10,100,2.5,3,0,0.1845,0.174507917143978,0.194492082856022,0.3745,0.365013726550431,0.383986273449569,0.4873,0.479077653648576,0.495522346351424,4873,3745,1845
"BWS","Logistic",43225,10000,10,100,1,1,0,0.2561,0.244856334229554,0.267343665770446,0.4788,0.469008812986691,0.488591187013309,0.5939,0.585821345041965,0.601978654958034,5939,4788,2561
"BWS","Logistic",8457801,10000,10,100,1,3,0,0.0379,0.0329810141757082,0.0428189858242918,0.1227,0.116269386359483,0.129130613640517,0.1915,0.185027228088417,0.197972771911583,1915,1227,379
"BWS","Logistic",20493,10000,10,100,5,1,0,1,1,1,1,1,1,1,1,1,10000,10000,10000
"BWS","Logistic",236224920,10000,10,100,5,3,0,0.6698,0.657685458981303,0.681914541018697,0.854,0.847079118160234,0.860920881839766,0.9109,0.906213591896028,0.915586408103972,9109,8540,6698
"BWS","Logistic",26065245,10000,10,100,0.5,5,0,0.0168,0.0134892877596843,0.0201107122403157,0.0703,0.0652892221456544,0.0753107778543456,0.1276,0.122111558141002,0.133088441858998,1276,703,168
"BWS","Logistic",213697,10000,10,100,1,5,0,0.0255,0.0214392442248271,0.0295607557751729,0.0869,0.0813789061317163,0.0924210938682837,0.1472,0.141371679802344,0.153028320197656,1472,869,255
"BWS","Logistic",316714727,10000,10,100,1.5,5,0,0.0337,0.0290514575751687,0.0383485424248313,0.1131,0.106892386037905,0.119307613962095,0.182,0.175652857509871,0.188347142490129,1820,1131,337
"BWS","Logistic",31164510,10000,10,100,2,5,0,0.0525,0.0467546681349116,0.0582453318650884,0.1513,0.144276515368451,0.158323484631549,0.2357,0.228718035708357,0.242681964291643,2357,1513,525
"BWS","Logistic",140248,10000,10,100,2.5,5,0,0.0693,0.0627578976703375,0.0758421023296625,0.1902,0.182507806263906,0.197892193736094,0.2865,0.279062530390356,0.293937469609644,2865,1902,693
"BWS","Logistic",248728703,10000,10,100,5,5,0,0.263,0.251658840015871,0.274341159984129,0.4781,0.468309404868835,0.487890595131165,0.5966,0.588529963969405,0.604670036030595,5966,4781,2630
"BWS","Logistic",79464,10000,10,100,3,1,0,0.9936,0.991545805145196,0.995654194854804,0.9992,0.998645850076604,0.999754149923396,0.9999,0.999735508225206,1.00006449177479,9999,9992,9936
"BWS","Logistic",36696,10000,10,100,3,3,0,0.2699,0.258464939276304,0.281335060723696,0.4884,0.478602637730981,0.498197362269019,0.6082,0.60016989311479,0.61623010688521,6082,4884,2699
"BWS","Logistic",7380034,10000,10,100,3,5,0,0.0917,0.0842656126765458,0.0991343873234542,0.2375,0.229159198180031,0.245840801819969,0.3375,0.329721502218656,0.345278497781344,3375,2375,917
"BWS","Logistic",215029,10000,10,100,0.5,2,0,0.0319,0.0273730957334549,0.0364269042665451,0.1034,0.0974321801040581,0.109367819895942,0.173,0.166777832348972,0.179222167651028,1730,1034,319
"BWS","Logistic",1819357,10000,10,100,1,2,0,0.0646,0.0582677099353564,0.0709322900646436,0.1915,0.183787761126625,0.199212238873375,0.2867,0.279260977697051,0.294139022302949,2867,1915,646
"BWS","Logistic",70436,10000,10,100,1.5,2,0,0.1401,0.131158942233079,0.149041057766921,0.3264,0.317209647153324,0.335590352846676,0.4386,0.430437251418848,0.446762748581152,4386,3264,1401
"BWS","Logistic",498857,10000,10,100,2,2,0,0.2615,0.250179725574775,0.272820274425225,0.4755,0.465711771970372,0.485288228029628,0.5942,0.586122290186451,0.602277709813549,5942,4755,2615
"BWS","Logistic",18403667,10000,10,100,2.5,2,0,0.4053,0.392653127803239,0.417946872196761,0.6374,0.627977286189298,0.646822713810702,0.7434,0.736215351814104,0.750584648185896,7434,6374,4053
"BWS","Logistic",39440172,10000,10,100,3,2,0,0.5621,0.549319727205275,0.574880272794725,0.7739,0.765701228630679,0.782098771369321,0.8585,0.852766573202318,0.864233426797682,8585,7739,5621
"BWS","Logistic",64019,10000,10,100,5,2,0,0.9565,0.951245480908171,0.961754519091829,0.9885,0.986410254838503,0.990589745161497,0.9946,0.993394445052642,0.995805554947358,9946,9885,9565
