"method","distribution","seed","N","n1","n2","delta","sd1","sd2","null","power0.01","l_CI","u_CI","power0.05","l_CI","u_CI","power0.10","l_CI","u_CI"
"Yuenbt","Normal2Var",49481176,1000,10,10,0,1,2,1,0.007,0.000208440607931048,0.013791559392069,0.05,0.0364916322229516,0.0635083677770484,0.1,0.0843941597470691,0.115605840252931
"Yuenbt","Normal2Var",17665,1000,10,10,0,3,5,1,0.011,0.00250349441805633,0.0194965055819437,0.059,0.0443958296914888,0.0736041703085112,0.102,0.0862563960320389,0.117743603967961
"Yuenbt","Normal2Var",17816575,1000,10,10,0,1,5,1,0.019,0.00787865885497617,0.0301213411450238,0.059,0.0443958296914888,0.0736041703085112,0.1,0.0843941597470691,0.115605840252931
"Yuenbt","Normal2Var",40649972,1000,10,10,0.5,1,2,0,0.025,0.0122820190281633,0.0377179809718367,0.087,0.0695316821187614,0.104468317881239,0.159,0.139977724716139,0.178022275283861
"Yuenbt","Normal2Var",221672,1000,10,10,1.5,1,2,0,0.133,0.105338149621979,0.160661850378021,0.358,0.328285727712091,0.387714272287909,0.537,0.511061578656846,0.562938421343154
"Yuenbt","Normal2Var",1405287,1000,10,10,2,1,2,0,0.262,0.226180073921684,0.297819926078316,0.543,0.512124493824392,0.573875506175608,0.711,0.687419683823685,0.734580316176315
"Yuenbt","Normal2Var",89604060,1000,10,10,2.5,1,2,0,0.381,0.341440237916995,0.420559762083005,0.703,0.674678779941535,0.731321220058465,0.852,0.833527887819743,0.870472112180257
"Yuenbt","Normal2Var",18528,1000,10,10,0.5,3,5,0,0.016,0.00577876439250127,0.0262212356074987,0.063,0.0479409997144565,0.0780590002855435,0.111,0.0946590134638388,0.127340986536161
"Yuenbt","Normal2Var",2500731,1000,10,10,1.5,3,5,0,0.024,0.0115325857923946,0.0364674142076054,0.106,0.0869200266666853,0.125079973333315,0.188,0.167675360952775,0.208324639047225
"Yuenbt","Normal2Var",55968,1000,10,10,2,3,5,0,0.041,0.0248472269704549,0.0571527730295451,0.144,0.122239232954696,0.165760767045304,0.228,0.206175616929682,0.249824383070318
"Yuenbt","Normal2Var",2653928,1000,10,10,2.5,3,5,0,0.049,0.0314153326496064,0.0665846673503936,0.178,0.154291614445517,0.201708385554483,0.299,0.275184456042849,0.322815543957151
"Yuenbt","Normal2Var",337046,1000,10,10,0.5,1,5,0,0.023,0.0107888361530934,0.0352111638469066,0.067,0.0515034759510399,0.0824965240489601,0.129,0.111563077594512,0.146436922405488
"Yuenbt","Normal2Var",130225,1000,10,10,1.5,1,5,0,0.037,0.0216234160277388,0.0523765839722612,0.12,0.0998586753166531,0.140141324683347,0.194,0.17343000016772,0.21456999983228
"Yuenbt","Normal2Var",17048,1000,10,10,2,1,5,0,0.048,0.0305865448547395,0.0654134551452605,0.145,0.123176563973563,0.166823436026437,0.227,0.205209430645919,0.248790569354081
"Yuenbt","Normal2Var",978306,1000,10,10,2.5,1,5,0,0.068,0.0474927100821196,0.0885072899178804,0.189,0.164734044292466,0.213265955707534,0.303,0.27909418217724,0.32690581782276
"Yuenbt","Normal2Var",153439532,1000,20,20,0,1,2,1,0.014,0.00442919794876103,0.023570802051239,0.059,0.0443958296914888,0.0736041703085112,0.107,0.0909200934463225,0.123079906553677
"Yuenbt","Normal2Var",754714,1000,20,20,0,3,5,1,0.017,0.00646954641356793,0.0275304535864321,0.055,0.0408696369473392,0.0691303630526608,0.11,0.0937236414545513,0.126276358545449
"Yuenbt","Normal2Var",343125027,1000,20,20,0,1,5,1,0.012,0.00313017698846251,0.0208698230115375,0.049,0.0356203617986135,0.0623796382013865,0.103,0.0871882209800731,0.118811779019927
"Yuenbt","Normal2Var",10542320,1000,20,20,0.5,1,2,0,0.037,0.0216234160277388,0.0523765839722612,0.133,0.111952939929767,0.154047060070233,0.218,0.196521817630442,0.239478182369558
"Yuenbt","Normal2Var",148290,1000,20,20,1.5,1,2,0,0.38,0.340460287992956,0.419539712007044,0.692,0.663385611004252,0.720614388995748,0.824,0.804189937667943,0.843810062332057
"Yuenbt","Normal2Var",318961092,1000,20,20,2,1,2,0,0.696,0.658529691365242,0.733470308634758,0.918,0.900994698426667,0.935005301573333,0.966,0.956572556810036,0.975427443189964
"Yuenbt","Normal2Var",179002799,1000,20,20,2.5,1,2,0,0.891,0.865613784658914,0.916386215341086,0.985,0.977466100611237,0.992533899388763,0.993,0.988662998757782,0.997337001242218
"Yuenbt","Normal2Var",30973016,1000,20,20,0.5,3,5,0,0.014,0.00442919794876103,0.023570802051239,0.055,0.0408696369473392,0.0691303630526608,0.119,0.102156694060399,0.135843305939601
"Yuenbt","Normal2Var",5220742,1000,20,20,1.5,3,5,0,0.055,0.0364286657022173,0.0735713342977827,0.155,0.132568915318246,0.177431084681754,0.257,0.234268564062625,0.279731435937375
"Yuenbt","Normal2Var",62760553,1000,20,20,2,3,5,0,0.097,0.0728911996230422,0.121108800376958,0.283,0.255080420891425,0.310919579108575,0.409,0.383424667021229,0.434575332978771
"Yuenbt","Normal2Var",9077953,1000,20,20,2.5,3,5,0,0.16,0.130136170801453,0.189863829198547,0.39,0.359768945767638,0.420231054232362,0.533,0.507046977270942,0.558953022729058
"Yuenbt","Normal2Var",20190605,1000,20,20,0.5,1,5,0,0.013,0.00377266875765262,0.0222273312423474,0.05,0.0364916322229516,0.0635083677770484,0.112,0.0955948050179219,0.128405194982078
"Yuenbt","Normal2Var",5363805,1000,20,20,1.5,1,5,0,0.058,0.0389591949346673,0.0770408050653327,0.201,0.176161378492356,0.225838621507644,0.337,0.312411184010307,0.361588815989693
"Yuenbt","Normal2Var",95461146,1000,20,20,2,1,5,0,0.11,0.0845119151288293,0.135488084871171,0.299,0.270624032731905,0.327375967268095,0.474,0.448025455208994,0.499974544791006
"Yuenbt","Normal2Var",86273,1000,20,20,2.5,1,5,0,0.181,0.149636314016621,0.212363685983379,0.438,0.407248855474958,0.468751144525042,0.582,0.556342429228393,0.607657570771607
"Yuenbt","Normal2Var",1098435,1000,100,100,0,1,2,1,0.009,0.00130685460010016,0.0166931453998998,0.041,0.0287098466079548,0.0532901533920452,0.087,0.0723390903496747,0.101660909650325
"Yuenbt","Normal2Var",300917,1000,100,100,0,3,5,1,0.011,0.00250349441805633,0.0194965055819437,0.05,0.0364916322229516,0.0635083677770484,0.113,0.0965310112097008,0.129468988790299
"Yuenbt","Normal2Var",2804529,1000,100,100,0,1,5,1,0.014,0.00442919794876103,0.023570802051239,0.046,0.0330159800369839,0.0589840199630161,0.108,0.0918541762551426,0.124145823744857
"Yuenbt","Normal2Var",10419019,1000,100,100,0.5,1,2,0,0.262,0.226180073921684,0.297819926078316,0.528,0.497058309910414,0.558941690089586,0.656,0.6312886174891,0.6807113825109
"Yuenbt","Normal2Var",1099539,1000,100,100,1.5,1,2,0,0.998,0.994360630700794,1.00163936929921,1,1,1,1,1,1
"Yuenbt","Normal2Var",218978342,1000,100,100,2,1,2,0,1,1,1,1,1,1,1,1,1
"Yuenbt","Normal2Var",44312189,1000,100,100,2.5,1,2,0,1,1,1,1,1,1,1,1,1
"Yuenbt","Normal2Var",10074640,1000,100,100,0.5,3,5,0,0.034,0.0192370251323116,0.0487629748676884,0.119,0.0989313801570711,0.139068619842929,0.21,0.188812042394322,0.231187957605678
"Yuenbt","Normal2Var",52614340,1000,100,100,1.5,3,5,0,0.41,0.369935124929684,0.450064875070316,0.677,0.648016444082894,0.705983555917106,0.788,0.766738351136377,0.809261648863623
"Yuenbt","Normal2Var",515698,1000,100,100,2,3,5,0,0.699,0.661634767033725,0.736365232966275,0.868,0.847020124843079,0.888979875156921,0.928,0.914553596525465,0.941446403474536
"Yuenbt","Normal2Var",26493,1000,100,100,2.5,3,5,0,0.906,0.882227553191478,0.929772446808522,0.971,0.960599249334784,0.981400750665216,0.984,0.977472852261516,0.990527147738484
"Yuenbt","Normal2Var",323247,1000,100,100,0.5,1,5,0,0.044,0.0272928972690056,0.0607071027309944,0.144,0.122239232954696,0.165760767045304,0.238,0.215847034737986,0.260152965262014
"Yuenbt","Normal2Var",241884792,1000,100,100,1.5,1,5,0,0.509,0.468276462553653,0.549723537446347,0.777,0.751200041209335,0.802799958790665,0.863,0.845113243956072,0.880886756043928
"Yuenbt","Normal2Var",17106,1000,100,100,2,1,5,0,0.813,0.781237700633361,0.844762299366639,0.935,0.919720168849101,0.9502798311509,0.972,0.963418206690907,0.980581793309093
"Yuenbt","Normal2Var",836814,1000,100,100,2.5,1,5,0,0.969,0.954881498830825,0.983118501169175,0.992,0.986478502232184,0.997521497767816,0.999,0.997355822705728,1.00064417729427
"Yuenbt","Normal2Var",21600,1000,10,100,0,1,2,1,0.018,0.00716976562691277,0.0288302343730872,0.071,0.05508183131136,0.08691816868864,0.117,0.10027988789586,0.13372011210414
"Yuenbt","Normal2Var",49364736,1000,10,100,0,3,5,1,0.014,0.00442919794876103,0.023570802051239,0.036,0.0244536202037175,0.0475463797962825,0.074,0.060382817578515,0.087617182421485
"Yuenbt","Normal2Var",252562,1000,10,100,0,1,5,1,0.009,0.00130685460010016,0.0166931453998998,0.051,0.0373643995951773,0.0646356004048227,0.097,0.0816044345418884,0.112395565458112
"Yuenbt","Normal2Var",1975215,1000,10,100,0.5,1,2,0,0.092,0.0684558673139994,0.115544132686001,0.232,0.205837413705828,0.258162586294172,0.343,0.318305761000286,0.367694238999714
"Yuenbt","Normal2Var",695366,1000,10,100,1.5,1,2,0,0.67,0.631696343861193,0.708303656138807,0.888,0.868453384702205,0.907546615297795,0.948,0.936450272366848,0.959549727633152
"Yuenbt","Normal2Var",719463,1000,10,100,2,1,2,0,0.85,0.820912864699321,0.879087135300679,0.965,0.9536092124943,0.9763907875057,0.986,0.979888210646627,0.992111789353373
"Yuenbt","Normal2Var",2328739,1000,10,100,2.5,1,2,0,0.947,0.92875017169352,0.96524982830648,0.996,0.992087847855719,0.999912152144281,0.999,0.997355822705728,1.00064417729427
"Yuenbt","Normal2Var",27173311,1000,10,100,0.5,3,5,0,0.021,0.00931989217584016,0.0326801078241598,0.073,0.0568765725231885,0.0891234274768115,0.122,0.10497476655373,0.13902523344627
"Yuenbt","Normal2Var",6585712,1000,10,100,1.5,3,5,0,0.094,0.0702275531914782,0.117772446808522,0.232,0.205837413705828,0.258162586294172,0.348,0.323221254099531,0.372778745900469
"Yuenbt","Normal2Var",242989943,1000,10,100,2,3,5,0,0.175,0.144047776170362,0.205952223829638,0.343,0.313577076936511,0.372422923063489,0.465,0.439054068346367,0.490945931653633
"Yuenbt","Normal2Var",113706,1000,10,100,2.5,3,5,0,0.244,0.209013405652107,0.278986594347893,0.477,0.446042484053141,0.507957515946859,0.607,0.581592816571391,0.632407183428609
"Yuenbt","Normal2Var",10368154,1000,10,100,0.5,1,5,0,0.035,0.0200292507067949,0.0499707492932051,0.13,0.109155697181244,0.150844302818756,0.197,0.17631017639575,0.21768982360425
"Yuenbt","Normal2Var",20231073,1000,10,100,1.5,1,5,0,0.345,0.306276370500688,0.383723629499312,0.599,0.568623224687271,0.629376775312729,0.719,0.69561790033006,0.74238209966994
"Yuenbt","Normal2Var",32317,1000,10,100,2,1,5,0,0.66,0.621411554392539,0.698588445607461,0.873,0.852362121388088,0.893637878611912,0.928,0.914553596525465,0.941446403474536
"Yuenbt","Normal2Var",127260629,1000,10,100,2.5,1,5,0,0.875,0.848059547145603,0.901940452854397,0.97,0.959426894495939,0.980573105504061,0.99,0.98482412833428,0.99517587166572
