"method","distribution","seed","N","n1","n2","delta","rate1","null","power0.01","l_CI","u_CI","power0.05","l_CI","u_CI","power0.10","l_CI","u_CI","ct_0.10","ct_0.05","ct_0.01"
"CVM","Exp",70377973,10000,10,10,0,1,1,0.0084,0.00604899387398841,0.0107510061260116,0.0453,0.0412239581570352,0.0493760418429648,0.0942,0.0893948437765355,0.0990051562234645,942,453,84
"CVM","Exp",151946,10000,10,10,0,0.5,1,0.0093,0.00682737409756834,0.0117726259024317,0.049,0.044768986901462,0.053231013098538,0.0975,0.0926203146890014,0.102379685310999,975,490,93
"CVM","Exp",221934,10000,10,10,0,0.25,1,0.01,0.00743691236201335,0.0125630876379867,0.0476,0.0434267995928305,0.0517732004071695,0.0949,0.090078887220882,0.099721112779118,949,476,100
"CVM","Exp",25447544,10000,10,10,0,0.125,1,0.0113,0.00857718993386318,0.0140228100661368,0.0512,0.0468800532862546,0.0555199467137454,0.1019,0.0969235993001995,0.106876400699801,1019,512,113
"CVM","Exp",9244707,10000,10,10,0.5,1,0,0.1294,0.120753858709363,0.138046141290637,0.3437,0.334391128409437,0.353008871590563,0.4828,0.474579868008578,0.491020131991422,4828,3437,1294
"CVM","Exp",551316,10000,10,10,0.5,0.5,0,0.0319,0.0273730957334549,0.0364269042665451,0.1214,0.114998805635946,0.127801194364054,0.2041,0.197469952238334,0.210730047761666,2041,1214,319
"CVM","Exp",86274610,10000,10,10,0.5,0.25,0,0.0158,0.0125877001123905,0.0190122998876095,0.0705,0.0654826392635171,0.0755173607364829,0.1297,0.124173242845866,0.135226757154134,1297,705,158
"CVM","Exp",1957704,10000,10,10,0.5,0.125,0,0.0086,0.00622141025800917,0.0109785897419908,0.0545,0.0500507676212632,0.0589492323787368,0.1096,0.10446117586664,0.11473882413336,1096,545,86
"CVM","Exp",26447578,10000,10,10,1,1,0,0.5113,0.498423289714517,0.524176710285483,0.78,0.771880772450535,0.788119227549466,0.8788,0.873431385298571,0.884168614701429,8788,7800,5113
"CVM","Exp",1165293,10000,10,10,1,0.5,0,0.1361,0.127267031975383,0.144932968024617,0.3371,0.327834700612803,0.346365299387197,0.4778,0.469583111217505,0.486016888782495,4778,3371,1361
"CVM","Exp",137881988,10000,10,10,1,0.25,0,0.0333,0.0286781714100222,0.0379218285899778,0.124,0.117540201563516,0.130459798436484,0.2063,0.199643534178201,0.212956465821799,2063,1240,333
"CVM","Exp",722491,10000,10,10,1,0.125,0,0.0157,0.0124977190820642,0.0189022809179358,0.0663,0.0614234069546865,0.0711765930453135,0.1294,0.123878686947555,0.134921313052445,1294,663,157
"CVM","Exp",25049,10000,10,10,1.5,1,0,0.814,0.803976612201935,0.824023387798065,0.9496,0.945312129184036,0.953887870815964,0.9825,0.9803429947301,0.9846570052699,9825,9496,8140
"CVM","Exp",601094,10000,10,10,1.5,0.5,0,0.3089,0.296997854383587,0.320802145616413,0.5794,0.569724354436917,0.589075645563083,0.7191,0.711706732562529,0.726493267437471,7191,5794,3089
"CVM","Exp",1436266,10000,10,10,1.5,0.25,0,0.0756,0.0687901628736023,0.0824098371263977,0.2225,0.214347866598246,0.230652133401754,0.3374,0.329622067726761,0.345177932273239,3374,2225,756
"CVM","Exp",144265144,10000,10,10,1.5,0.125,0,0.0236,0.0196896489697338,0.0275103510302662,0.0939,0.0881828849402518,0.0996171150597482,0.1646,0.15850002502701,0.17069997497299,1646,939,236
"CVM","Exp",63077678,10000,10,10,2,1,0,0.9396,0.933463286727996,0.945736713272003,0.9894,0.987392780086189,0.991407219913811,0.9974,0.996562302425036,0.998237697574964,9974,9894,9396
"CVM","Exp",4303580,10000,10,10,2,0.5,0,0.5144,0.501525342701692,0.527274657298307,0.777,0.768841336668302,0.785158663331698,0.8801,0.874756306941452,0.885443693058548,8801,7770,5144
"CVM","Exp",2227252,10000,10,10,2,0.25,0,0.1323,0.123572083564235,0.141027916435765,0.3374,0.328132676440396,0.346667323559604,0.4747,0.466485536228957,0.482914463771043,4747,3374,1323
"CVM","Exp",62895,10000,10,10,2,0.125,0,0.0322,0.0276525639178526,0.0367474360821474,0.1211,0.114705628339985,0.127494371660015,0.2075,0.200829251177014,0.214170748822986,2075,1211,322
"CVM","Exp",290148098,10000,10,10,2.5,1,0,0.9834,0.980108718681646,0.986691281318354,0.9977,0.996761098624136,0.998638901375864,0.9997,0.999415120383714,0.999984879616286,9997,9977,9834
"CVM","Exp",2181572,10000,10,10,2.5,0.5,0,0.6787,0.66667070581328,0.69072929418672,0.8875,0.881306779916715,0.893693220083285,0.9466,0.942901549752248,0.950298450247752,9466,8875,6787
"CVM","Exp",8717139,10000,10,10,2.5,0.25,0,0.2176,0.206971065638615,0.228228934361385,0.4613,0.451529398820461,0.471070601179539,0.6069,0.598865182941412,0.614934817058588,6069,4613,2176
"CVM","Exp",35489290,10000,10,10,2.5,0.125,0,0.0493,0.0437231230102345,0.0548768769897655,0.1673,0.159984427407673,0.174615572592327,0.2749,0.2675556692872,0.2822443307128,2749,1673,493
"CVM","Exp",616239,10000,10,10,5,1,0,1,1,1,1,1,1,1,1,1,10000,10000,10000
"CVM","Exp",85114011,10000,10,10,5,0.5,0,0.9834,0.980108718681646,0.986691281318354,0.9986,0.997867148687386,0.999332851312614,0.9997,0.999415120383714,0.999984879616286,9997,9986,9834
"CVM","Exp",36072765,10000,10,10,5,0.25,0,0.6792,0.667175642577704,0.691224357422296,0.889,0.882843010099083,0.895156989900918,0.9502,0.946621606578938,0.953778393421062,9502,8890,6792
"CVM","Exp",16482722,10000,10,10,5,0.12,0,0.1965,0.186264240418298,0.206735759581702,0.4403,0.430570106928357,0.450029893071643,0.5834,0.575290226077436,0.591509773922564,5834,4403,1965
"CVM","Exp",259433812,10000,10,10,0,1.5,1,0.0089,0.00648064499126234,0.0113193550087377,0.0428,0.0388328437961683,0.0467671562038317,0.0901,0.0853899541988453,0.0948100458011547,901,428,89
"CVM","Exp",229291,10000,10,10,0.5,1.5,0,0.3089,0.296997854383587,0.320802145616413,0.5845,0.574840962700145,0.594159037299856,0.7254,0.718058159516096,0.732741840483905,7254,5845,3089
"CVM","Exp",13391763,10000,10,10,1,1.5,0,0.8177,0.807754280837381,0.827645719162619,0.9492,0.944896054212981,0.953503945787019,0.98,0.977697,0.982303,9800,9492,8177
"CVM","Exp",5023087,10000,10,10,1.5,1.5,0,0.9712,0.966891794216213,0.975508205783787,0.9968,0.995693031978059,0.997906968021941,0.9995,0.999132258787495,0.999867741212506,9995,9968,9712
"CVM","Exp",1135792,10000,10,10,2,1.5,0,0.9956,0.993895038247448,0.997304961752552,0.9996,0.999208078407842,0.999991921592158,1,1,1,10000,9996,9956
"CVM","Exp",35819872,10000,10,10,2.5,1.5,0,0.9994,0.998769200767229,1.00003079923277,1,1,1,1,1,1,10000,10000,9994
"CVM","Exp",4352179,10000,10,10,5,1.5,0,1,1,1,1,1,1,1,1,1,10000,10000,10000
"CVM","Exp",59028,10000,20,20,0,1,1,0.0107,0.00804965901805522,0.0133503409819448,0.0514,0.0470720803327234,0.0557279196672767,0.0976,0.092718083416362,0.102481916583638,976,514,107
"CVM","Exp",65943,10000,20,20,0,0.5,1,0.0098,0.00726241640782102,0.012337583592179,0.0476,0.0434267995928305,0.0517732004071695,0.098,0.0931091740380586,0.102890825961941,980,476,98
"CVM","Exp",2409613,10000,20,20,0,0.25,1,0.0106,0.00796193954184822,0.0132380604581518,0.0512,0.0468800532862546,0.0555199467137454,0.1022,0.0972171117126811,0.107182888287319,1022,512,106
"CVM","Exp",155846661,10000,20,20,0,0.125,1,0.0099,0.00734963120325236,0.0124503687967476,0.0511,0.0467840466213825,0.0554159533786175,0.1009,0.095945321442114,0.105854678557886,1009,511,99
"CVM","Exp",10163034,10000,20,20,0.5,1,0,0.3651,0.352697636991306,0.377502363008694,0.6329,0.623452523692837,0.642347476307163,0.7659,0.758934494429191,0.772865505570809,7659,6329,3651
"CVM","Exp",54812,10000,20,20,0.5,0.5,0,0.0828,0.0757010674445508,0.0898989325554492,0.2298,0.221554199168449,0.238045800831551,0.3417,0.333898101082507,0.349501898917493,3417,2298,828
"CVM","Exp",289464,10000,20,20,0.5,0.25,0,0.0244,0.02042555338694,0.02837444661306,0.0876,0.0820588390784602,0.0931411609215398,0.1612,0.155151082909115,0.167248917090885,1612,876,244
"CVM","Exp",3966830,10000,20,20,0.5,0.125,0,0.0146,0.0115102128295328,0.0176897871704672,0.0614,0.0566947735265558,0.0661052264734442,0.115,0.109752089040628,0.120247910959372,1150,614,146
"CVM","Exp",126174,10000,20,20,1,1,0,0.9122,0.904909821693949,0.919490178306051,0.9822,0.979608411540078,0.984791588459922,0.9939,0.992619138519989,0.995180861480011,9939,9822,9122
"CVM","Exp",116161,10000,20,20,1,0.5,0,0.3597,0.347337456620921,0.372062543379079,0.6306,0.621140209899665,0.640059790100335,0.7606,0.75358050068715,0.76761949931285,7606,6306,3597
"CVM","Exp",109044,10000,20,20,1,0.25,0,0.0761,0.0692695287038811,0.0829304712961189,0.217,0.208920828646451,0.225079171353549,0.3401,0.332306935290017,0.347893064709983,3401,2170,761
"CVM","Exp",131417401,10000,20,20,1,0.125,0,0.0233,0.0194139855331283,0.0271860144668717,0.092,0.0863350913723168,0.0976649086276832,0.1621,0.156037475524753,0.168162524475247,1621,920,233
"CVM","Exp",52914,10000,20,20,1.5,1,0,0.9957,0.994014439520463,0.997385560479537,0.9995,0.99906184025744,0.99993815974256,0.9998,0.999567385133966,1.00003261486603,9998,9995,9957
"CVM","Exp",94376,10000,20,20,1.5,0.5,0,0.711,0.699323045702307,0.722676954297693,0.9012,0.895351491368768,0.907048508631232,0.9534,0.949932659962579,0.956867340037421,9534,9012,7110
"CVM","Exp",23959,10000,20,20,1.5,0.25,0,0.185,0.17499745469193,0.19500254530807,0.4255,0.415809395480157,0.435190604519843,0.5695,0.561354845165721,0.577645154834279,5695,4255,1850
"CVM","Exp",59649,10000,20,20,1.5,0.125,0,0.0456,0.0402260515594524,0.0509739484405476,0.1511,0.144080332033037,0.158119667966963,0.2454,0.238321168383759,0.252478831616242,2454,1511,456
"CVM","Exp",83876208,10000,20,20,2,1,0,0.9998,0.999435735018296,1.0001642649817,1,1,1,1,1,1,10000,10000,9998
"CVM","Exp",379894,10000,20,20,2,0.5,0,0.9142,0.906985435655791,0.921414564344209,0.982,0.979394158070796,0.984605841929204,0.9933,0.991958027793218,0.994641972206782,9933,9820,9142
"CVM","Exp",11515364,10000,20,20,2,0.25,0,0.3628,0.350414390550723,0.375185609449277,0.6365,0.627072262475015,0.645927737524984,0.7655,0.758530366786955,0.772469633213045,7655,6365,3628
"CVM","Exp",427959,10000,20,20,2,0.125,0,0.0736,0.0668735791059506,0.0803264208940494,0.2246,0.216420554827227,0.232779445172773,0.3419,0.334097003752085,0.349702996247915,3419,2246,736
"CVM","Exp",19938,10000,20,20,2.5,1,0,1,1,1,1,1,1,1,1,1,10000,10000,10000
"CVM","Exp",11951173,10000,20,20,2.5,0.5,0,0.9772,0.973354923264691,0.981045076735309,0.9974,0.996401892251107,0.998398107748893,0.9996,0.999271065806581,0.999928934193419,9996,9974,9772
"CVM","Exp",14055192,10000,20,20,2.5,0.25,0,0.5501,0.537284820969326,0.562915179030674,0.7988,0.79094241500144,0.80665758499856,0.8862,0.880976003152767,0.891423996847233,8862,7988,5501
"CVM","Exp",36334,10000,20,20,2.5,0.125,0,0.1208,0.11240495234968,0.12919504765032,0.309,0.299943209230638,0.318056790769362,0.4453,0.437124368038752,0.453475631961248,4453,3090,1208
"CVM","Exp",94832642,10000,20,20,5,1,0,1,1,1,1,1,1,1,1,1,10000,10000,10000
"CVM","Exp",147221,10000,20,20,5,0.5,0,1,1,1,1,1,1,1,1,1,10000,10000,10000
"CVM","Exp",5296544,10000,20,20,5,0.25,0,0.9818,0.97835655566681,0.98524344433319,0.9965,0.995342479356556,0.997657520643444,0.9985,0.99786337224819,0.99913662775181,9985,9965,9818
"CVM","Exp",799248,10000,20,20,5,0.12,0,0.5148,0.501925643706868,0.527674356293132,0.7755,0.767321848622091,0.783678151377909,0.8683,0.862737196870841,0.873862803129158,8683,7755,5148
"CVM","Exp",66965062,10000,20,20,0,1.5,1,0.0114,0.00866530694682127,0.0141346930531787,0.052,0.0476482703025119,0.0563517296974881,0.0997,0.0947715868633225,0.104628413136677,997,520,114
"CVM","Exp",914531,10000,20,20,0.5,1.5,0,0.7058,0.694061623910543,0.717538376089457,0.8971,0.891144966799891,0.903055033200109,0.9493,0.945691126806083,0.952908873193917,9493,8971,7058
"CVM","Exp",108208,10000,20,20,1,1.5,0,0.9959,0.994253940031304,0.997546059968696,0.9994,0.998920044062022,0.999879955937978,0.9999,0.999735508225206,1.00006449177479,9999,9994,9959
"CVM","Exp",4118974,10000,20,20,1.5,1.5,0,1,1,1,1,1,1,1,1,1,10000,10000,10000
"CVM","Exp",1405767,10000,20,20,2,1.5,0,1,1,1,1,1,1,1,1,1,10000,10000,10000
"CVM","Exp",2875148,10000,20,20,2.5,1.5,0,1,1,1,1,1,1,1,1,1,10000,10000,10000
"CVM","Exp",3197432,10000,20,20,5,1.5,0,1,1,1,1,1,1,1,1,1,10000,10000,10000
"CVM","Exp",18918646,10000,100,100,0,1,1,0.0093,0.00682737409756834,0.0117726259024317,0.0504,0.0461121291840355,0.0546878708159645,0.1039,0.0988805987472633,0.108919401252737,1039,504,93
"CVM","Exp",1221228,10000,100,100,0,0.5,1,0.0103,0.00769914430765258,0.0129008556923474,0.0512,0.0468800532862546,0.0555199467137454,0.1006,0.0956518673438256,0.105548132656174,1006,512,103
"CVM","Exp",3916640,10000,100,100,0,0.25,1,0.0108,0.00813743762725904,0.013462562372741,0.0487,0.0444812936141988,0.0529187063858012,0.0974,0.0925225475371768,0.102277452462823,974,487,108
"CVM","Exp",155147,10000,100,100,0,0.125,1,0.0099,0.00734963120325236,0.0124503687967476,0.0483,0.0440977714272543,0.0525022285727457,0.1026,0.0976084823022351,0.107591517697765,1026,483,99
"CVM","Exp",26857365,10000,100,100,0.5,1,0,0.9986,0.997636823989136,0.999563176010864,1,1,1,1,1,1,10000,10000,9986
"CVM","Exp",40584,10000,100,100,0.5,0.5,0,0.6183,0.605785700000338,0.630814299999662,0.8545,0.847588956897834,0.861411043102166,0.9325,0.928372926447303,0.936627073552697,9325,8545,6183
"CVM","Exp",4101339,10000,100,100,0.5,0.25,0,0.1167,0.108429430758458,0.124970569241542,0.3046,0.29557933896134,0.31362066103866,0.4406,0.432433247771415,0.448766752228585,4406,3046,1167
"CVM","Exp",1737353,10000,100,100,0.5,0.125,0,0.0244,0.02042555338694,0.02837444661306,0.1083,0.102209125053196,0.114390874946804,0.1897,0.18325055286627,0.19614944713373,1897,1083,244
"CVM","Exp",233125,10000,100,100,1,1,0,1,1,1,1,1,1,1,1,1,10000,10000,10000
"CVM","Exp",225036076,10000,100,100,1,0.5,0,0.9987,0.997771813901281,0.99962818609872,1,1,1,1,1,1,10000,10000,9987
"CVM","Exp",69692,10000,100,100,1,0.25,0,0.6144,0.601861661949809,0.626938338050191,0.8597,0.852892958940509,0.866507041059491,0.9316,0.927447509064718,0.935752490935282,9316,8597,6144
"CVM","Exp",355583,10000,100,100,1,0.125,0,0.1243,0.115801170868468,0.132798829131532,0.3075,0.298455417588412,0.316544582411588,0.4429,0.43472880976216,0.45107119023784,4429,3075,1243
"CVM","Exp",307166,10000,100,100,1.5,1,0,1,1,1,1,1,1,1,1,1,10000,10000,10000
"CVM","Exp",286647,10000,100,100,1.5,0.5,0,1,1,1,1,1,1,1,1,1,10000,10000,10000
"CVM","Exp",87097190,10000,100,100,1.5,0.25,0,0.9577,0.952515214593052,0.962884785406948,0.9938,0.992261486142539,0.995338513857461,0.9985,0.99786337224819,0.99913662775181,9985,9938,9577
"CVM","Exp",640245,10000,100,100,1.5,0.125,0,0.3282,0.316104184695632,0.340295815304368,0.6074,0.59782875104292,0.61697124895708,0.7459,0.738738425100093,0.753061574899907,7459,6074,3282
"CVM","Exp",103150,10000,100,100,2,1,0,1,1,1,1,1,1,1,1,1,10000,10000,10000
"CVM","Exp",73485,10000,100,100,2,0.5,0,1,1,1,1,1,1,1,1,1,10000,10000,10000
"CVM","Exp",34587586,10000,100,100,2,0.25,0,0.9991,0.998327547838281,0.999872452161719,0.9999,0.999704009800245,1.00009599019976,1,1,1,10000,9999,9991
"CVM","Exp",54244,10000,100,100,2,0.125,0,0.6161,0.603572035353726,0.628627964646274,0.8545,0.847588956897834,0.861411043102166,0.9277,0.923439713271648,0.931960286728352,9277,8545,6161
"CVM","Exp",28102,10000,100,100,2.5,1,0,1,1,1,1,1,1,1,1,1,10000,10000,10000
"CVM","Exp",13734710,10000,100,100,2.5,0.5,0,1,1,1,1,1,1,1,1,1,10000,10000,10000
"CVM","Exp",29687975,10000,100,100,2.5,0.25,0,1,1,1,1,1,1,1,1,1,10000,10000,10000
"CVM","Exp",1022218,10000,100,100,2.5,0.125,0,0.8507,0.841519549802816,0.859880450197184,0.9661,0.962552952849707,0.969647047150293,0.9875,0.98567236502294,0.989327634977061,9875,9661,8507
"CVM","Exp",265643886,10000,100,100,5,1,0,1,1,1,1,1,1,1,1,1,10000,10000,10000
"CVM","Exp",1381585,10000,100,100,5,0.5,0,1,1,1,1,1,1,1,1,1,10000,10000,10000
"CVM","Exp",3327758,10000,100,100,5,0.25,0,1,1,1,1,1,1,1,1,1,10000,10000,10000
"CVM","Exp",518425,10000,100,100,5,0.12,0,0.9999,0.999642412880322,1.00015758711968,1,1,1,1,1,1,10000,10000,9999
"CVM","Exp",189415,10000,100,100,0,1.5,1,0.0111,0.00840112023907993,0.0137988797609201,0.0532,0.0488011311679478,0.0575988688320522,0.1002,0.0952606163769252,0.105139383623075,1002,532,111
"CVM","Exp",58952965,10000,100,100,0.5,1.5,0,1,1,1,1,1,1,1,1,1,10000,10000,10000
"CVM","Exp",1380933,10000,100,100,1,1.5,0,1,1,1,1,1,1,1,1,1,10000,10000,10000
"CVM","Exp",53641,10000,100,100,1.5,1.5,0,1,1,1,1,1,1,1,1,1,10000,10000,10000
"CVM","Exp",6836710,10000,100,100,2,1.5,0,1,1,1,1,1,1,1,1,1,10000,10000,10000
"CVM","Exp",659914,10000,100,100,2.5,1.5,0,1,1,1,1,1,1,1,1,1,10000,10000,10000
"CVM","Exp",27429890,10000,100,100,5,1.5,0,1,1,1,1,1,1,1,1,1,10000,10000,10000
"CVM","Exp",7346785,10000,10,100,0,1,1,0.008,0.00570519024021598,0.010294809759784,0.0474,0.043235138816431,0.051564861183569,0.0965,0.0916427144288837,0.101357285571116,965,474,80
"CVM","Exp",8184121,10000,10,100,0,0.5,1,0.01,0.00743691236201335,0.0125630876379867,0.0489,0.0446730842489588,0.0531269157510412,0.098,0.0931091740380586,0.102890825961941,980,489,100
"CVM","Exp",1178538,10000,10,100,0,0.25,1,0.01,0.00743691236201335,0.0125630876379867,0.0498,0.0455363823068197,0.0540636176931803,0.1013,0.0963366146349719,0.106263385365028,1013,498,100
"CVM","Exp",24850368,10000,10,100,0,0.125,1,0.0095,0.00700118041435561,0.0119988195856444,0.047,0.0428518786710126,0.0511481213289874,0.092,0.0872455231160516,0.0967544768839484,920,470,95
"CVM","Exp",73287,10000,10,100,0.5,1,0,0.3512,0.338903584409095,0.363496415590905,0.569,0.559293764156997,0.578706235843003,0.6818,0.67413795870359,0.68946204129641,6818,5690,3512
"CVM","Exp",25641929,10000,10,100,0.5,0.5,0,0.1049,0.0970065042158861,0.112793495784114,0.2472,0.238744873496771,0.255655126503229,0.3483,0.340462699480448,0.356137300519552,3483,2472,1049
"CVM","Exp",292466748,10000,10,100,0.5,0.25,0,0.0347,0.0299854336819156,0.0394145663180844,0.1081,0.102014069334736,0.114185930665264,0.1801,0.17377874657572,0.18642125342428,1801,1081,347
"CVM","Exp",2338972,10000,10,100,0.5,0.125,0,0.0161,0.0128578412422733,0.0193421587577267,0.0668,0.0619063639406266,0.0716936360593734,0.1306,0.125056968984112,0.136143031015888,1306,668,161
"CVM","Exp",53662,10000,10,100,1,1,0,0.818,0.808060644951628,0.827939355048372,0.9268,0.921694895640479,0.931905104359521,0.9593,0.956049573656461,0.962550426343539,9593,9268,8180
"CVM","Exp",53586031,10000,10,100,1,0.5,0,0.3557,0.343368047110868,0.368031952889132,0.5645,0.5547818829828,0.5742181170172,0.6761,0.668402018833098,0.683797981166902,6761,5645,3557
"CVM","Exp",67133504,10000,10,100,1,0.25,0,0.1015,0.0937207465608582,0.109279253439142,0.2361,0.227776186904645,0.244423813095355,0.3373,0.32952263362392,0.34507736637608,3373,2361,1015
"CVM","Exp",340082,10000,10,100,1,0.125,0,0.0349,0.0301723563916657,0.0396276436083343,0.1092,0.103086956380198,0.115313043619802,0.1811,0.174765088340713,0.187434911659287,1811,1092,349
"CVM","Exp",820817,10000,10,100,1.5,1,0,0.9651,0.960372356391666,0.969827643608334,0.9909,0.989038805837533,0.992761194162467,0.9967,0.995756579951042,0.997643420048958,9967,9909,9651
"CVM","Exp",22936,10000,10,100,1.5,0.5,0,0.6306,0.618167133010988,0.643032866989012,0.8064,0.798655667207151,0.814144332792849,0.8782,0.872819950607299,0.883580049392701,8782,8064,6306
"CVM","Exp",230324,10000,10,100,1.5,0.25,0,0.219,0.208346472456205,0.229653527543795,0.4062,0.396573994011554,0.415826005988446,0.526,0.517786127727436,0.534213872272564,5260,4062,2190
"CVM","Exp",14386873,10000,10,100,1.5,0.125,0,0.0619,0.0556925139652139,0.0681074860347861,0.1695,0.16214621817294,0.17685378182706,0.2572,0.250009860243611,0.264390139756389,2572,1695,619
"CVM","Exp",36185145,10000,10,100,2,1,0,0.9946,0.992712152252648,0.996487847747353,0.9993,0.998781614273345,0.999818385726655,0.9998,0.999567385133966,1.00003261486603,9998,9993,9946
"CVM","Exp",81979560,10000,10,100,2,0.5,0,0.8169,0.80693735904804,0.82686264095196,0.9275,0.922417445622524,0.932582554377476,0.9619,0.958750849963089,0.965049150036911,9619,9275,8169
"CVM","Exp",502507,10000,10,100,2,0.25,0,0.3466,0.334341150792552,0.358858849207448,0.5599,0.550170579149898,0.569629420850102,0.6746,0.666892778419489,0.682307221580511,6746,5599,3466
"CVM","Exp",45248165,10000,10,100,2,0.125,0,0.0995,0.0917892032146088,0.107210796785391,0.237,0.22866525123594,0.24533474876406,0.3383,0.330516992149639,0.346083007850361,3383,2370,995
"CVM","Exp",26838,10000,10,100,2.5,1,0,0.999,0.99818580467798,0.99981419532202,0.9999,0.999704009800245,1.00009599019976,1,1,1,10000,9999,9990
"CVM","Exp",846546,10000,10,100,2.5,0.5,0,0.9239,0.917069528703881,0.930730471296119,0.9781,0.975231401557833,0.980968598442166,0.9905,0.988904286405906,0.992095713594094,9905,9781,9239
"CVM","Exp",878321,10000,10,100,2.5,0.25,0,0.5041,0.491220433032879,0.516979566967121,0.7071,0.69818017824761,0.716019821752389,0.7992,0.792610150531734,0.805789849468266,7992,7071,5041
"CVM","Exp",4082271,10000,10,100,2.5,0.125,0,0.1552,0.145872426718289,0.164527573281711,0.3288,0.319592368082422,0.338007631917578,0.435,0.426844797400585,0.443155202599415,4350,3288,1552
"CVM","Exp",623063,10000,10,100,5,1,0,1,1,1,1,1,1,1,1,1,10000,10000,10000
"CVM","Exp",129843150,10000,10,100,5,0.5,0,0.9991,0.998327547838281,0.999872452161719,0.9999,0.999704009800245,1.00009599019976,1,1,1,10000,9999,9991
"CVM","Exp",7511265,10000,10,100,5,0.25,0,0.9165,0.909373843905835,0.923626156094165,0.9727,0.969506059268928,0.975893940731072,0.9885,0.986746106739458,0.990253893260542,9885,9727,9165
"CVM","Exp",1750173,10000,10,100,5,0.12,0,0.469,0.456144779195735,0.481855220804265,0.6784,0.669245028197182,0.687554971802818,0.7753,0.768434023218014,0.782165976781986,7753,6784,4690
"CVM","Exp",325555,10000,10,100,0,1.5,1,0.0096,0.00708818996570521,0.0121118100342948,0.0486,0.0443854056605173,0.0528145943394827,0.0985,0.0935980725072299,0.10340192749277,985,486,96
"CVM","Exp",19657,10000,10,100,0.5,1.5,0,0.6234,0.61091842428692,0.63588157571308,0.8025,0.794696990388318,0.810303009611682,0.8811,0.875775615257988,0.886424384742012,8811,8025,6234
"CVM","Exp",360117,10000,10,100,1,1.5,0,0.9668,0.962184877623922,0.971415122376078,0.9917,0.989921780885942,0.993478219114058,0.9969,0.995985523504963,0.997814476495037,9969,9917,9668
"CVM","Exp",358206,10000,10,100,1.5,1.5,0,0.9985,0.997503068031208,0.999496931968792,1,1,1,1,1,1,10000,10000,9985
"CVM","Exp",75824,10000,10,100,2,1.5,0,0.9998,0.999435735018296,1.0001642649817,1,1,1,1,1,1,10000,10000,9998
"CVM","Exp",27275,10000,10,100,2.5,1.5,0,1,1,1,1,1,1,1,1,1,10000,10000,10000
"CVM","Exp",68889,10000,10,100,5,1.5,0,1,1,1,1,1,1,1,1,1,10000,10000,10000
