"method","distribution","seed","N","n1","n2","delta","sd","null","power0.01","l_CI","u_CI","power0.05","l_CI","u_CI","power0.10","l_CI","u_CI","ct_0.10","ct_0.05","ct_0.01"
"Yuen","Normal",79162614,10000,10,10,0,1,1,0.0103,0.00769914430765258,0.0129008556923474,0.0468,0.0426602795503078,0.0509397204496922,0.0938,0.0890039980567247,0.0985960019432753,938,468,103
"Yuen","Normal",38387469,10000,10,10,0,3,1,0.0113,0.00857718993386318,0.0140228100661368,0.0509,0.0465920470719378,0.0552079529280622,0.0963,0.0914472134755612,0.101152786524439,963,509,113
"Yuen","Normal",2296636,10000,10,10,0,5,1,0.0085,0.00613516044552701,0.010864839554473,0.0468,0.0426602795503078,0.0509397204496922,0.0966,0.0917404673028058,0.101459532697194,966,468,85
"Yuen","Normal",151203871,10000,10,10,0.5,1,0,0.0446,0.0392825194931073,0.0499174805068927,0.1505,0.143491807653895,0.157508192346105,0.2457,0.23861825092687,0.25278174907313,2457,1505,446
"Yuen","Normal",13599937,10000,10,10,1.5,1,0,0.4776,0.464732931829534,0.490467068170466,0.7898,0.781813968996203,0.797786031003797,0.8879,0.88271019862731,0.89308980137269,8879,7898,4776
"Yuen","Normal",45966054,10000,10,10,2,1,0,0.7694,0.758549453782668,0.780250546217332,0.9575,0.953546152380276,0.961453847619724,0.985,0.983000462069002,0.986999537930998,9850,9575,7694
"Yuen","Normal",3379677,10000,10,10,2.5,1,0,0.9343,0.927917780774262,0.940682219225738,0.994,0.992486352009217,0.995513647990783,0.9989,0.99835471537618,0.99944528462382,9989,9940,9343
"Yuen","Normal",48557721,10000,10,10,0.5,3,0,0.0115,0.00875347778774684,0.0142465222122532,0.0554,0.0509163167491001,0.0598836832508999,0.1079,0.102796320494195,0.113003679505805,1079,554,115
"Yuen","Normal",64626,10000,10,10,1.5,3,0,0.0468,0.0413592245518331,0.0522407754481669,0.1524,0.145355599667935,0.159444400332065,0.2482,0.241094118650871,0.255305881349129,2482,1524,468
"Yuen","Normal",2745102,10000,10,10,2,3,0,0.0762,0.0693654122582078,0.0830345877417922,0.2346,0.226294528272615,0.242905471727385,0.3563,0.348422007409132,0.364177992590868,3563,2346,762
"Yuen","Normal",14192154,10000,10,10,2.5,3,0,0.1265,0.117937066405116,0.135062933594884,0.3354,0.326146249859954,0.344653750140046,0.4845,0.476278953062451,0.492721046937548,4845,3354,1265
"Yuen","Normal",1117773,10000,10,10,0.5,5,0,0.012,0.00919511568409676,0.0148048843159032,0.0563,0.0517821974490246,0.0608178025509754,0.1115,0.10632235760028,0.11667764239972,1115,563,120
"Yuen","Normal",538961,10000,10,10,1.5,5,0,0.0223,0.0184963451818947,0.0261036548181053,0.0835,0.0780779247109617,0.0889220752890383,0.1538,0.147865548559479,0.159734451440521,1538,835,223
"Yuen","Normal",417992,10000,10,10,2,5,0,0.0352,0.0304528184856174,0.0399471815143826,0.1206,0.114217027756413,0.126982972243587,0.2035,0.196877209774621,0.210122790225379,2035,1206,352
"Yuen","Normal",10977485,10000,10,10,2.5,5,0,0.0415,0.0363623328369385,0.0466376671630615,0.1508,0.143786065031838,0.157813934968162,0.2441,0.237033864443561,0.251166135556439,2441,1508,415
"Yuen","Normal",22915429,10000,10,10,1,1,0,0.194,0.183813752023125,0.204186247976875,0.4549,0.445139948016614,0.464660051983386,0.6092,0.601173556976817,0.617226443023183,6092,4549,1940
"Yuen","Normal",84123,10000,10,10,1,3,0,0.0243,0.0203335028371401,0.0282664971628599,0.0955,0.089739475305148,0.101260524694852,0.1692,0.163032426616213,0.175367573383787,1692,955,243
"Yuen","Normal",145674,10000,10,10,1,5,0,0.0121,0.00928359545455842,0.0149164045454416,0.0595,0.0548634606051496,0.0641365393948504,0.1195,0.114164015798433,0.124835984201567,1195,595,121
"Yuen","Normal",18161,10000,10,10,5,1,0,1,1,1,1,1,1,1,1,1,10000,10000,10000
"Yuen","Normal",14185199,10000,10,10,5,3,0,0.5844,0.571704823834729,0.597095176165271,0.8644,0.857689679010479,0.87111032098952,0.937,0.933003259305697,0.940996740694303,9370,8644,5844
"Yuen","Normal",569940,10000,10,10,5,5,0,0.1858,0.175780771932891,0.195819228067109,0.4614,0.45162924685777,0.47117075314223,0.6072,0.599166264606897,0.615233735393103,6072,4614,1858
"Yuen","Normal",105352757,10000,20,20,0,1,1,0.0111,0.00840112023907993,0.0137988797609201,0.0522,0.0478403695723605,0.0565596304276395,0.1003,0.0953584268450447,0.105241573154955,1003,522,111
"Yuen","Normal",56971114,10000,20,20,0,3,1,0.0109,0.00822527455888572,0.0135747254411143,0.0514,0.0470720803327234,0.0557279196672767,0.1012,0.0962387890860799,0.10616121091392,1012,514,109
"Yuen","Normal",12984139,10000,20,20,0,5,1,0.0111,0.00840112023907993,0.0137988797609201,0.055,0.0505315868588502,0.0594684131411498,0.1038,0.0987827348983834,0.108817265101617,1038,550,111
"Yuen","Normal",152619,10000,20,20,0.5,1,0,0.1156,0.107363377864484,0.123836622135515,0.2918,0.28289002108411,0.30070997891589,0.4185,0.410385000582602,0.426614999417398,4185,2918,1156
"Yuen","Normal",8399288,10000,20,20,1.5,1,0,0.9228,0.915924436430632,0.929675563569368,0.9876,0.985431010475267,0.989768989524733,0.9955,0.99439898612662,0.99660101387338,9955,9876,9228
"Yuen","Normal",168963,10000,20,20,2,1,0,0.9967,0.995222644348867,0.998177355651134,0.9997,0.99936056896783,1.00003943103217,1,1,1,10000,9997,9967
"Yuen","Normal",57890908,10000,20,20,2.5,1,0,1,1,1,1,1,1,1,1,1,10000,10000,10000
"Yuen","Normal",6391008,10000,20,20,0.5,3,0,0.0186,0.0151196304717022,0.0220803695282978,0.0728,0.0677077645905163,0.0778922354094837,0.1385,0.132817774956553,0.144182225043447,1385,728,186
"Yuen","Normal",45293866,10000,20,20,1.5,3,0,0.1091,0.101068942904764,0.117131057095236,0.2798,0.271001543626658,0.288598456373342,0.4097,0.401610246736718,0.417789753263282,4097,2798,1091
"Yuen","Normal",56365,10000,20,20,2,3,0,0.2186,0.207953480817211,0.229246519182789,0.4638,0.454025718370663,0.473574281629337,0.6006,0.592543199749088,0.608656800250912,6006,4638,2186
"Yuen","Normal",9375280,10000,20,20,2.5,3,0,0.3849,0.372365913782033,0.397434086217967,0.6501,0.640752012443397,0.659447987556603,0.7702,0.763279417159234,0.777120582840766,7702,6501,3849
"Yuen","Normal",21346555,10000,20,20,0.5,5,0,0.0139,0.0108841222153569,0.0169158777846431,0.063,0.0582379259812556,0.0677620740187444,0.1186,0.113281431343012,0.123918568656988,1186,630,139
"Yuen","Normal",25272,10000,20,20,1.5,5,0,0.042,0.0368328239517508,0.0471671760482492,0.1324,0.125757067560301,0.139042932439699,0.2211,0.214273452357818,0.227926547642182,2211,1324,420
"Yuen","Normal",275366,10000,20,20,2,5,0,0.0677,0.0612283050951319,0.0741716949048681,0.2041,0.196200368624398,0.211999631375602,0.3149,0.307259369172707,0.322540630827293,3149,2041,677
"Yuen","Normal",14409836,10000,20,20,2.5,5,0,0.1194,0.111047098451049,0.127752901548951,0.3004,0.291414734053218,0.309385265946782,0.4197,0.411581764001596,0.427818235998404,4197,3004,1194
"Yuen","Normal",26544,10000,20,20,1,1,0,0.5479,0.535079240236289,0.560720759763711,0.7966,0.788710459740238,0.804489540259762,0.8861,0.880874003282533,0.891325996717467,8861,7966,5479
"Yuen","Normal",44506146,10000,20,20,1,3,0,0.0489,0.0433446250129173,0.0544553749870827,0.1542,0.147121648933713,0.161278351066287,0.2497,0.242579792557743,0.256820207442257,2497,1542,489
"Yuen","Normal",1201436,10000,20,20,1,5,0,0.0234,0.0195058547421361,0.0272941452578639,0.0948,0.089058405559986,0.100541594440014,0.159,0.152984628382427,0.165015371617573,1590,948,234
"Yuen","Normal",41772832,10000,20,20,5,1,0,1,1,1,1,1,1,1,1,1,10000,10000,10000
"Yuen","Normal",8477195,10000,20,20,5,3,0,0.9733,0.969147354567901,0.977452645432099,0.9975,0.996521225766584,0.998478774233416,0.9993,0.998864926265128,0.999735073734871,9993,9975,9733
"Yuen","Normal",71454214,10000,20,20,5,5,0,0.5455,0.532673440505202,0.558326559494798,0.7981,0.790232207705944,0.805967792294056,0.8868,0.881588029391833,0.892011970608167,8868,7981,5455
"Yuen","Normal",285199406,10000,100,100,0,1,1,0.0107,0.00804965901805522,0.0133503409819448,0.049,0.044768986901462,0.053231013098538,0.0968,0.0919359778340966,0.101664022165903,968,490,107
"Yuen","Normal",285742826,10000,100,100,0,3,1,0.0104,0.00778668132697445,0.0130133186730255,0.0542,0.049762326260573,0.058637673739427,0.1012,0.0962387890860799,0.10616121091392,1012,542,104
"Yuen","Normal",421268,10000,100,100,0,5,1,0.0101,0.00752425890101043,0.0126757410989896,0.0483,0.0440977714272543,0.0525022285727457,0.1,0.095065,0.104935,1000,483,101
"Yuen","Normal",42625063,10000,100,100,0.5,1,0,0.7535,0.742398134824526,0.764601865175474,0.9066,0.900896553569078,0.912303446430922,0.9494,0.945794497721107,0.953005502278893,9494,9066,7535
"Yuen","Normal",143853,10000,100,100,1.5,1,0,1,1,1,1,1,1,1,1,1,10000,10000,10000
"Yuen","Normal",185193997,10000,100,100,2,1,0,1,1,1,1,1,1,1,1,1,10000,10000,10000
"Yuen","Normal",272223091,10000,100,100,2.5,1,0,1,1,1,1,1,1,1,1,1,10000,10000,10000
"Yuen","Normal",107696,10000,100,100,0.5,3,0,0.0695,0.0629491681827725,0.0760508318172275,0.1952,0.187431450061073,0.202968549938927,0.2934,0.285909983514364,0.300890016485636,2934,1952,695
"Yuen","Normal",213329898,10000,100,100,1.5,3,0,0.7497,0.73854113460436,0.76085886539564,0.9076,0.901924040335027,0.913275959664973,0.9475,0.943831106010066,0.951168893989934,9475,9076,7497
"Yuen","Normal",475446,10000,100,100,2,3,0,0.9618,0.956862354271216,0.966737645728784,0.9921,0.990364808778722,0.993835191221278,0.9959,0.994848847574338,0.996951152425662,9959,9921,9618
"Yuen","Normal",153412998,10000,100,100,2.5,3,0,0.998,0.996849130376802,0.999150869623198,0.9998,0.999522841861747,1.00007715813825,1,1,1,10000,9998,9980
"Yuen","Normal",27702,10000,100,100,0.5,5,0,0.03,0.0256056731846618,0.0343943268153382,0.1034,0.0974321801040581,0.109367819895942,0.1774,0.171115987176406,0.183684012823594,1774,1034,300
"Yuen","Normal",1174277,10000,100,100,1.5,5,0,0.2755,0.263991310975372,0.287008689024628,0.5092,0.499401659084437,0.518998340915563,0.6382,0.630295423926111,0.646104576073889,6382,5092,2755
"Yuen","Normal",1097342,10000,100,100,2,5,0,0.506,0.493120927393387,0.518879072606613,0.7381,0.729482497397598,0.746717502602402,0.8351,0.828995565025002,0.841204434974998,8351,7381,5060
"Yuen","Normal",61723,10000,100,100,2.5,5,0,0.7512,0.740063497053013,0.762336502946987,0.9059,0.900177431329342,0.911622568670658,0.9478,0.944141024462517,0.951458975537483,9478,9059,7512
"Yuen","Normal",280800330,10000,100,100,1,1,0,1,1,1,1,1,1,1,1,1,10000,10000,10000
"Yuen","Normal",835647,10000,100,100,1,3,0,0.3415,0.329284279078237,0.353715720921763,0.591,0.581363674401516,0.600636325598484,0.7057,0.69820328342374,0.71319671657626,7057,5910,3415
"Yuen","Normal",83448392,10000,100,100,1,5,0,0.1039,0.096039831229757,0.111760168770243,0.2589,0.250314600609966,0.267485399390034,0.3747,0.366737453837134,0.382662546162866,3747,2589,1039
"Yuen","Normal",515473,10000,100,100,5,1,0,1,1,1,1,1,1,1,1,1,10000,10000,10000
"Yuen","Normal",152716961,10000,100,100,5,3,0,1,1,1,1,1,1,1,1,1,10000,10000,10000
"Yuen","Normal",17059892,10000,100,100,5,5,0,1,1,1,1,1,1,1,1,1,10000,10000,10000
"Yuen","Normal",1047418,10000,10,100,0,1,1,0.0197,0.0161202023954955,0.0232797976045045,0.0644,0.0595889030167331,0.0692110969832669,0.1184,0.113085314814817,0.123714685185183,1184,644,197
"Yuen","Normal",19662,10000,10,100,0,3,1,0.018,0.0145751791787599,0.0214248208212401,0.062,0.0572733511913831,0.066726648808617,0.1106,0.105440685190541,0.115759314809459,1106,620,180
"Yuen","Normal",1240474,10000,10,100,0,5,1,0.019,0.015483123134598,0.022516876865402,0.0617,0.056984046529322,0.066415953470678,0.1151,0.109850104465423,0.120349895534577,1151,617,190
"Yuen","Normal",364764029,10000,10,100,0.5,1,0,0.0952,0.0876396721507533,0.102760327849247,0.2481,0.239634560780302,0.256565439219698,0.3618,0.353895423926111,0.369704576073889,3618,2481,952
"Yuen","Normal",22933,10000,10,100,1.5,1,0,0.683,0.67101368072536,0.69498631927464,0.9293,0.924276068065588,0.934323931934412,0.9774,0.974955127085696,0.979844872914305,9774,9293,6830
"Yuen","Normal",859230,10000,10,100,2,1,0,0.9014,0.893720320548623,0.909079679451377,0.994,0.992486352009217,0.995513647990783,0.9988,0.998230497293773,0.999369502706227,9988,9940,9014
"Yuen","Normal",58591,10000,10,100,2.5,1,0,0.9791,0.975415042129339,0.982784957870661,0.9994,0.998920044062022,0.999879955937978,0.9998,0.999567385133966,1.00003261486603,9998,9994,9791
"Yuen","Normal",1997416,10000,10,100,0.5,3,0,0.028,0.0237503026035258,0.0322496973964743,0.09,0.0843908374956684,0.0956091625043316,0.1558,0.149834150367978,0.161765849632022,1558,900,280
"Yuen","Normal",1412390,10000,10,100,1.5,3,0,0.0985,0.0908237901389814,0.106176209861019,0.2522,0.243688201326065,0.260711798673935,0.3745,0.366538306211969,0.382461693788031,3745,2522,985
"Yuen","Normal",8978905,10000,10,100,2,3,0,0.162,0.152508707113064,0.171491292886936,0.3741,0.364615762928395,0.383584237071605,0.5178,0.509580213670423,0.526019786329577,5178,3741,1620
"Yuen","Normal",21482109,10000,10,100,2.5,3,0,0.2532,0.241998405063324,0.264401594936676,0.5203,0.510508080295182,0.530091919704818,0.6658,0.658040369874027,0.673559630125972,6658,5203,2532
"Yuen","Normal",9521305,10000,10,100,0.5,5,0,0.0226,0.0187714330533444,0.0264285669466556,0.0738,0.068675675302091,0.078924324697909,0.1207,0.115340946731486,0.126059053268514,1207,738,226
"Yuen","Normal",6985636,10000,10,100,1.5,5,0,0.0444,0.0390939001985956,0.0497060998014044,0.1286,0.122038768919905,0.135161231080095,0.2083,0.201619778548298,0.214980221451702,2083,1286,444
"Yuen","Normal",14866603,10000,10,100,2,5,0,0.0665,0.0600817911876911,0.0729182088123089,0.1822,0.1746342182198,0.1897657817802,0.2692,0.261903699715308,0.276496300284692,2692,1822,665
"Yuen","Normal",224103059,10000,10,100,2.5,5,0,0.0923,0.0848437943652219,0.0997562056347781,0.2467,0.238250624135618,0.255149375864382,0.3658,0.357876795383691,0.373723204616309,3658,2467,923
"Yuen","Normal",32087,10000,10,100,1,1,0,0.36,0.3476352,0.3723648,0.6589,0.649608053837522,0.668191946162479,0.7938,0.787144728454834,0.800455271545166,7938,6589,3600
"Yuen","Normal",253550996,10000,10,100,1,3,0,0.0509,0.0452381190088325,0.0565618809911675,0.1453,0.138392900210247,0.152207099789753,0.2318,0.2248583970419,0.2387416029581,2318,1453,509
"Yuen","Normal",139975,10000,10,100,1,5,0,0.0303,0.025884439183839,0.034715560816161,0.0881,0.0825445705924384,0.0936554294075616,0.1548,0.148849806014221,0.160750193985779,1548,881,303
"Yuen","Normal",31692,10000,10,100,5,1,0,1,1,1,1,1,1,1,1,1,10000,10000,10000
"Yuen","Normal",2356159,10000,10,100,5,3,0,0.7759,0.76515838300859,0.78664161699141,0.9656,0.962027815175218,0.969172184824782,0.9898,0.988147126134304,0.991452873865696,9898,9656,7759
"Yuen","Normal",62847568,10000,10,100,5,5,0,0.348,0.335729584231592,0.360270415768408,0.6629,0.653634700612803,0.672165299387197,0.7984,0.791800342004498,0.804999657995502,7984,6629,3480
