"method","distribution","seed","N","n1","n2","delta","scale1","scale2","null","power0.01","l_CI","u_CI","power0.05","l_CI","u_CI","power0.10","l_CI","u_CI"
"Lepage","Cauchy",712582,1000,10,10,0,1,1,1,0.009,0.00130685460010016,0.0166931453998998,0.048,0.0347506319546931,0.0612493680453069,0.105,0.0890532542700713,0.120946745729929
"Lepage","Cauchy",1777923,1000,10,10,0,0.5,0.5,1,0.008,0.000743174362298623,0.0152568256377014,0.044,0.031288074009026,0.056711925990974,0.09,0.0751129772116786,0.104887022788321
"Lepage","Cauchy",253814,1000,10,10,0,2,2,1,0.015,0.00509830366048322,0.0249016963395168,0.047,0.0338824885896753,0.0601175114103247,0.094,0.0788192255434711,0.109180774456529
"Lepage","Cauchy",4125666,1000,10,10,0,0.5,2,1,0.127,0.0998759309672018,0.154124069032798,0.356,0.326322726162937,0.385677273837063,0.484,0.458003586639692,0.509996413360308
"Lepage","Cauchy",60035471,1000,10,10,0,1,2,1,0.027,0.0137966492398331,0.0402033507601669,0.131,0.110087709298118,0.151912290701882,0.22,0.198451127871742,0.241548872128258
"Lepage","Cauchy",8797081,1000,10,10,0.5,1,1,0,0.019,0.00787865885497617,0.0301213411450238,0.074,0.0577752720084434,0.0902247279915566,0.145,0.126683901906383,0.163316098093617
"Lepage","Cauchy",27947757,1000,10,10,0.5,0.5,0.5,0,0.046,0.0289352880486074,0.0630647119513926,0.18,0.156187814883972,0.203812185116028,0.284,0.260542507644678,0.307457492355322
"Lepage","Cauchy",159674778,1000,10,10,0.5,2,2,0,0.008,0.000743174362298623,0.0152568256377014,0.055,0.0408696369473392,0.0691303630526608,0.108,0.0918541762551426,0.124145823744857
"Lepage","Cauchy",78928,1000,10,10,0.5,0.5,2,0,0.13,0.102604630581064,0.157395369418936,0.372,0.342042376168995,0.401957623831005,0.518,0.492007126016925,0.543992873983075
"Lepage","Cauchy",3153771,1000,10,10,0.5,1,2,0,0.041,0.0248472269704549,0.0571527730295451,0.137,0.115688120458298,0.158311879541702,0.211,0.189775101037343,0.232224898962657
"Lepage","Cauchy",214476,1000,10,10,1,1,1,0,0.056,0.0372705135557859,0.0747294864442141,0.171,0.147663732637802,0.194336267362198,0.259,0.23621101994439,0.28178898005561
"Lepage","Cauchy",62669809,1000,10,10,1,0.5,0.5,0,0.209,0.175878709980679,0.242121290019321,0.416,0.38545014451098,0.44654985548902,0.557,0.53115983021002,0.58284016978998
"Lepage","Cauchy",9300774,1000,10,10,1,2,2,0,0.011,0.00250349441805633,0.0194965055819437,0.076,0.0595752467781096,0.0924247532218904,0.135,0.117223721723178,0.152776278276822
"Lepage","Cauchy",16335269,1000,10,10,1,0.5,2,0,0.165,0.134763531317298,0.195236468682702,0.405,0.374574195819995,0.435425804180005,0.533,0.507046977270942,0.558953022729058
"Lepage","Cauchy",12413739,1000,10,10,1,1,2,0,0.048,0.0305865448547395,0.0654134551452605,0.191,0.166636088360035,0.215363911639965,0.298,0.274207362359335,0.321792637640665
"Lepage","Cauchy",131447719,1000,10,10,1.5,1,1,0,0.126,0.0989674604185252,0.153032539581475,0.299,0.270624032731905,0.327375967268095,0.442,0.416165852406166,0.467834147593834
"Lepage","Cauchy",296278781,1000,10,10,1.5,0.5,0.5,0,0.43,0.389670994339062,0.470329005660938,0.632,0.602109132471606,0.661890867528394,0.75,0.7274749098226,0.7725250901774
"Lepage","Cauchy",21095161,1000,10,10,1.5,2,2,0,0.032,0.017662992035435,0.046337007964565,0.118,0.098004541475625,0.137995458524375,0.2,0.179192212996092,0.220807787003908
"Lepage","Cauchy",204702195,1000,10,10,1.5,0.5,2,0,0.225,0.190983629823275,0.259016370176725,0.508,0.477013645945352,0.538986354054648,0.641,0.616045886772418,0.665954113227582
"Lepage","Cauchy",45729,1000,10,10,1.5,1,2,0,0.084,0.0614039129815802,0.10659608701842,0.239,0.212566945571879,0.265433054428121,0.384,0.358699921391426,0.409300078608574
"Lepage","Cauchy",74028405,1000,10,10,2,1,1,0,0.192,0.159914991888173,0.224085008111827,0.408,0.377538800128688,0.438461199871312,0.563,0.537197557542453,0.588802442457546
"Lepage","Cauchy",159919,1000,10,10,2,0.5,0.5,0,0.584,0.543848761357288,0.624151238642712,0.767,0.740798164613905,0.793201835386095,0.862,0.844058486410004,0.879941513589996
"Lepage","Cauchy",2419866,1000,10,10,2,2,2,0,0.05,0.0322461452073078,0.0677538547926922,0.162,0.139163182148119,0.184836817851881,0.257,0.234268564062625,0.279731435937375
"Lepage","Cauchy",1261239,1000,10,10,2,0.5,2,0,0.302,0.264599531584538,0.339400468415462,0.577,0.546379367191385,0.607620632808614,0.714,0.690492955755774,0.737507044244226
"Lepage","Cauchy",131013,1000,10,10,2,1,2,0,0.137,0.108990101173764,0.165009898826236,0.327,0.297923811226366,0.356076188773634,0.447,0.421136801710249,0.472863198289751
"Lepage","Cauchy",3925956,1000,10,10,2.5,1,1,0,0.302,0.264599531584538,0.339400468415462,0.549,0.518158853484347,0.579841146515653,0.682,0.657774561347625,0.706225438652375
"Lepage","Cauchy",24030,1000,10,10,2.5,0.5,0.5,0,0.699,0.661634767033725,0.736365232966275,0.849,0.826807900540958,0.871192099459042,0.914,0.899415611459509,0.928584388540491
"Lepage","Cauchy",134098241,1000,10,10,2.5,2,2,0,0.079,0.0570270068951906,0.100972993104809,0.233,0.206798164613905,0.259201835386095,0.359,0.334045886772418,0.383954113227582
"Lepage","Cauchy",156662,1000,10,10,2.5,0.5,2,0,0.396,0.356160679639532,0.435839320360468,0.648,0.618398419069246,0.677601580930754,0.791,0.769849176210488,0.812150823789512
"Lepage","Cauchy",21265,1000,10,10,2.5,1,2,0,0.204,0.17117403695268,0.23682596304732,0.413,0.382482416058934,0.443517583941066,0.531,0.50504030508702,0.55695969491298
"Lepage","Cauchy",34752874,1000,20,20,0,1,1,1,0.01,0.00189480522134107,0.0181051947786589,0.052,0.038238622394542,0.065761377605458,0.108,0.0918541762551426,0.124145823744857
"Lepage","Cauchy",17860409,1000,20,20,0,0.5,0.5,1,0.009,0.00130685460010016,0.0166931453998998,0.053,0.0391142610711565,0.0668857389288435,0.102,0.0862563960320389,0.117743603967961
"Lepage","Cauchy",31685324,1000,20,20,0,2,2,1,0.014,0.00442919794876103,0.023570802051239,0.067,0.0515034759510399,0.0824965240489601,0.118,0.1012180973099,0.1347819026901
"Lepage","Cauchy",11023892,1000,20,20,0,0.5,2,1,0.448,0.407490731163152,0.488509268836848,0.696,0.66748998256051,0.72451001743949,0.809,0.788551717016458,0.829448282983542
"Lepage","Cauchy",7595861,1000,20,20,0,1,2,1,0.063,0.0432081710532857,0.0827918289467144,0.225,0.199117979213361,0.250882020786639,0.338,0.31339330721328,0.36260669278672
"Lepage","Cauchy",39364492,1000,20,20,0.5,1,1,0,0.026,0.0130368062799324,0.0389631937200676,0.108,0.0887624227720848,0.127237577227915,0.201,0.180153299806084,0.221846700193916
"Lepage","Cauchy",70975335,1000,20,20,0.5,0.5,0.5,0,0.131,0.103515275077527,0.158484724922473,0.298,0.269651325364314,0.326348674635686,0.423,0.397300540321341,0.448699459678659
"Lepage","Cauchy",79897834,1000,20,20,0.5,2,2,0,0.017,0.00646954641356793,0.0275304535864321,0.052,0.038238622394542,0.065761377605458,0.106,0.0899864509523966,0.122013549047603
"Lepage","Cauchy",6591984,1000,20,20,0.5,0.5,2,0,0.494,0.453272796412422,0.534727203587578,0.727,0.699387571754733,0.754612428245267,0.821,0.801058216529733,0.840941783470267
"Lepage","Cauchy",46195,1000,20,20,0.5,1,2,0,0.097,0.0728911996230422,0.121108800376958,0.27,0.242483107733612,0.297516892266388,0.374,0.348829672288586,0.399170327711414
"Lepage","Cauchy",70241869,1000,20,20,1,1,1,0,0.128,0.100784953168954,0.155215046831046,0.308,0.279385611004252,0.336614388995748,0.446,0.420142399935416,0.471857600064584
"Lepage","Cauchy",1810836,1000,20,20,1,0.5,0.5,0,0.496,0.455271167122246,0.536728832877754,0.732,0.704547682764473,0.759452317235527,0.835,0.815691385487949,0.854308614512051
"Lepage","Cauchy",17887658,1000,20,20,1,2,2,0,0.026,0.0130368062799324,0.0389631937200676,0.092,0.0740859859997822,0.109914014000218,0.175,0.155234313587052,0.194765686412948
"Lepage","Cauchy",7391977,1000,20,20,1,0.5,2,0,0.55,0.509474026106705,0.590525973893295,0.79,0.764754773916639,0.815245226083361,0.871,0.853563077594512,0.888436922405488
"Lepage","Cauchy",117330376,1000,20,20,1,1,2,0,0.14,0.111734341854469,0.168265658145531,0.356,0.326322726162937,0.385677273837063,0.488,0.461997758127423,0.514002241872577
"Lepage","Cauchy",200611,1000,20,20,1.5,1,1,0,0.316,0.278128068866983,0.353871931133017,0.549,0.518158853484347,0.579841146515653,0.673,0.648596770136414,0.697403229863586
"Lepage","Cauchy",23541546,1000,20,20,1.5,0.5,0.5,0,0.788,0.754705162630582,0.821294837369418,0.938,0.923053024065049,0.952946975934951,0.968,0.95884457371828,0.977155426281719
"Lepage","Cauchy",21017,1000,20,20,1.5,2,2,0,0.064,0.0440623590787676,0.0839376409212324,0.197,0.172348295280042,0.221651704719958,0.281,0.25761790033006,0.30438209966994
"Lepage","Cauchy",209748,1000,20,20,1.5,0.5,2,0,0.671,0.632725892904158,0.709274107095842,0.872,0.851292899150291,0.892707100849709,0.923,0.909132054846698,0.936867945153302
"Lepage","Cauchy",109144,1000,20,20,1.5,1,2,0,0.228,0.193823944809033,0.262176055190967,0.468,0.437073212232759,0.498926787767242,0.597,0.571484411416254,0.622515588583746
"Lepage","Cauchy",30247777,1000,20,20,2,1,1,0,0.537,0.496381535939231,0.577618464060769,0.757,0.730416806783232,0.783583193216768,0.844,0.825124458270026,0.862875541729974
"Lepage","Cauchy",30134069,1000,20,20,2,0.5,0.5,0,0.923,0.901283388015254,0.944716611984746,0.978,0.968908472867554,0.987091527132446,0.992,0.987365885802011,0.996634114197989
"Lepage","Cauchy",12659878,1000,20,20,2,2,2,0,0.141,0.112650069606011,0.169349930393989,0.32,0.291087508581929,0.348912491418071,0.44,0.414178215398621,0.465821784601379
"Lepage","Cauchy",588109,1000,20,20,2,0.5,2,0,0.743,0.707403538617216,0.778596461382783,0.898,0.879241663357323,0.916758336642677,0.954,0.94310269753104,0.96489730246896
"Lepage","Cauchy",12574009,1000,20,20,2,1,2,0,0.394,0.354195673339899,0.433804326660101,0.626,0.596009822301293,0.655990177698707,0.738,0.715125862422815,0.760874137577185
"Lepage","Cauchy",24170592,1000,20,20,2.5,1,1,0,0.676,0.637876592457861,0.714123407542139,0.854,0.832114249969444,0.875885750030556,0.915,0.900492722709792,0.929507277290209
"Lepage","Cauchy",10325277,1000,20,20,2.5,0.5,0.5,0,0.97,0.956103918480377,0.983896081519623,0.997,0.993610276471451,1.00038972352855,1,1,1
"Lepage","Cauchy",41573037,1000,20,20,2.5,2,2,0,0.203,0.170234029316744,0.235765970683256,0.444,0.413204663625802,0.474795336374198,0.558,0.532165852406166,0.583834147593834
"Lepage","Cauchy",589908,1000,20,20,2.5,0.5,2,0,0.815,0.783369174427467,0.846630825572533,0.936,0.920830055820801,0.951169944179199,0.976,0.968038471905469,0.983961528094531
"Lepage","Cauchy",2737708,1000,20,20,2.5,1,2,0,0.488,0.447281595705922,0.528718404294078,0.732,0.704547682764473,0.759452317235527,0.834,0.814644563422645,0.853355436577355
"Lepage","Cauchy",34262,1000,100,100,0,1,1,1,0.008,0.000743174362298623,0.0152568256377014,0.042,0.0295673567733969,0.0544326432266031,0.104,0.0881205090257905,0.119879490974209
"Lepage","Cauchy",8554913,1000,100,100,0,0.5,0.5,1,0.012,0.00313017698846251,0.0208698230115375,0.048,0.0347506319546931,0.0612493680453069,0.101,0.0853250402241345,0.116674959775865
"Lepage","Cauchy",55389299,1000,100,100,0,2,2,1,0.009,0.00130685460010016,0.0166931453998998,0.054,0.0399912779169547,0.0680087220830453,0.099,0.0834637609449713,0.114536239055029
"Lepage","Cauchy",13138679,1000,100,100,0,0.5,2,1,1,1,1,1,1,1,1,1,1
"Lepage","Cauchy",82793,1000,100,100,0,1,2,1,0.662,0.623466966189307,0.700533033810693,0.862,0.840622877424686,0.883377122575314,0.926,0.912382817578515,0.939617182421485
"Lepage","Cauchy",214059,1000,100,100,0.5,1,1,0,0.182,0.150568999574051,0.213431000425949,0.392,0.361741256179412,0.422258743820588,0.524,0.498020246737122,0.549979753262878
"Lepage","Cauchy",401356,1000,100,100,0.5,0.5,0.5,0,0.77,0.73571886919018,0.80428113080982,0.904,0.885741045637825,0.922258954362175,0.945,0.933140588152231,0.956859411847769
"Lepage","Cauchy",3492558,1000,100,100,0.5,2,2,0,0.04,0.0240371118402715,0.0559628881597285,0.131,0.110087709298118,0.151912290701882,0.21,0.188812042394322,0.231187957605678
"Lepage","Cauchy",191028884,1000,100,100,0.5,0.5,2,0,1,1,1,1,1,1,1,1,1
"Lepage","Cauchy",8950679,1000,100,100,0.5,1,2,0,0.746,0.710540538927051,0.781459461072949,0.897,0.878160433508172,0.915839566491828,0.943,0.930939670411842,0.955060329588158
"Lepage","Cauchy",20386607,1000,100,100,1,1,1,0,0.763,0.728359647665533,0.797640352334467,0.909,0.891173802693788,0.926826197306212,0.959,0.948685049831676,0.969314950168324
"Lepage","Cauchy",10015773,1000,100,100,1,0.5,0.5,0,0.999,0.996425288322161,1.00157471167784,1,1,1,1,1,1
"Lepage","Cauchy",234512,1000,100,100,1,2,2,0,0.18,0.148703985276077,0.211296014723923,0.378,0.347946354204523,0.408053645795477,0.507,0.480992815323934,0.533007184676066
"Lepage","Cauchy",44347,1000,100,100,1,0.5,2,0,1,1,1,1,1,1,1,1,1
"Lepage","Cauchy",116227,1000,100,100,1,1,2,0,0.897,0.872239426896455,0.921760573103545,0.969,0.958257662153888,0.979742337846112,0.986,0.979888210646627,0.992111789353373
"Lepage","Cauchy",929215,1000,100,100,1.5,1,1,0,0.984,0.973778764392501,0.994221235607499,0.997,0.993610276471451,1.00038972352855,0.999,0.997355822705728,1.00064417729427
"Lepage","Cauchy",187285,1000,100,100,1.5,0.5,0.5,0,1,1,1,1,1,1,1,1,1
"Lepage","Cauchy",114426,1000,100,100,1.5,2,2,0,0.486,0.445285833081052,0.526714166918948,0.71,0.681875536627342,0.738124463372658,0.806,0.78543000016772,0.82656999983228
"Lepage","Cauchy",7519680,1000,100,100,1.5,0.5,2,0,1,1,1,1,1,1,1,1,1
"Lepage","Cauchy",1253654,1000,100,100,1.5,1,2,0,0.977,0.964788836153093,0.989211163846907,0.993,0.987832509158208,0.998167490841792,0.999,0.997355822705728,1.00064417729427
"Lepage","Cauchy",37089,1000,100,100,2,1,1,0,0.999,0.996425288322161,1.00157471167784,1,1,1,1,1,1
"Lepage","Cauchy",2797984,1000,100,100,2,0.5,0.5,0,1,1,1,1,1,1,1,1,1
"Lepage","Cauchy",54279,1000,100,100,2,2,2,0,0.797,0.764234029316744,0.829765970683256,0.914,0.896622856207075,0.931377143792925,0.969,0.959984109307728,0.978015890692272
"Lepage","Cauchy",8664675,1000,100,100,2,0.5,2,0,1,1,1,1,1,1,1,1,1
"Lepage","Cauchy",141977433,1000,100,100,2,1,2,0,0.997,0.99254493479105,1.00145506520895,1,1,1,1,1,1
"Lepage","Cauchy",311984815,1000,100,100,2.5,1,1,0,1,1,1,1,1,1,1,1,1
"Lepage","Cauchy",1006687,1000,100,100,2.5,0.5,0.5,0,1,1,1,1,1,1,1,1,1
"Lepage","Cauchy",4552879,1000,100,100,2.5,2,2,0,0.941,0.921805947594528,0.960194052405472,0.983,0.974987698358149,0.991012301641851,0.997,0.994155053467111,0.999844946532889
"Lepage","Cauchy",86193813,1000,100,100,2.5,0.5,2,0,1,1,1,1,1,1,1,1,1
"Lepage","Cauchy",84442600,1000,100,100,2.5,1,2,0,1,1,1,1,1,1,1,1,1
"Lepage","Cauchy",46047,1000,10,100,0,1,1,1,0.005,-0.000745692786775151,0.0107456927867752,0.036,0.0244536202037175,0.0475463797962825,0.085,0.0704927227097915,0.0995072772902085
"Lepage","Cauchy",1144725,1000,10,100,0,0.5,0.5,1,0.011,0.00250349441805633,0.0194965055819437,0.054,0.0399912779169547,0.0680087220830453,0.115,0.0984046484106241,0.131595351589376
"Lepage","Cauchy",8113648,1000,10,100,0,2,2,1,0.009,0.00130685460010016,0.0166931453998998,0.046,0.0330159800369839,0.0589840199630161,0.102,0.0862563960320389,0.117743603967961
"Lepage","Cauchy",137022,1000,10,100,0,0.5,2,1,0.366,0.326759816435903,0.405240183564097,0.628,0.598042376168995,0.657957623831005,0.761,0.738815115033541,0.783184884966459
"Lepage","Cauchy",636728,1000,10,100,0,1,2,1,0.054,0.0355885366908548,0.0724114633091452,0.174,0.150502550810779,0.19749744918922,0.295,0.271276898403139,0.318723101596861
"Lepage","Cauchy",3349060,1000,10,100,0.5,1,1,0,0.018,0.00716976562691277,0.0288302343730872,0.103,0.0841604335081722,0.121839566491828,0.172,0.152368870220998,0.191631129779001
"Lepage","Cauchy",117889711,1000,10,100,0.5,0.5,0.5,0,0.119,0.0926240996350077,0.145375900364992,0.266,0.238612971128653,0.293387028871347,0.391,0.365615832356073,0.416384167643927
"Lepage","Cauchy",854013,1000,10,100,0.5,2,2,0,0.009,0.00130685460010016,0.0166931453998998,0.063,0.0479409997144565,0.0780590002855435,0.109,0.0927886940077303,0.12521130599227
"Lepage","Cauchy",245687,1000,10,100,0.5,0.5,2,0,0.278,0.241504706938894,0.314495293061106,0.59,0.55951585592476,0.62048414407524,0.719,0.69561790033006,0.74238209966994
"Lepage","Cauchy",11174689,1000,10,100,0.5,1,2,0,0.044,0.0272928972690056,0.0607071027309944,0.167,0.143882716041888,0.190117283958112,0.288,0.264443967600634,0.311556032399366
"Lepage","Cauchy",11431991,1000,10,100,1,1,1,0,0.112,0.0863101627514692,0.137689837248531,0.274,0.246356077731263,0.301643922268737,0.369,0.343898841561095,0.394101158438905
"Lepage","Cauchy",476232,1000,10,100,1,0.5,0.5,0,0.641,0.601922920562765,0.680077079437235,0.825,0.801449394912232,0.848550605087768,0.895,0.879053254270071,0.910946745729929
"Lepage","Cauchy",1265882,1000,10,100,1,2,2,0,0.027,0.0137966492398331,0.0402033507601669,0.118,0.098004541475625,0.137995458524375,0.204,0.183037768162717,0.224962231837283
"Lepage","Cauchy",26694583,1000,10,100,1,0.5,2,0,0.12,0.0935285447018869,0.146471455298113,0.455,0.424135444924639,0.485864555075361,0.611,0.585639295830458,0.636360704169541
"Lepage","Cauchy",8892974,1000,10,100,1,1,2,0,0.03,0.0161039184803773,0.0438960815196227,0.2,0.17520774314428,0.22479225685572,0.326,0.301616016791754,0.350383983208246
"Lepage","Cauchy",10020367,1000,10,100,1.5,1,1,0,0.323,0.284907326508947,0.361092673491053,0.563,0.532256664305902,0.593743335694098,0.7,0.676161685252518,0.723838314747482
"Lepage","Cauchy",153591393,1000,10,100,1.5,0.5,0.5,0,0.929,0.90807897829493,0.94992102170507,0.974,0.964136700430383,0.983863299569617,0.987,0.981107546625131,0.992892453374869
"Lepage","Cauchy",3941422,1000,10,100,1.5,2,2,0,0.062,0.0423554030569217,0.0816445969430783,0.181,0.157136325882212,0.204863674117788,0.278,0.254694581876739,0.301305418123261
"Lepage","Cauchy",203955,1000,10,100,1.5,0.5,2,0,0.058,0.0389591949346673,0.0770408050653327,0.47,0.439065511803167,0.500934488196833,0.622,0.596776404421653,0.647223595578347
"Lepage","Cauchy",1063812,1000,10,100,1.5,1,2,0,0.054,0.0355885366908548,0.0724114633091452,0.262,0.234745708418673,0.289254291581327,0.406,0.380454045073633,0.431545954926368
"Lepage","Cauchy",675636,1000,10,100,2,1,1,0,0.593,0.552980615030013,0.633019384969987,0.804,0.779395636679646,0.828604363320354,0.877,0.859914871297675,0.894085128702325
"Lepage","Cauchy",1323876,1000,10,100,2,0.5,0.5,0,0.987,0.977772668757653,0.996227331242347,0.998,0.995230914663648,1.00076908533635,0.998,0.995675946235562,1.00032405376444
"Lepage","Cauchy",38737,1000,10,100,2,2,2,0,0.116,0.0899143906694898,0.14208560933051,0.304,0.27548998256051,0.33251001743949,0.427,0.40126897120644,0.45273102879356
"Lepage","Cauchy",22907,1000,10,100,2,0.5,2,0,0.151,0.121833240710974,0.180166759289026,0.592,0.561538800128688,0.622461199871312,0.716,0.692542507644678,0.739457492355322
"Lepage","Cauchy",142766,1000,10,100,2,1,2,0,0.109,0.0836137846589138,0.134386215341086,0.37,0.340075478951201,0.399924521048799,0.525,0.499022798757853,0.550977201242147
"Lepage","Cauchy",143445608,1000,10,100,2.5,1,1,0,0.82,0.788703985276077,0.851296014723923,0.94,0.925280413049273,0.954719586950727,0.968,0.95884457371828,0.977155426281719
"Lepage","Cauchy",126839,1000,10,100,2.5,0.5,0.5,0,0.998,0.994360630700794,1.00163936929921,1,1,1,1,1,1
"Lepage","Cauchy",1518219,1000,10,100,2.5,2,2,0,0.231,0.19666674188394,0.26533325811606,0.424,0.393369771166379,0.454630228833621,0.547,0.521105432214941,0.572894567785059
"Lepage","Cauchy",804241,1000,10,100,2.5,0.5,2,0,0.322,0.28393825971903,0.36006174028097,0.738,0.710745708418673,0.765254291581327,0.846,0.827223638235803,0.864776361764197
"Lepage","Cauchy",224317,1000,10,100,2.5,1,2,0,0.268,0.231919811633308,0.304080188366692,0.552,0.521177730232833,0.582822269767167,0.659,0.634340412980445,0.683659587019555
