"method","distribution","seed","N","n1","n2","delta","sd","null","power0.01","l_CI","u_CI","power0.05","l_CI","u_CI","power0.10","l_CI","u_CI","ct_0.10","ct_0.05","ct_0.01"
"CVM","Normal",25127,10000,10,10,0,1,1,0.0089,0.00648064499126234,0.0113193550087377,0.0508,0.0464960542129808,0.0551039457870192,0.1016,0.0966301002567859,0.106569899743214,1016,508,89
"CVM","Normal",1341590,10000,10,10,0,3,1,0.0098,0.00726241640782102,0.012337583592179,0.051,0.0466880445456846,0.0553119554543154,0.0955,0.0906652739168206,0.100334726083179,955,510,98
"CVM","Normal",300568,10000,10,10,0,5,1,0.0087,0.00630774187608109,0.0110922581239189,0.0487,0.0444812936141988,0.0529187063858012,0.0972,0.0923270179687998,0.1020729820312,972,487,87
"CVM","Normal",7811581,10000,10,10,0.5,1,0,0.0549,0.0490322593174354,0.0607677406825646,0.1718,0.164406752175018,0.179193247824982,0.2626,0.255361229134231,0.269838770865769,2626,1718,549
"CVM","Normal",3937583,10000,10,10,1.5,1,0,0.6252,0.612730325001152,0.637669674998848,0.8498,0.842797559922884,0.856802440077116,0.9151,0.910514844961839,0.919685155038161,9151,8498,6252
"CVM","Normal",2157457,10000,10,10,2,1,0,0.9011,0.893409926347355,0.908790073652645,0.9786,0.975763612493611,0.981436387506389,0.9911,0.989555031448225,0.992644968551775,9911,9786,9011
"CVM","Normal",48388725,10000,10,10,2.5,1,0,0.9853,0.982199806742086,0.988400193257914,0.9987,0.997993771446627,0.999406228553373,0.9998,0.999567385133966,1.00003261486603,9998,9987,9853
"CVM","Normal",11359021,10000,10,10,0.5,3,0,0.0148,0.011689437600289,0.017910562399711,0.0626,0.0578520546382251,0.0673479453617749,0.1213,0.115929476566314,0.126670523433686,1213,626,148
"CVM","Normal",171114921,10000,10,10,1.5,3,0,0.0509,0.0452381190088325,0.0565618809911675,0.1714,0.16401358091587,0.17878641908413,0.2664,0.259127852586643,0.273672147413357,2664,1714,509
"CVM","Normal",4467490,10000,10,10,2,3,0,0.0982,0.0905342135260251,0.105865786473975,0.2644,0.255756141337204,0.273043858662796,0.3831,0.375102958248829,0.391097041751171,3831,2644,982
"CVM","Normal",124780554,10000,10,10,2.5,3,0,0.1708,0.161105633406811,0.180494366593189,0.3896,0.380041872753808,0.399158127246192,0.5214,0.513182536895179,0.529617463104821,5214,3896,1708
"CVM","Normal",15206829,10000,10,10,0.5,5,0,0.0118,0.00901830642683706,0.0145816935731629,0.053,0.0486089437990388,0.0573910562009612,0.1078,0.10269840013879,0.11290159986121,1078,530,118
"CVM","Normal",102676,10000,10,10,1.5,5,0,0.0246,0.0206097069857485,0.0285902930142515,0.0917,0.0860434009495458,0.0973565990504543,0.1618,0.155742003903278,0.167857996096722,1618,917,246
"CVM","Normal",4386185,10000,10,10,2,5,0,0.0324,0.0278389346618773,0.0369610653381227,0.1187,0.112360670643546,0.125039329356454,0.2016,0.195000342004498,0.208199657995502,2016,1187,324
"CVM","Normal",376631,10000,10,10,2.5,5,0,0.0492,0.0436284889447892,0.0547715110552108,0.1676,0.160279190359093,0.174920809640907,0.2638,0.256550614339139,0.271049385660861,2638,1676,492
"CVM","Normal",4234282,10000,10,10,1,1,0,0.2586,0.247320589311462,0.269879410688538,0.5096,0.499801806502503,0.519398193497497,0.6441,0.636223984795471,0.651976015204529,6441,5096,2586
"CVM","Normal",16823034,10000,10,10,1,3,0,0.0281,0.0238429396232536,0.0323570603767464,0.105,0.09899155294606,0.11100844705394,0.1831,0.176737987435569,0.189462012564431,1831,1050,281
"CVM","Normal",361654181,10000,10,10,1,5,0,0.0156,0.0124077715753311,0.0187922284246689,0.0666,0.0617131716553167,0.0714868283446833,0.1235,0.118087781252631,0.128912218747369,1235,666,156
"CVM","Normal",100108,10000,10,10,5,1,0,1,1,1,1,1,1,1,1,1,10000,10000,10000
"CVM","Normal",10931602,10000,10,10,5,3,0,0.7329,0.721502616451396,0.744297383548604,0.9136,0.908093305440975,0.919106694559025,0.9547,0.951279036310369,0.958120963689631,9547,9136,7329
"CVM","Normal",5171131,10000,10,10,5,5,0,0.2583,0.24702485329678,0.26957514670322,0.5111,0.501302415213615,0.520897584786385,0.6408,0.632907850238725,0.648692149761275,6408,5111,2583
"CVM","Normal",163181396,10000,20,20,0,1,1,0.009,0.00656721381654696,0.011432786183453,0.047,0.0428518786710126,0.0511481213289874,0.0931,0.0883200820284261,0.0978799179715739,931,470,90
"CVM","Normal",33509,10000,20,20,0,3,1,0.0103,0.00769914430765258,0.0129008556923474,0.0522,0.0478403695723605,0.0565596304276395,0.1007,0.0957496838681984,0.105650316131802,1007,522,103
"CVM","Normal",209636,10000,20,20,0,5,1,0.0082,0.00587691641085044,0.0105230835891496,0.0494,0.0451526460822766,0.0536473539177234,0.1024,0.0974127940558265,0.107387205944174,1024,494,82
"CVM","Normal",4875108,10000,20,20,0.5,1,0,0.1315,0.122794501470542,0.140205498529458,0.313,0.3039111987061,0.3220888012939,0.4246,0.416469058695877,0.432730941304123,4246,3130,1315
"CVM","Normal",112126,10000,20,20,1.5,1,0,0.9547,0.94934291643496,0.960057083565039,0.9917,0.989921780885942,0.993478219114058,0.9966,0.995642440427388,0.997557559572612,9966,9917,9547
"CVM","Normal",1673595,10000,20,20,2,1,0,0.9984,0.997370424649992,0.999429575350008,0.9999,0.999704009800245,1.00009599019976,0.9999,0.999735508225206,1.00006449177479,9999,9999,9984
"CVM","Normal",8002719,10000,20,20,2.5,1,0,1,1,1,1,1,1,1,1,1,10000,10000,10000
"CVM","Normal",40695,10000,20,20,0.5,3,0,0.0175,0.0141222215347954,0.0208777784652046,0.0746,0.0694502015442932,0.0797497984557068,0.1351,0.129476890698735,0.140723109301265,1351,746,175
"CVM","Normal",118963349,10000,20,20,1.5,3,0,0.1268,0.118228391063016,0.135371608936984,0.3111,0.302026305160168,0.320173694839832,0.4308,0.422654154000695,0.438945845999305,4308,3111,1268
"CVM","Normal",65717959,10000,20,20,2,3,0,0.2517,0.240520423835371,0.262879576164629,0.4957,0.485900362410701,0.505499637589299,0.6165,0.608501378855117,0.624498621144883,6165,4957,2517
"CVM","Normal",26030035,10000,20,20,2.5,3,0,0.4197,0.406987187883351,0.432412812116649,0.6814,0.672267703114419,0.690532296885581,0.7867,0.77996145853513,0.79343854146487,7867,6814,4197
"CVM","Normal",128671,10000,20,20,0.5,5,0,0.0136,0.0106163914386931,0.0165836085613069,0.0624,0.0576591396183393,0.0671408603816607,0.1135,0.108282010473911,0.118717989526089,1135,624,136
"CVM","Normal",197778693,10000,20,20,1.5,5,0,0.0406,0.0355159626489114,0.0456840373510886,0.1379,0.131142018057556,0.144657981942444,0.2214,0.214570138289899,0.228229861710101,2214,1379,406
"CVM","Normal",2998421,10000,20,20,2,5,0,0.0738,0.0670651732541768,0.0805348267458232,0.2152,0.207145164007033,0.223254835992967,0.3198,0.312127737635097,0.327472262364903,3198,2152,738
"CVM","Normal",80016,10000,20,20,2.5,5,0,0.1256,0.117063187302508,0.134136812697492,0.3094,0.300339972559512,0.318460027440488,0.4275,0.419361924637276,0.435638075362724,4275,3094,1256
"CVM","Normal",202393410,10000,20,20,1,1,0,0.6172,0.604678833750053,0.629721166249947,0.8304,0.82304449211173,0.83775550788827,0.9025,0.897620314689001,0.907379685310999,9025,8304,6172
"CVM","Normal",421983,10000,20,20,1,3,0,0.0549,0.0490322593174354,0.0607677406825646,0.1597,0.152519979053958,0.166880020946042,0.2494,0.242282648625851,0.256517351374149,2494,1597,549
"CVM","Normal",2907785,10000,20,20,1,5,0,0.0236,0.0196896489697338,0.0275103510302662,0.0917,0.0860434009495458,0.0973565990504543,0.1602,0.154166280822254,0.166233719177746,1602,917,236
"CVM","Normal",80591,10000,20,20,5,1,0,1,1,1,1,1,1,1,1,1,10000,10000,10000
"CVM","Normal",244954,10000,20,20,5,3,0,0.9873,0.984415488414151,0.990184511585849,0.998,0.997124338330175,0.998875661669825,0.9991,0.998606722124989,0.999593277875011,9991,9980,9873
"CVM","Normal",1997503,10000,20,20,5,5,0,0.6053,0.592708868523869,0.617891131476131,0.8266,0.819179582885686,0.834020417114314,0.8986,0.893634441681029,0.903565558318971,8986,8266,6053
"CVM","Normal",42531542,10000,100,100,0,1,1,0.0094,0.00691424141894994,0.0118857585810501,0.0481,0.0439060401072018,0.0522939598927982,0.1006,0.0956518673438256,0.105548132656174,1006,481,94
"CVM","Normal",2306313,10000,100,100,0,3,1,0.0099,0.00734963120325236,0.0124503687967476,0.0504,0.0461121291840355,0.0546878708159645,0.1013,0.0963366146349719,0.106263385365028,1013,504,99
"CVM","Normal",16040728,10000,100,100,0,5,1,0.009,0.00656721381654696,0.011432786183453,0.0474,0.043235138816431,0.051564861183569,0.099,0.0940870098313247,0.103912990168675,990,474,90
"CVM","Normal",77258985,10000,100,100,0.5,1,0,0.7794,0.768718584394114,0.790081415605886,0.9193,0.913961472689814,0.924638527310186,0.9578,0.95449280696906,0.96110719303094,9578,9193,7794
"CVM","Normal",312965373,10000,100,100,1.5,1,0,1,1,1,1,1,1,1,1,1,10000,10000,10000
"CVM","Normal",951736,10000,100,100,2,1,0,1,1,1,1,1,1,1,1,1,10000,10000,10000
"CVM","Normal",21728113,10000,100,100,2.5,1,0,1,1,1,1,1,1,1,1,1,10000,10000,10000
"CVM","Normal",122678,10000,100,100,0.5,3,0,0.0716,0.0649584425185847,0.0782415574814153,0.2055,0.197580296270693,0.213419703729307,0.3009,0.293355218842672,0.308444781157328,3009,2055,716
"CVM","Normal",1120710,10000,100,100,1.5,3,0,0.7672,0.756313415602549,0.778086584397451,0.9166,0.911180876817196,0.922019123182804,0.9534,0.949932659962579,0.956867340037421,9534,9166,7672
"CVM","Normal",5940035,10000,100,100,2,3,0,0.9666,0.961971476346334,0.971228523653666,0.9937,0.992149206432306,0.995250793567694,0.9978,0.997029275805557,0.998570724194443,9978,9937,9666
"CVM","Normal",36361,10000,100,100,2.5,3,0,0.9984,0.997370424649992,0.999429575350008,0.9999,0.999704009800245,1.00009599019976,1,1,1,10000,9999,9984
"CVM","Normal",10987288,10000,100,100,0.5,5,0,0.0276,0.0233798987112364,0.0318201012887636,0.1022,0.0962629416151094,0.108137058384891,0.1716,0.165397816816024,0.177802183183976,1716,1022,276
"CVM","Normal",41634107,10000,100,100,1.5,5,0,0.2842,0.272581401545112,0.295818598454888,0.5117,0.501902683411383,0.521497316588618,0.6396,0.63170208380751,0.64749791619249,6396,5117,2842
"CVM","Normal",248100534,10000,100,100,2,5,0,0.5396,0.526760459348139,0.552439540651861,0.7602,0.751831558329438,0.768568441670562,0.8466,0.840671870064253,0.852528129935747,8466,7602,5396
"CVM","Normal",39443,10000,100,100,2.5,5,0,0.7738,0.763022785625949,0.784577214374051,0.9187,0.91334341251452,0.92405658748548,0.9569,0.953559297403244,0.960240702596756,9569,9187,7738
"CVM","Normal",947266,10000,100,100,1,1,0,1,1,1,1,1,1,1,1,1,10000,10000,10000
"CVM","Normal",3161354,10000,100,100,1,3,0,0.3628,0.350414390550723,0.375185609449277,0.601,0.591402021887918,0.610597978112082,0.7166,0.709186825432037,0.724013174567963,7166,6010,3628
"CVM","Normal",33285322,10000,100,100,1,5,0,0.1095,0.101456040410246,0.117543959589754,0.2636,0.254964536273807,0.272235463726193,0.3743,0.366339160037736,0.382260839962264,3743,2636,1095
"CVM","Normal",279144,10000,100,100,5,1,0,1,1,1,1,1,1,1,1,1,10000,10000,10000
"CVM","Normal",25601,10000,100,100,5,3,0,1,1,1,1,1,1,1,1,1,10000,10000,10000
"CVM","Normal",496284,10000,100,100,5,5,0,0.9999,0.999642412880322,1.00015758711968,1,1,1,1,1,1,10000,10000,9999
"CVM","Normal",1401083,10000,10,100,0,1,1,0.0108,0.00813743762725904,0.013462562372741,0.0494,0.0451526460822766,0.0536473539177234,0.1017,0.0967279317825702,0.10667206821743,1017,494,108
"CVM","Normal",2029095,10000,10,100,0,3,1,0.0082,0.00587691641085044,0.0105230835891496,0.0446,0.0405540909186686,0.0486459090813314,0.0952,0.090372073248443,0.100027926751557,952,446,82
"CVM","Normal",83874535,10000,10,100,0,5,1,0.0091,0.00665385910075809,0.0115461408992419,0.0498,0.0455363823068197,0.0540636176931803,0.1027,0.0977063286343838,0.107693671365616,1027,498,91
"CVM","Normal",12105292,10000,10,100,0.5,1,0,0.1145,0.106297563351686,0.122702436648314,0.2832,0.274369166546605,0.292030833453395,0.4044,0.396326742210508,0.412473257789492,4044,2832,1145
"CVM","Normal",29690,10000,10,100,1.5,1,0,0.9367,0.930427394510226,0.942972605489773,0.985,0.982617571826896,0.987382428173104,0.9935,0.992178075912023,0.994821924087978,9935,9850,9367
"CVM","Normal",35668809,10000,10,100,2,1,0,0.9979,0.996720768647472,0.999079231352528,0.9996,0.999208078407842,0.999991921592158,0.9997,0.999415120383714,0.999984879616286,9997,9996,9979
"CVM","Normal",145026,10000,10,100,2.5,1,0,1,1,1,1,1,1,1,1,1,10000,10000,10000
"CVM","Normal",331507011,10000,10,100,0.5,3,0,0.0187,0.0152104649781015,0.0221895350218985,0.0795,0.0741978558337216,0.0848021441662784,0.1367,0.131048925535902,0.142351074464098,1367,795,187
"CVM","Normal",50605231,10000,10,100,1.5,3,0,0.1079,0.0999078550717605,0.115892144928239,0.2818,0.27298242289279,0.29061757710721,0.4009,0.392838170848872,0.408961829151128,4009,2818,1079
"CVM","Normal",120924,10000,10,100,2,3,0,0.2331,0.22220853339161,0.24399146660839,0.4597,0.44993188403091,0.46946811596909,0.5886,0.580505161755841,0.596694838244159,5886,4597,2331
"CVM","Normal",1272437,10000,10,100,2.5,3,0,0.3867,0.374155035777559,0.399244964222441,0.6406,0.631195437978172,0.650004562021827,0.7542,0.747117279472413,0.761282720527587,7542,6406,3867
"CVM","Normal",50197,10000,10,100,0.5,5,0,0.0118,0.00901830642683706,0.0145816935731629,0.0558,0.0513011121310262,0.0602988878689738,0.1111,0.105930489939465,0.116269510060535,1111,558,118
"CVM","Normal",349683,10000,10,100,1.5,5,0,0.0409,0.0357980117018025,0.0460019882981975,0.1358,0.129085509134893,0.142514490865107,0.2159,0.209131725712416,0.222668274287584,2159,1358,409
"CVM","Normal",331651346,10000,10,100,2,5,0,0.0699,0.0633317561364834,0.0764682438635166,0.2032,0.195313349671654,0.211086650328346,0.3042,0.296631885058226,0.311768114941774,3042,2032,699
"CVM","Normal",196464,10000,10,100,2.5,5,0,0.12,0.111628990827863,0.128371009172137,0.2959,0.286953653266813,0.304846346733187,0.4096,0.401510548963397,0.417689451036603,4096,2959,1200
"CVM","Normal",147921,10000,10,100,1,1,0,0.5758,0.563068868000121,0.588531131999879,0.7987,0.790840954538266,0.806559045461734,0.8808,0.875469810088336,0.886130189911664,8808,7987,5758
"CVM","Normal",5478293,10000,10,100,1,3,0,0.0499,0.0442910600484384,0.0555089399515616,0.151,0.143982241964844,0.158017758035156,0.2394,0.23238050068715,0.24641949931285,2394,1510,499
"CVM","Normal",152780076,10000,10,100,1,5,0,0.0223,0.0184963451818947,0.0261036548181053,0.0868,0.0812817815953335,0.0923182184046665,0.153,0.14707820562857,0.15892179437143,1530,868,223
"CVM","Normal",2329794,10000,10,100,5,1,0,1,1,1,1,1,1,1,1,1,10000,10000,10000
"CVM","Normal",115703,10000,10,100,5,3,0,0.9788,0.975089257917417,0.982510742082583,0.9972,0.996164318492199,0.998235681507801,0.999,0.998480065487297,0.999519934512703,9990,9972,9788
"CVM","Normal",103945,10000,10,100,5,5,0,0.5721,0.559354614499028,0.584845385500972,0.8,0.79216,0.80784,0.8762,0.870782139119551,0.881617860880449,8762,8000,5721
