"method","distribution","seed","N","n1","n2","delta","sd","null","power0.01","l_CI","u_CI","power0.05","l_CI","u_CI","power0.10","l_CI","u_CI"
"Yuenbt","Logistic",68926,1000,10,10,0,1,1,0.011,0.00250349441805633,0.0194965055819437,0.04,0.0278543242262935,0.0521456757737065,0.086,0.0714156114595092,0.100584388540491
"Yuenbt","Logistic",15068346,1000,10,10,0,3,1,0.011,0.00250349441805633,0.0194965055819437,0.044,0.031288074009026,0.056711925990974,0.094,0.0788192255434711,0.109180774456529
"Yuenbt","Logistic",4790524,1000,10,10,0.5,1,0,0.02,0.00859556184636876,0.0314044381536312,0.093,0.0749988111059297,0.11100118889407,0.157,0.138075277683015,0.175924722316985
"Yuenbt","Logistic",189279,1000,10,10,1.5,1,0,0.11,0.0845119151288293,0.135488084871171,0.367,0.337126166339085,0.396873833660915,0.524,0.498020246737122,0.549979753262878
"Yuenbt","Logistic",259690,1000,10,10,2,1,0,0.25,0.214726667296667,0.285273332703333,0.562,0.531248855474958,0.592751144525042,0.713,0.68946839143248,0.73653160856752
"Yuenbt","Logistic",296104973,1000,10,10,2.5,1,0,0.383,0.343400670935785,0.422599329064215,0.75,0.723161594682247,0.776838405317753,0.879,0.862035032774125,0.895964967225875
"Yuenbt","Logistic",305110869,1000,10,10,0.5,3,0,0.008,0.000743174362298623,0.0152568256377014,0.049,0.0356203617986135,0.0623796382013865,0.106,0.0899864509523966,0.122013549047603
"Yuenbt","Logistic",175833104,1000,10,10,1.5,3,0,0.013,0.00377266875765262,0.0222273312423474,0.07,0.0541858240809077,0.0858141759190924,0.144,0.125736499086977,0.162263500913023
"Yuenbt","Logistic",272063,1000,10,10,2,3,0,0.026,0.0130368062799324,0.0389631937200676,0.108,0.0887624227720848,0.127237577227915,0.19,0.16959271582253,0.21040728417747
"Yuenbt","Logistic",109118144,1000,10,10,2.5,3,0,0.042,0.0256599546164645,0.0583400453835355,0.148,0.125990674849055,0.170009325150945,0.232,0.210042115074534,0.253957884925466
"Yuenbt","Logistic",208865340,1000,20,20,0,1,1,0.007,0.000208440607931048,0.013791559392069,0.04,0.0278543242262935,0.0521456757737065,0.09,0.0751129772116786,0.104887022788321
"Yuenbt","Logistic",126743598,1000,20,20,0,3,1,0.008,0.000743174362298623,0.0152568256377014,0.043,0.0304267871409094,0.0555732128590905,0.102,0.0862563960320389,0.117743603967961
"Yuenbt","Logistic",14936554,1000,20,20,0.5,1,0,0.032,0.017662992035435,0.046337007964565,0.131,0.110087709298118,0.151912290701882,0.226,0.204243421291481,0.247756578708519
"Yuenbt","Logistic",109214,1000,20,20,1.5,1,0,0.417,0.376834963722959,0.457165036277041,0.723,0.695262641192788,0.750737358807212,0.829,0.809414204178155,0.848585795821845
"Yuenbt","Logistic",22966,1000,20,20,2,1,0,0.681,0.643032259186725,0.718967740813275,0.904,0.885741045637825,0.922258954362175,0.96,0.949806307832782,0.970193692167218
"Yuenbt","Logistic",93544,1000,20,20,2.5,1,0,0.902,0.877780667736372,0.926219332263628,0.99,0.98383300397276,0.99616699602724,0.998,0.995675946235562,1.00032405376444
"Yuenbt","Logistic",143161859,1000,20,20,0.5,3,0,0.012,0.00313017698846251,0.0208698230115375,0.051,0.0373643995951773,0.0646356004048227,0.106,0.0899864509523966,0.122013549047603
"Yuenbt","Logistic",137869,1000,20,20,1.5,3,0,0.048,0.0305865448547395,0.0654134551452605,0.136,0.114753744649939,0.157246255350061,0.229,0.207141979321654,0.250858020678346
"Yuenbt","Logistic",12160113,1000,20,20,2,3,0,0.078,0.056154669450521,0.099845330549479,0.202,0.177115254600459,0.226884745399541,0.32,0.295734158988405,0.344265841011595
"Yuenbt","Logistic",2095409,1000,20,20,2.5,3,0,0.105,0.0800280747718563,0.129971925228144,0.275,0.247324758356972,0.302675241643028,0.42,0.394325349272093,0.445674650727907
"Yuenbt","Logistic",327720099,1000,100,100,0,1,1,0.007,0.000208440607931048,0.013791559392069,0.053,0.0391142610711565,0.0668857389288435,0.103,0.0871882209800731,0.118811779019927
"Yuenbt","Logistic",93668333,1000,100,100,0,3,1,0.01,0.00189480522134107,0.0181051947786589,0.044,0.031288074009026,0.056711925990974,0.092,0.0769650239641029,0.107034976035897
"Yuenbt","Logistic",62905,1000,100,100,0.5,1,0,0.28,0.243424428348965,0.316575571651035,0.514,0.483021829518191,0.544978170481809,0.649,0.6241719958721,0.6738280041279
"Yuenbt","Logistic",11141507,1000,100,100,1.5,1,0,1,1,1,1,1,1,1,1,1
"Yuenbt","Logistic",1770993,1000,100,100,2,1,0,1,1,1,1,1,1,1,1,1
"Yuenbt","Logistic",6056193,1000,100,100,2.5,1,0,1,1,1,1,1,1,1,1,1
"Yuenbt","Logistic",34327130,1000,100,100,0.5,3,0,0.024,0.0115325857923946,0.0364674142076054,0.099,0.0804887364450722,0.117511263554928,0.173,0.153323778239332,0.192676221760668
"Yuenbt","Logistic",34490,1000,100,100,1.5,3,0,0.278,0.241504706938894,0.314495293061106,0.501,0.470009740911054,0.531990259088946,0.627,0.601843275794035,0.652156724205965
"Yuenbt","Logistic",236068,1000,100,100,2,3,0,0.512,0.471281595705922,0.552718404294078,0.767,0.740798164613905,0.793201835386095,0.85,0.831425334794403,0.868574665205597
"Yuenbt","Logistic",224944879,1000,100,100,2.5,3,0,0.754,0.718916809216036,0.789083190783964,0.919,0.902089504371545,0.935910495628455,0.966,0.956572556810036,0.975427443189964
"Yuenbt","Logistic",211454580,1000,10,100,0,1,1,0.014,0.00442919794876103,0.023570802051239,0.045,0.0321511572505536,0.0578488427494463,0.097,0.0816044345418884,0.112395565458112
"Yuenbt","Logistic",111177918,1000,10,100,0,3,1,0.016,0.00577876439250127,0.0262212356074987,0.051,0.0373643995951773,0.0646356004048227,0.085,0.0704927227097915,0.0995072772902085
"Yuenbt","Logistic",244890081,1000,10,100,0.5,1,0,0.038,0.0224251026502259,0.0535748973497741,0.125,0.104501829349915,0.145498170650085,0.227,0.205209430645919,0.248790569354081
"Yuenbt","Logistic",96308572,1000,10,100,1.5,1,0,0.284,0.247266565162729,0.320733434837271,0.517,0.486027596515608,0.547972403484392,0.665,0.640447307288711,0.689552692711289
"Yuenbt","Logistic",6508746,1000,10,100,2,1,0,0.445,0.40451703101797,0.48548296898203,0.723,0.695262641192788,0.750737358807212,0.847,0.828273641951116,0.865726358048884
"Yuenbt","Logistic",349565424,1000,10,100,2.5,1,0,0.597,0.55704367404758,0.63695632595242,0.832,0.808827527503523,0.855172472496477,0.937,0.924361196188919,0.949638803811081
"Yuenbt","Logistic",453962,1000,10,100,0.5,3,0,0.025,0.0122820190281633,0.0377179809718367,0.066,0.0506113161576436,0.0813886838423564,0.119,0.102156694060399,0.135843305939601
"Yuenbt","Logistic",35533332,1000,10,100,1.5,3,0,0.057,0.0381140370704589,0.0758859629295411,0.134,0.112886150744121,0.155113849255879,0.225,0.203277589696928,0.246722410303072
"Yuenbt","Logistic",348408838,1000,10,100,2,3,0,0.066,0.0457748726643316,0.0862251273356684,0.181,0.157136325882212,0.204863674117788,0.283,0.259567496105303,0.306432503894697
"Yuenbt","Logistic",47899238,1000,10,100,2.5,3,0,0.099,0.0746709107563805,0.123329089243619,0.251,0.224125905440369,0.277874094559631,0.353,0.328139755516588,0.377860244483412
