"method","distribution","seed","N","n1","n2","delta","rate1","null","power0.01","l_CI","u_CI","power0.05","l_CI","u_CI","power0.10","l_CI","u_CI","ct_0.10","ct_0.05","ct_0.01"
"SmoothFixed_6_asymp","Exp",751787,10000,10,10,0,1,1,0.0055,0.00359484814841441,0.00740515185158559,0.0367,0.0330147251476179,0.0403852748523821,0.0849,0.0803148449618388,0.0894851550381612,849,367,55
"SmoothFixed_6_asymp","Exp",384062,10000,10,10,0,0.5,1,0.0057,0.0037607133569851,0.0076392866430149,0.0396,0.0357776562616112,0.0434223437383888,0.0885,0.0838278597174983,0.0931721402825017,885,396,57
"SmoothFixed_6_asymp","Exp",47195940,10000,10,10,0,0.25,1,0.0045,0.00277585912594127,0.00622414087405873,0.0379,0.0341572933945606,0.0416427066054394,0.0829,0.0783642248817898,0.0874357751182102,829,379,45
"SmoothFixed_6_asymp","Exp",202424855,10000,10,10,0,0.125,1,0.0056,0.00367770325743812,0.00752229674256188,0.0383,0.0345383770075139,0.0420616229924861,0.0874,0.0827541856529668,0.0920458143470333,874,383,56
"SmoothFixed_6_asymp","Exp",598773,10000,10,10,0.5,1,0,0.0021,0.000920768647472431,0.00327923135252757,0.0261,0.0229751188236351,0.029224881176365,0.0695,0.0653167242471509,0.0736832757528491,695,261,21
"SmoothFixed_6_asymp","Exp",35377,10000,10,10,0.5,0.5,0,0.0033,0.00182264434886653,0.00477735565113347,0.0289,0.0256165003842851,0.0321834996157149,0.0703,0.0660945257293885,0.0745054742706115,703,289,33
"SmoothFixed_6_asymp","Exp",1299896,10000,10,10,0.5,0.25,0,0.0042,0.0025340707064416,0.0058659292935584,0.0309,0.0275082830026077,0.0342917169973923,0.0761,0.0717381501234023,0.0804618498765977,761,309,42
"SmoothFixed_6_asymp","Exp",31516254,10000,10,10,0.5,0.125,0,0.0055,0.00359484814841441,0.00740515185158559,0.0365,0.0328243989824792,0.0401756010175208,0.0821,0.0775841951489269,0.0866158048510731,821,365,55
"SmoothFixed_6_asymp","Exp",172822,10000,10,10,1,1,0,0.001,0.00018580467797954,0.00181419532202046,0.0145,0.0121570210500305,0.0168429789499695,0.0399,0.0366803357529123,0.0431196642470877,399,145,10
"SmoothFixed_6_asymp","Exp",262996406,10000,10,10,1,0.5,0,0.0029,0.00151479447287271,0.00428520552712729,0.0276,0.0243890533672451,0.0308109466327549,0.0715,0.0672615225470253,0.0757384774529747,715,276,29
"SmoothFixed_6_asymp","Exp",17550,10000,10,10,1,0.25,0,0.0035,0.00197868715433018,0.00502131284566982,0.03,0.0266564904665905,0.0333435095334095,0.0727,0.0684288656000103,0.0769711343999897,727,300,35
"SmoothFixed_6_asymp","Exp",54583,10000,10,10,1,0.125,0,0.0048,0.00301958329256997,0.00658041670743003,0.0367,0.0330147251476179,0.0403852748523821,0.0802,0.0757321376032939,0.0846678623967061,802,367,48
"SmoothFixed_6_asymp","Exp",1709154,10000,10,10,1.5,1,0,1e-04,-0.000157587119677984,0.000357587119677984,0.003,0.00192807530115218,0.00407192469884783,0.0097,0.00808773970439789,0.0113122602956021,97,30,1
"SmoothFixed_6_asymp","Exp",66000,10000,10,10,1.5,0.5,0,0.0026,0.00128820124431222,0.00391179875568778,0.0248,0.0217519031784407,0.0278480968215593,0.0601,0.0561902952395385,0.0640097047604615,601,248,26
"SmoothFixed_6_asymp","Exp",152953,10000,10,10,1.5,0.25,0,0.0026,0.00128820124431222,0.00391179875568778,0.0287,0.025427544767365,0.031972455232635,0.0703,0.0660945257293885,0.0745054742706115,703,287,26
"SmoothFixed_6_asymp","Exp",71718,10000,10,10,1.5,0.125,0,0.004,0.00237405622532635,0.00562594377467365,0.0321,0.0286451926689901,0.0355548073310099,0.0745,0.0701805122150451,0.0788194877849549,745,321,40
"SmoothFixed_6_asymp","Exp",255979005,10000,10,10,2,1,0,1e-04,-0.000157587119677984,0.000357587119677984,9e-04,0.000312264659561806,0.00148773534043819,0.0019,0.00118364263459151,0.00261635736540849,19,9,1
"SmoothFixed_6_asymp","Exp",181614,10000,10,10,2,0.5,0,0.0012,0.00030818299620606,0.00209181700379394,0.0145,0.0121570210500305,0.0168429789499695,0.0375,0.034374770570922,0.040625229429078,375,145,12
"SmoothFixed_6_asymp","Exp",203292710,10000,10,10,2,0.25,0,0.0028,0.00143881858974786,0.00416118141025214,0.0286,0.0253330827242797,0.0318669172757203,0.0702,0.0659972918783361,0.0744027081216639,702,286,28
"SmoothFixed_6_asymp","Exp",229714146,10000,10,10,2,0.125,0,0.0031,0.0016679687226656,0.0045320312773344,0.0338,0.0302580050466439,0.0373419949533561,0.0778,0.0733937588736089,0.0822062411263911,778,338,31
"SmoothFixed_6_asymp","Exp",30773490,10000,10,10,2.5,1,0,0,0,0,0,0,0,5e-04,0.000132258787494521,0.000867741212505479,5,0,0
"SmoothFixed_6_asymp","Exp",9086245,10000,10,10,2.5,0.5,0,6e-04,-3.07992327706179e-05,0.00123079923277062,0.0093,0.00741865420467156,0.0111813457953284,0.023,0.0205340906793842,0.0254659093206158,230,93,6
"SmoothFixed_6_asymp","Exp",79721,10000,10,10,2.5,0.25,0,0.0025,0.00121361100750978,0.00378638899249022,0.0263,0.0231634910537988,0.0294365089462012,0.0629,0.0589062194836252,0.0668937805163748,629,263,25
"SmoothFixed_6_asymp","Exp",202168,10000,10,10,2.5,0.125,0,0.0035,0.00197868715433018,0.00502131284566982,0.0312,0.0277923856894302,0.0346076143105698,0.0738,0.0694992274856835,0.0781007725143165,738,312,35
"SmoothFixed_6_asymp","Exp",872923,10000,10,10,5,1,0,0,0,0,0,0,0,0,0,0,0,0,0
"SmoothFixed_6_asymp","Exp",268269895,10000,10,10,5,0.5,0,0,0,0,3e-04,-3.94310321700124e-05,0.000639431032170012,7e-04,0.000264926265128542,0.00113507373487146,7,3,0
"SmoothFixed_6_asymp","Exp",14744809,10000,10,10,5,0.25,0,3e-04,-0.000146109356566302,0.000746109356566302,0.0086,0.00679020345718089,0.0104097965428191,0.0223,0.0198710356460469,0.0247289643539531,223,86,3
"SmoothFixed_6_asymp","Exp",223166815,10000,10,10,5,0.12,0,0.0024,0.00113953816677219,0.0036604618332278,0.0256,0.022504401043029,0.028695598956971,0.069,0.0648306794321497,0.0731693205678504,690,256,24
"SmoothFixed_6_asymp","Exp",18765,10000,10,10,0,1.5,1,0.0054,0.00351215225264748,0.00728784774735252,0.0368,0.0331098993019702,0.0404901006980298,0.0821,0.0775841951489269,0.0866158048510731,821,368,54
"SmoothFixed_6_asymp","Exp",69627,10000,10,10,0.5,1.5,0,0.002,0.000849130376801959,0.00315086962319804,0.0262,0.0230692989268217,0.0293307010731783,0.0595,0.0556086187221791,0.0633913812778209,595,262,20
"SmoothFixed_6_asymp","Exp",1704606,10000,10,10,1,1.5,0,1e-04,-0.000157587119677984,0.000357587119677984,0.0048,0.00344533511391193,0.00615466488608807,0.0098,0.00817953221695092,0.0114204677830491,98,48,1
"SmoothFixed_6_asymp","Exp",5013256,10000,10,10,1.5,1.5,0,1e-04,-0.000157587119677984,0.000357587119677984,8e-04,0.000245850076603813,0.00135414992339619,0.0013,0.000707272464132971,0.00189272753586703,13,8,1
"SmoothFixed_6_asymp","Exp",14413572,10000,10,10,2,1.5,0,0,0,0,0,0,0,0,0,0,0,0,0
"SmoothFixed_6_asymp","Exp",35115300,10000,10,10,2.5,1.5,0,0,0,0,0,0,0,0,0,0,0,0,0
"SmoothFixed_6_asymp","Exp",1704372,10000,10,10,5,1.5,0,0,0,0,0,0,0,0,0,0,0,0,0
"SmoothFixed_6_asymp","Exp",242270591,10000,20,20,0,1,1,0.0082,0.00587691641085044,0.0105230835891496,0.047,0.0428518786710126,0.0511481213289874,0.0974,0.0925225475371768,0.102277452462823,974,470,82
"SmoothFixed_6_asymp","Exp",94447566,10000,20,20,0,0.5,1,0.0086,0.00622141025800917,0.0109785897419908,0.0474,0.043235138816431,0.051564861183569,0.0979,0.0930113990300931,0.102788600969907,979,474,86
"SmoothFixed_6_asymp","Exp",60686,10000,20,20,0,0.25,1,0.0093,0.00682737409756834,0.0117726259024317,0.0494,0.0451526460822766,0.0536473539177234,0.0991,0.0941848019356312,0.104015198064369,991,494,93
"SmoothFixed_6_asymp","Exp",1316085,10000,20,20,0,0.125,1,0.0086,0.00622141025800917,0.0109785897419908,0.045,0.0409368391614409,0.0490631608385591,0.0916,0.0868548253469867,0.0963451746530133,916,450,86
"SmoothFixed_6_asymp","Exp",310349585,10000,20,20,0.5,1,0,0.0075,0.00527750011023622,0.00972249988976378,0.0487,0.0444812936141988,0.0529187063858012,0.1054,0.100348729166724,0.110451270833276,1054,487,75
"SmoothFixed_6_asymp","Exp",99712666,10000,20,20,0.5,0.5,0,0.0061,0.0040942254270472,0.0081057745729528,0.0367,0.0330147251476179,0.0403852748523821,0.0806,0.0761219836709655,0.0850780163290345,806,367,61
"SmoothFixed_6_asymp","Exp",2487997,10000,20,20,0.5,0.25,0,0.0077,0.00544828864991625,0.00995171135008375,0.0444,0.0403627501511053,0.0484372498488947,0.0938,0.0890039980567247,0.0985960019432753,938,444,77
"SmoothFixed_6_asymp","Exp",452697,10000,20,20,0.5,0.125,0,0.0088,0.00639415390545114,0.0112058460945489,0.0469,0.042756076518274,0.051043923481726,0.1012,0.0962387890860799,0.10616121091392,1012,469,88
"SmoothFixed_6_asymp","Exp",411540,10000,20,20,1,1,0,0.0028,0.00143881858974786,0.00416118141025214,0.0256,0.022504401043029,0.028695598956971,0.0602,0.0562872520888894,0.0641127479111105,602,256,28
"SmoothFixed_6_asymp","Exp",249874,10000,20,20,1,0.5,0,0.0078,0.0055338285107221,0.0100661714892779,0.0524,0.0480324866527508,0.0567675133472492,0.11,0.104852963498284,0.115147036501716,1100,524,78
"SmoothFixed_6_asymp","Exp",954287,10000,20,20,1,0.25,0,0.0053,0.00342961998908885,0.00717038001091115,0.0376,0.0338715544849898,0.0413284455150102,0.0853,0.0807050609246939,0.0898949390753061,853,376,53
"SmoothFixed_6_asymp","Exp",43891755,10000,20,20,1,0.125,0,0.0074,0.00519225528409102,0.00960774471590898,0.0438,0.0397888629929158,0.0478111370070841,0.0935,0.0887108811828923,0.0982891188171077,935,438,74
"SmoothFixed_6_asymp","Exp",73445,10000,20,20,1.5,1,0,1e-04,-0.000157587119677984,0.000357587119677984,0.0043,0.00301750833078729,0.00558249166921271,0.0291,0.0263349712755606,0.0318650287244394,291,43,1
"SmoothFixed_6_asymp","Exp",2345081,10000,20,20,1.5,0.5,0,0.0061,0.0040942254270472,0.0081057745729528,0.047,0.0428518786710126,0.0511481213289874,0.0977,0.0928158537170991,0.102584146282901,977,470,61
"SmoothFixed_6_asymp","Exp",40010,10000,20,20,1.5,0.25,0,0.0065,0.00442992313031617,0.00857007686968383,0.0444,0.0403627501511053,0.0484372498488947,0.0986,0.0936958568720825,0.103504143127917,986,444,65
"SmoothFixed_6_asymp","Exp",770070,10000,20,20,1.5,0.125,0,0.0065,0.00442992313031617,0.00857007686968383,0.0393,0.0354915676818932,0.0431084323181068,0.0865,0.0818758891996001,0.0911241108003999,865,393,65
"SmoothFixed_6_asymp","Exp",47312,10000,20,20,2,1,0,0,0,0,9e-04,0.000312264659561806,0.00148773534043819,0.0432,0.0398555988891283,0.0465444011108717,432,9,0
"SmoothFixed_6_asymp","Exp",121456527,10000,20,20,2,0.5,0,0.0028,0.00143881858974786,0.00416118141025214,0.0254,0.0223162005035346,0.0284837994964654,0.0596,0.0557055570843059,0.0634944429156941,596,254,28
"SmoothFixed_6_asymp","Exp",48746,10000,20,20,2,0.25,0,0.0073,0.00510711276402639,0.00949288723597361,0.0489,0.0446730842489588,0.0531269157510412,0.1091,0.103971471691901,0.114228528308099,1091,489,73
"SmoothFixed_6_asymp","Exp",786368,10000,20,20,2,0.125,0,0.0053,0.00342961998908885,0.00717038001091115,0.0387,0.0349195715309505,0.0424804284690495,0.0837,0.0791443801715052,0.0882556198284948,837,387,53
"SmoothFixed_6_asymp","Exp",84998591,10000,20,20,2.5,1,0,0,0,0,4e-04,8.07840784156842e-06,0.000791921592158432,0.051,0.0473810373865567,0.0546189626134432,510,4,0
"SmoothFixed_6_asymp","Exp",8292529,10000,20,20,2.5,0.5,0,8e-04,7.16886721078684e-05,0.00152831132789213,0.0098,0.00786922987551599,0.011730770124484,0.0347,0.0316893394436146,0.0377106605563854,347,98,8
"SmoothFixed_6_asymp","Exp",28454,10000,20,20,2.5,0.25,0,0.0081,0.00579100861117587,0.0104089913888241,0.0547,0.0502430828249114,0.0591569171750886,0.1124,0.107204136841717,0.117595863158283,1124,547,81
"SmoothFixed_6_asymp","Exp",109310,10000,20,20,2.5,0.125,0,0.0051,0.00326506509471753,0.00693493490528247,0.0367,0.0330147251476179,0.0403852748523821,0.0848,0.0802172957112203,0.0893827042887797,848,367,51
"SmoothFixed_6_asymp","Exp",1236554,10000,20,20,5,1,0,0,0,0,0,0,0,0.0119,0.010116225986854,0.013683774013146,119,0,0
"SmoothFixed_6_asymp","Exp",269809604,10000,20,20,5,0.5,0,0,0,0,4e-04,8.07840784156842e-06,0.000791921592158432,0.0529,0.0492179332559044,0.0565820667440956,529,4,0
"SmoothFixed_6_asymp","Exp",7057571,10000,20,20,5,0.25,0,7e-04,1.86930449672482e-05,0.00138130695503275,0.0079,0.00616480877872207,0.00963519122127793,0.0319,0.0290091779819617,0.0347908220180383,319,79,7
"SmoothFixed_6_asymp","Exp",20649,10000,20,20,5,0.12,0,0.0076,0.00536284521817913,0.00983715478182087,0.0516,0.0472641255841065,0.0559358744158935,0.1103,0.105146818324494,0.115453181675506,1103,516,76
"SmoothFixed_6_asymp","Exp",324954824,10000,20,20,0,1.5,1,0.0083,0.00596291202152422,0.0106370879784758,0.0488,0.0445771864817873,0.0530228135182127,0.1002,0.0952606163769252,0.105139383623075,1002,488,83
"SmoothFixed_6_asymp","Exp",2158334,10000,20,20,0.5,1.5,0,0.006,0.00401063406925724,0.00798936593074276,0.0447,0.0406497696675868,0.0487502303324132,0.0957,0.0908607491323785,0.100539250867621,957,447,60
"SmoothFixed_6_asymp","Exp",92895934,10000,20,20,1,1.5,0,3e-04,-0.000146109356566302,0.000746109356566302,0.0037,0.0025099861977271,0.0048900138022729,0.0255,0.0229068543283543,0.0280931456716457,255,37,3
"SmoothFixed_6_asymp","Exp",217808,10000,20,20,1.5,1.5,0,0,0,0,0.001,0.000380503559332259,0.00161949644066774,0.0488,0.0452558529400715,0.0523441470599285,488,10,0
"SmoothFixed_6_asymp","Exp",3567259,10000,20,20,2,1.5,0,0,0,0,3e-04,-3.94310321700124e-05,0.000639431032170012,0.0488,0.0452558529400715,0.0523441470599285,488,3,0
"SmoothFixed_6_asymp","Exp",45784290,10000,20,20,2.5,1.5,0,0,0,0,0,0,0,0.0345,0.0314977172644178,0.0375022827355822,345,0,0
"SmoothFixed_6_asymp","Exp",3502893,10000,20,20,5,1.5,0,0,0,0,0,0,0,8e-04,0.000334909885721057,0.00126509011427894,8,0,0
"SmoothFixed_6_asymp","Exp",2497819,10000,100,100,0,1,1,0.0085,0.00613516044552701,0.010864839554473,0.0511,0.0467840466213825,0.0554159533786175,0.1008,0.0958475019016258,0.105752498098374,1008,511,85
"SmoothFixed_6_asymp","Exp",107346957,10000,100,100,0,0.5,1,0.0087,0.00630774187608109,0.0110922581239189,0.048,0.0438101819418977,0.0521898180581023,0.0972,0.0923270179687998,0.1020729820312,972,480,87
"SmoothFixed_6_asymp","Exp",29729886,10000,100,100,0,0.25,1,0.0115,0.00875347778774684,0.0142465222122532,0.0521,0.0477443177050662,0.0564556822949338,0.1031,0.0980977286449079,0.108102271355092,1031,521,115
"SmoothFixed_6_asymp","Exp",391525,10000,100,100,0,0.125,1,0.01,0.00743691236201335,0.0125630876379867,0.0522,0.0478403695723605,0.0565596304276395,0.1038,0.0987827348983834,0.108817265101617,1038,522,100
"SmoothFixed_6_asymp","Exp",6307302,10000,100,100,0.5,1,0,0.0928,0.0853256855055988,0.100274314494401,0.2717,0.262981213450393,0.280418786549607,0.4076,0.399516666170471,0.415683333829529,4076,2717,928
"SmoothFixed_6_asymp","Exp",44635,10000,100,100,0.5,0.5,0,0.0096,0.00708818996570521,0.0121118100342948,0.0499,0.0456323282977249,0.0541676717022751,0.0985,0.0935980725072299,0.10340192749277,985,499,96
"SmoothFixed_6_asymp","Exp",133198236,10000,100,100,0.5,0.25,0,0.0339,0.0292381666024724,0.0385618333975276,0.131,0.124386953029049,0.137613046970951,0.2131,0.206363762359078,0.219836237640922,2131,1310,339
"SmoothFixed_6_asymp","Exp",25982318,10000,100,100,0.5,0.125,0,0.0312,0.0267214211918226,0.0356785788081774,0.1147,0.108454272783286,0.120945727216714,0.1991,0.192531129818456,0.205668870181544,1991,1147,312
"SmoothFixed_6_asymp","Exp",83974847,10000,100,100,1,1,0,0.0236,0.0196896489697338,0.0275103510302662,0.1067,0.100648863523469,0.112751136476531,0.1932,0.186705400001509,0.199694599998491,1932,1067,236
"SmoothFixed_6_asymp","Exp",4188816,10000,100,100,1,0.5,0,0.0925,0.0850365428814791,0.0999634571185209,0.2772,0.268426724724164,0.285973275275836,0.4076,0.399516666170471,0.415683333829529,4076,2772,925
"SmoothFixed_6_asymp","Exp",16407384,10000,100,100,1,0.25,0,0.0084,0.00604899387398841,0.0107510061260116,0.0478,0.0436184806749699,0.0519815193250301,0.0998,0.0948693897156741,0.104730610284326,998,478,84
"SmoothFixed_6_asymp","Exp",482098,10000,100,100,1,0.125,0,0.0361,0.0312947559483514,0.0409052440516486,0.1291,0.122527912487619,0.135672087512381,0.2178,0.211010250593439,0.224589749406561,2178,1291,361
"SmoothFixed_6_asymp","Exp",14433267,10000,100,100,1.5,1,0,0.0062,0.0041779532159082,0.0082220467840918,0.0631,0.0583344023772039,0.0678655976227961,0.1394,0.133702321235529,0.145097678764471,1394,631,62
"SmoothFixed_6_asymp","Exp",981018,10000,100,100,1.5,0.5,0,0.1023,0.094493627189373,0.110106372810627,0.3139,0.30480410498926,0.32299589501074,0.463,0.454797550964651,0.471202449035349,4630,3139,1023
"SmoothFixed_6_asymp","Exp",8825137,10000,100,100,1.5,0.25,0,0.0305,0.0260703472215534,0.0349296527784466,0.1148,0.108551903650423,0.121048096349577,0.1969,0.190358556821314,0.203441443178686,1969,1148,305
"SmoothFixed_6_asymp","Exp",93086,10000,100,100,1.5,0.125,0,0.0216,0.0178551799248904,0.0253448200751096,0.0833,0.0778838312417725,0.0887161687582275,0.1501,0.144224563146542,0.155975436853458,1501,833,216
"SmoothFixed_6_asymp","Exp",111396287,10000,100,100,2,1,0,0.1186,0.110271347805227,0.126928652194773,0.4739,0.464113360823735,0.483686639176265,0.6697,0.661963218379017,0.677436781620983,6697,4739,1186
"SmoothFixed_6_asymp","Exp",616292,10000,100,100,2,0.5,0,0.0243,0.0203335028371401,0.0282664971628599,0.1074,0.101331425983116,0.113468574016884,0.19,0.183546650114088,0.196453349885912,1900,1074,243
"SmoothFixed_6_asymp","Exp",5539396,10000,100,100,2,0.25,0,0.0892,0.0818575703037253,0.0965424296962747,0.2703,0.261595350925764,0.279004649074236,0.4048,0.396725463250539,0.412874536749461,4048,2703,892
"SmoothFixed_6_asymp","Exp",94535,10000,100,100,2,0.125,0,0.0068,0.00468301066328241,0.00891698933671759,0.0442,0.0401714318104816,0.0482285681895185,0.095,0.0901766142661508,0.0998233857338492,950,442,68
"SmoothFixed_6_asymp","Exp",233975,10000,100,100,2.5,1,0,0.3865,0.373956235514711,0.399043764485289,0.8529,0.845957570712323,0.859842429287677,0.948,0.944347655432465,0.951652344567535,9480,8529,3865
"SmoothFixed_6_asymp","Exp",10044847,10000,100,100,2.5,0.5,0,0.0024,0.00113953816677219,0.0036604618332278,0.0191,0.0164172196156972,0.0217827803843028,0.0509,0.0472843966496621,0.0545156033503379,509,191,24
"SmoothFixed_6_asymp","Exp",31172417,10000,100,100,2.5,0.25,0,0.128,0.119393846538575,0.136606153461425,0.3511,0.341744642819945,0.360455357180055,0.5081,0.499876079355321,0.516323920644679,5081,3511,1280
"SmoothFixed_6_asymp","Exp",1479734,10000,100,100,2.5,0.125,0,0.0129,0.00999315891531993,0.0158068410846801,0.0574,0.0528409355128053,0.0619590644871947,0.1132,0.107988029391833,0.118411970608167,1132,574,129
"SmoothFixed_6_asymp","Exp",268625,10000,100,100,5,1,0,0.982,0.97857517917876,0.98542482082124,1,1,1,1,1,1,10000,10000,9820
"SmoothFixed_6_asymp","Exp",573301,10000,100,100,5,0.5,0,0.3874,0.374850854257432,0.399949145742568,0.8547,0.847792900210247,0.861607099789753,0.9495,0.945897872541903,0.953102127458097,9495,8547,3874
"SmoothFixed_6_asymp","Exp",677858,10000,100,100,5,0.25,0,0.0027,0.00136327937126114,0.00403672062873885,0.018,0.0153941580707955,0.0206058419292045,0.0486,0.0450627511793627,0.0521372488206373,486,180,27
"SmoothFixed_6_asymp","Exp",70960336,10000,100,100,5,0.12,0,0.1245,0.115995307618403,0.133004692381597,0.346,0.336676413702872,0.355323586297128,0.4967,0.488475179142451,0.504924820857549,4967,3460,1245
"SmoothFixed_6_asymp","Exp",24167216,10000,100,100,0,1.5,1,0.0095,0.00700118041435561,0.0119988195856444,0.0518,0.0474561889403889,0.0561438110596111,0.1027,0.0977063286343838,0.107693671365616,1027,518,95
"SmoothFixed_6_asymp","Exp",276330,10000,100,100,0.5,1.5,0,0.1052,0.0972965498876949,0.113103450112305,0.3192,0.310063133356692,0.328336866643308,0.4758,0.467584639426544,0.484015360573456,4758,3192,1052
"SmoothFixed_6_asymp","Exp",118099718,10000,100,100,1,1.5,0,0.0059,0.00392718254677631,0.00787281745322369,0.0605,0.0558271466575549,0.0651728533424451,0.138,0.132326395238475,0.143673604761525,1380,605,59
"SmoothFixed_6_asymp","Exp",45514,10000,100,100,1.5,1.5,0,0.235,0.224077790377401,0.245922209622599,0.7002,0.69121986348469,0.70918013651531,0.86,0.854292063332517,0.865707936667483,8600,7002,2350
"SmoothFixed_6_asymp","Exp",4038936,10000,100,100,2,1.5,0,0.6481,0.635797977901302,0.660402022098698,0.9717,0.968449760301516,0.974950239698484,0.9942,0.99295084371198,0.99544915628802,9942,9717,6481
"SmoothFixed_6_asymp","Exp",12929736,10000,100,100,2.5,1.5,0,0.8752,0.866686526160439,0.883713473839561,0.9982,0.997369191164226,0.999030808835774,1,1,1,10000,9982,8752
"SmoothFixed_6_asymp","Exp",122301,10000,100,100,5,1.5,0,0.9989,0.998046107482698,0.999753892517302,1,1,1,1,1,1,10000,10000,9989
"SmoothFixed_6_asymp","Exp",5350938,10000,10,100,0,1,1,0.2563,0.245053456884666,0.267546543115333,0.3884,0.378847227824846,0.397952772175154,0.4689,0.460690926023237,0.477109073976763,4689,3884,2563
"SmoothFixed_6_asymp","Exp",101612239,10000,10,100,0,0.5,1,0.2498,0.238648568894671,0.260951431105329,0.3847,0.375164123407594,0.394235876592406,0.4692,0.460990619959802,0.477409380040198,4692,3847,2498
"SmoothFixed_6_asymp","Exp",1021689,10000,10,100,0,0.25,1,0.2586,0.247320589311462,0.269879410688538,0.3877,0.378150379754482,0.397249620245518,0.4678,0.459592073739129,0.476007926260871,4678,3877,2586
"SmoothFixed_6_asymp","Exp",981613,10000,10,100,0,0.125,1,0.2571,0.245841978436102,0.268358021563898,0.3897,0.380141429245666,0.399258570754334,0.4682,0.459991651753982,0.476408348246018,4682,3897,2571
"SmoothFixed_6_asymp","Exp",17092,10000,10,100,0.5,1,0,0.8631,0.854245212545969,0.871954787454031,0.9175,0.912107550556565,0.922892449443435,0.9392,0.935269057113821,0.943130942886179,9392,9175,8631
"SmoothFixed_6_asymp","Exp",17427,10000,10,100,0.5,0.5,0,0.6636,0.651428978182621,0.675771021817378,0.7544,0.74596332940892,0.76283667059108,0.7981,0.791496674324632,0.804703325675368,7981,7544,6636
"SmoothFixed_6_asymp","Exp",69071,10000,10,100,0.5,0.25,0,0.4631,0.450255122962673,0.475944877037328,0.5822,0.572533341200518,0.591866658799482,0.6502,0.64235488548357,0.65804511451643,6502,5822,4631
"SmoothFixed_6_asymp","Exp",13412253,10000,10,100,0.5,0.125,0,0.3565,0.344161854103375,0.368838145896625,0.4892,0.479402286410718,0.498997713589282,0.5649,0.556744581889077,0.573055418110923,5649,4892,3565
"SmoothFixed_6_asymp","Exp",307882632,10000,10,100,1,1,0,0.9649,0.960159320774296,0.969640679225704,0.9855,0.983157021050031,0.98784297894997,0.9896,0.987931168782171,0.991268831217829,9896,9855,9649
"SmoothFixed_6_asymp","Exp",157166959,10000,10,100,1,0.5,0,0.8609,0.851985730133245,0.869814269866755,0.9163,0.910872027438389,0.921727972561611,0.9362,0.932179680577379,0.940220319422621,9362,9163,8609
"SmoothFixed_6_asymp","Exp",237058254,10000,10,100,1,0.25,0,0.6575,0.645275699277259,0.669724300722741,0.7543,0.745862171317122,0.762737828682878,0.7999,0.793318766571229,0.806481233428771,7999,7543,6575
"SmoothFixed_6_asymp","Exp",33269237,10000,10,100,1,0.125,0,0.4675,0.454647237800379,0.480352762199621,0.5872,0.577550186073006,0.596849813926994,0.6478,0.639942560424419,0.655657439575581,6478,5872,4675
"SmoothFixed_6_asymp","Exp",322002,10000,10,100,1.5,1,0,0.9771,0.973246697479981,0.980953302520019,0.99,0.988049824623271,0.991950175376729,0.9939,0.992619138519989,0.995180861480011,9939,9900,9771
"SmoothFixed_6_asymp","Exp",4376216,10000,10,100,1.5,0.5,0,0.9368,0.930532016582107,0.943067983417893,0.9658,0.962237845722375,0.969362154277625,0.9757,0.973167046648717,0.978232953351283,9757,9658,9368
"SmoothFixed_6_asymp","Exp",4459439,10000,10,100,1.5,0.25,0,0.777,0.766277185335482,0.787722814664518,0.8496,0.842593724003838,0.856606275996162,0.8814,0.876081431343012,0.886718568656988,8814,8496,7770
"SmoothFixed_6_asymp","Exp",1736062,10000,10,100,1.5,0.125,0,0.5655,0.55273099509744,0.57826900490256,0.6739,0.664711826255104,0.683088173744896,0.7254,0.718058159516096,0.732741840483905,7254,6739,5655
"SmoothFixed_6_asymp","Exp",166635,10000,10,100,2,1,0,0.9821,0.978684531929415,0.985515468070585,0.9921,0.990364808778722,0.993835191221278,0.9938,0.992508747298202,0.995091252701798,9938,9921,9821
"SmoothFixed_6_asymp","Exp",2451426,10000,10,100,2,0.5,0,0.9612,0.956225280448321,0.966174719551679,0.985,0.982617571826896,0.987382428173104,0.9902,0.988579532216951,0.991820467783049,9902,9850,9612
"SmoothFixed_6_asymp","Exp",99725435,10000,10,100,2,0.25,0,0.8673,0.858560914400002,0.876039085599998,0.9205,0.915197855833722,0.925802144166278,0.9423,0.938464266686437,0.946135733313563,9423,9205,8673
"SmoothFixed_6_asymp","Exp",44346,10000,10,100,2,0.125,0,0.6578,0.64557826688416,0.67002173311584,0.7543,0.745862171317122,0.762737828682878,0.7979,0.791294232384274,0.804505767615726,7979,7543,6578
"SmoothFixed_6_asymp","Exp",177595043,10000,10,100,2.5,1,0,0.989,0.986313169020872,0.991686830979128,0.9951,0.993731365527834,0.996468634472166,0.9959,0.994848847574338,0.996951152425662,9959,9951,9890
"SmoothFixed_6_asymp","Exp",689286,10000,10,100,2.5,0.5,0,0.9706,0.966248493191357,0.974951506808643,0.9875,0.985322392367758,0.989677607632242,0.9926,0.991190163021091,0.994009836978909,9926,9875,9706
"SmoothFixed_6_asymp","Exp",345893818,10000,10,100,2.5,0.25,0,0.9103,0.902939041799574,0.917660958200426,0.9495,0.945208103454182,0.953791896545818,0.9629,0.95979083728908,0.96600916271092,9629,9495,9103
"SmoothFixed_6_asymp","Exp",30078,10000,10,100,2.5,0.125,0,0.7303,0.718867611293819,0.741732388706181,0.8089,0.801193914334346,0.816606085665654,0.8465,0.840570288371736,0.852429711628265,8465,8089,7303
"SmoothFixed_6_asymp","Exp",207588357,10000,10,100,5,1,0,0.9991,0.998327547838281,0.999872452161719,0.9996,0.999208078407842,0.999991921592158,0.9996,0.999271065806581,0.999928934193419,9996,9996,9991
"SmoothFixed_6_asymp","Exp",36175,10000,10,100,5,0.5,0,0.9885,0.985753477787747,0.991246522212253,0.9957,0.994417508330787,0.996982491669213,0.9964,0.995414778201825,0.997385221798175,9964,9957,9885
"SmoothFixed_6_asymp","Exp",26291660,10000,10,100,5,0.25,0,0.9743,0.970223769148959,0.978376230851041,0.9896,0.987611605357481,0.991588394642519,0.9942,0.99295084371198,0.99544915628802,9942,9896,9743
"SmoothFixed_6_asymp","Exp",32330845,10000,10,100,5,0.12,0,0.8988,0.891030954824159,0.906569045175841,0.9397,0.935034380248499,0.944365619751501,0.9534,0.949932659962579,0.956867340037421,9534,9397,8988
"SmoothFixed_6_asymp","Exp",12983612,10000,10,100,0,1.5,1,0.2536,0.24239256319606,0.26480743680394,0.3858,0.376259039693113,0.395340960306887,0.468,0.459791862084492,0.476208137915508,4680,3858,2536
"SmoothFixed_6_asymp","Exp",2037400,10000,10,100,0.5,1.5,0,0.9364,0.930113555018048,0.942686444981952,0.9688,0.96539238568943,0.97220761431057,0.9791,0.976746833968464,0.981453166031536,9791,9688,9364
"SmoothFixed_6_asymp","Exp",27804,10000,10,100,1,1.5,0,0.9778,0.974004689059429,0.981595310940571,0.9918,0.99003243639956,0.99356756360044,0.9948,0.993616861838837,0.995983138161163,9948,9918,9778
"SmoothFixed_6_asymp","Exp",196479,10000,10,100,1.5,1.5,0,0.9862,0.983194837914212,0.989205162085788,0.9948,0.993390303467551,0.99620969653245,0.9959,0.994848847574338,0.996951152425662,9959,9948,9862
"SmoothFixed_6_asymp","Exp",149752765,10000,10,100,2,1.5,0,0.9911,0.988680644991262,0.993519355008738,0.9961,0.994878369562265,0.997321630437735,0.9966,0.995642440427388,0.997557559572612,9966,9961,9911
"SmoothFixed_6_asymp","Exp",4300706,10000,10,100,2.5,1.5,0,0.9951,0.993301223265154,0.996898776734846,0.9977,0.996761098624136,0.998638901375864,0.9978,0.997029275805557,0.998570724194443,9978,9977,9951
"SmoothFixed_6_asymp","Exp",114920,10000,10,100,5,1.5,0,1,1,1,1,1,1,1,1,1,10000,10000,10000
